10 100 100 100 
10 100 200 100 
10 100 300 100 
10 100 400 100 
10 100 500 100 
10 100 600 100 
10 100 700 100 
10 100 800 100 
10 100 900 100 
10 100 1000 100 
10 200 100 100 
10 200 200 100 
10 200 300 100 
10 200 400 100 
10 200 500 100 
10 200 600 100 
10 200 700 100 
10 200 800 100 
10 200 900 100 
10 200 1000 100 
10 300 100 100 
10 300 200 100 
10 300 300 100 
10 300 400 100 
10 300 500 100 
10 300 600 100 
10 300 700 100 
10 300 800 100 
10 300 900 100 
10 300 1000 100 
10 400 100 100 
10 400 200 100 
10 400 300 100 
10 400 400 100 
10 400 500 100 
10 400 600 100 
10 400 700 100 
10 400 800 100 
10 400 900 100 
10 400 1000 100 
10 500 100 100 
10 500 200 100 
10 500 300 100 
10 500 400 100 
10 500 500 100 
10 500 600 100 
10 500 700 100 
10 500 800 100 
10 500 900 100 
10 500 1000 100 
10 600 100 100 
10 600 200 100 
10 600 300 100 
10 600 400 100 
10 600 500 100 
10 600 600 100 
10 600 700 100 
10 600 800 100 
10 600 900 100 
10 600 1000 100 
10 700 100 100 
10 700 200 100 
10 700 300 100 
10 700 400 100 
10 700 500 100 
10 700 600 100 
10 700 700 100 
10 700 800 100 
10 700 900 100 
10 700 1000 100 
10 800 100 100 
10 800 200 100 
10 800 300 100 
10 800 400 100 
10 800 500 100 
10 800 600 100 
10 800 700 100 
10 800 800 100 
10 800 900 100 
10 800 1000 100 
10 900 100 100 
10 900 200 100 
10 900 300 100 
10 900 400 100 
10 900 500 100 
10 900 600 100 
10 900 700 100 
10 900 800 100 
10 900 900 100 
10 900 1000 100 
10 1000 100 100 
10 1000 200 100 
10 1000 300 100 
10 1000 400 100 
10 1000 500 100 
10 1000 600 100 
10 1000 700 100 
10 1000 800 100 
10 1000 900 100 
10 1000 1000 100 
9.79582 100 100 200 
9.3904 100 200 200 
9.05597 100 300 200 
9.22568 100 400 200 
8.90759 100 500 200 
8.98407 100 600 200 
8.77758 100 700 200 
9.24376 100 800 200 
9.55094 100 900 200 
9.95337 100 1000 200 
9.91912 200 100 200 
9.90236 200 200 200 
9.54571 200 300 200 
9.61477 200 400 200 
8.87092 200 500 200 
8.81903 200 600 200 
9.0479 200 700 200 
9.36426 200 800 200 
9.49125 200 900 200 
9.63275 200 1000 200 
9.37093 300 100 200 
9.92458 300 200 200 
9.83606 300 300 200 
9.35166 300 400 200 
9.02558 300 500 200 
8.93881 300 600 200 
9.52372 300 700 200 
9.60228 300 800 200 
9.89856 300 900 200 
9.91265 300 1000 200 
9.01 400 100 200 
9.33612 400 200 200 
9.55525 400 300 200 
9.50673 400 400 200 
9.38236 400 500 200 
9.57039 400 600 200 
9.89867 400 700 200 
9.71294 400 800 200 
9.73261 400 900 200 
9.92803 400 1000 200 
8.89605 500 100 200 
9.63732 500 200 200 
9.04584 500 300 200 
8.83059 500 400 200 
9.29825 500 500 200 
9.26791 500 600 200 
9.64496 500 700 200 
9.62348 500 800 200 
9.70339 500 900 200 
9.93019 500 1000 200 
9.65826 600 100 200 
9.67045 600 200 200 
9.06205 600 300 200 
8.88367 600 400 200 
9.42934 600 500 200 
9.01086 600 600 200 
9.23948 600 700 200 
9.4097 600 800 200 
9.52449 600 900 200 
9.95701 600 1000 200 
8.92845 700 100 200 
9.80274 700 200 200 
9.77755 700 300 200 
9.08344 700 400 200 
9.11832 700 500 200 
9.51773 700 600 200 
9.5372 700 700 200 
9.52275 700 800 200 
9.55891 700 900 200 
9.99062 700 1000 200 
8.02587 800 100 200 
8.93787 800 200 200 
9.61608 800 300 200 
9.24865 800 400 200 
9.44292 800 500 200 
9.5014 800 600 200 
9.58101 800 700 200 
9.66704 800 800 200 
9.66554 800 900 200 
9.98883 800 1000 200 
8.43243 900 100 200 
8.42564 900 200 200 
9.06918 900 300 200 
9.16917 900 400 200 
9.18801 900 500 200 
9.27493 900 600 200 
9.67421 900 700 200 
9.90472 900 800 200 
9.9146 900 900 200 
9.993 900 1000 200 
8.54436 1000 100 200 
8.61946 1000 200 200 
9.05727 1000 300 200 
9.26361 1000 400 200 
9.0671 1000 500 200 
8.95653 1000 600 200 
9.27627 1000 700 200 
9.67649 1000 800 200 
9.40962 1000 900 200 
9.9443 1000 1000 200 
8.55185 100 100 300 
8.8948 100 200 300 
8.91553 100 300 300 
8.40626 100 400 300 
8.25989 100 500 300 
8.46462 100 600 300 
8.46549 100 700 300 
8.46627 100 800 300 
8.75414 100 900 300 
9.07292 100 1000 300 
8.46109 200 100 300 
8.57831 200 200 300 
8.90771 200 300 300 
8.64599 200 400 300 
8.36914 200 500 300 
8.62069 200 600 300 
8.53087 200 700 300 
8.7486 200 800 300 
8.79392 200 900 300 
8.6413 200 1000 300 
7.99915 300 100 300 
8.51581 300 200 300 
8.44687 300 300 300 
7.96812 300 400 300 
8.12783 300 500 300 
8.7375 300 600 300 
9.03612 300 700 300 
9.14573 300 800 300 
9.31211 300 900 300 
9.09203 300 1000 300 
7.77396 400 100 300 
7.29422 400 200 300 
8.05746 400 300 300 
7.95636 400 400 300 
8.70172 400 500 300 
9.63269 400 600 300 
9.65653 400 700 300 
9.4652 400 800 300 
9.20579 400 900 300 
9.4671 400 1000 300 
7.26757 500 100 300 
7.86344 500 200 300 
7.40021 500 300 300 
6.73091 500 400 300 
7.59488 500 500 300 
8.28628 500 600 300 
8.62901 500 700 300 
9.08424 500 800 300 
9.02724 500 900 300 
9.36101 500 1000 300 
7.9973 600 100 300 
8.0731 600 200 300 
7.27147 600 300 300 
6.98675 600 400 300 
7.57133 600 500 300 
7.44134 600 600 300 
8.41867 600 700 300 
8.67877 600 800 300 
8.60272 600 900 300 
8.88834 600 1000 300 
6.8796 700 100 300 
7.79125 700 200 300 
7.97701 700 300 300 
7.03745 700 400 300 
7.30523 700 500 300 
8.16562 700 600 300 
8.49863 700 700 300 
8.68036 700 800 300 
8.55323 700 900 300 
9.17657 700 1000 300 
7.06475 800 100 300 
7.54337 800 200 300 
8.50284 800 300 300 
8.02294 800 400 300 
8.43585 800 500 300 
9.46638 800 600 300 
9.46303 800 700 300 
9.04895 800 800 300 
8.8424 800 900 300 
9.94333 800 1000 300 
7.39103 900 100 300 
8.02098 900 200 300 
8.08984 900 300 300 
8.0844 900 400 300 
8.46186 900 500 300 
8.87633 900 600 300 
9.56217 900 700 300 
9.84322 900 800 300 
8.74251 900 900 300 
9.02968 900 1000 300 
7.07142 1000 100 300 
7.05937 1000 200 300 
7.50994 1000 300 300 
7.9196 1000 400 300 
8.43555 1000 500 300 
8.5021 1000 600 300 
8.72142 1000 700 300 
8.64206 1000 800 300 
7.70663 1000 900 300 
8.48221 1000 1000 300 
7.15758 100 100 400 
7.20227 100 200 400 
7.49492 100 300 400 
7.89056 100 400 400 
7.8696 100 500 400 
8.05391 100 600 400 
8.09894 100 700 400 
8.06928 100 800 400 
8.0419 100 900 400 
8.26712 100 1000 400 
7.20307 200 100 400 
7.2045 200 200 400 
7.17676 200 300 400 
7.37597 200 400 400 
7.76491 200 500 400 
7.96109 200 600 400 
8.15157 200 700 400 
7.97259 200 800 400 
8.00818 200 900 400 
8.00241 200 1000 400 
7.40596 300 100 400 
7.05118 300 200 400 
6.98419 300 300 400 
7.20347 300 400 400 
7.42187 300 500 400 
7.7612 300 600 400 
8.24132 300 700 400 
8.57417 300 800 400 
8.35971 300 900 400 
7.69128 300 1000 400 
6.89263 400 100 400 
6.28963 400 200 400 
6.77622 400 300 400 
6.74309 400 400 400 
7.22699 400 500 400 
8.29208 400 600 400 
8.08956 400 700 400 
8.92231 400 800 400 
8.86917 400 900 400 
8.35279 400 1000 400 
7.2129 500 100 400 
6.72575 500 200 400 
6.56102 500 300 400 
6.24146 500 400 400 
6.30286 500 500 400 
6.58916 500 600 400 
6.50377 500 700 400 
8.35765 500 800 400 
8.79577 500 900 400 
7.21676 500 1000 400 
7.03645 600 100 400 
6.81722 600 200 400 
6.77253 600 300 400 
6.3632 600 400 400 
6.41061 600 500 400 
6.67758 600 600 400 
6.81332 600 700 400 
8.62974 600 800 400 
7.33152 600 900 400 
6.18311 600 1000 400 
6.81325 700 100 400 
6.77809 700 200 400 
6.51722 700 300 400 
6.40779 700 400 400 
6.53912 700 500 400 
6.44878 700 600 400 
5.68757 700 700 400 
7.11032 700 800 400 
8.03251 700 900 400 
7.22666 700 1000 400 
6.89593 800 100 400 
6.88931 800 200 400 
6.88176 800 300 400 
6.69718 800 400 400 
6.9092 800 500 400 
7.92787 800 600 400 
7.35397 800 700 400 
6.93425 800 800 400 
7.73094 800 900 400 
7.21327 800 1000 400 
6.95612 900 100 400 
6.78184 900 200 400 
6.42434 900 300 400 
6.60688 900 400 400 
7.10965 900 500 400 
8.07496 900 600 400 
8.0409 900 700 400 
8.28784 900 800 400 
7.65827 900 900 400 
6.31515 900 1000 400 
6.65049 1000 100 400 
6.38038 1000 200 400 
6.3485 1000 300 400 
6.64161 1000 400 400 
7.98777 1000 500 400 
8.08725 1000 600 400 
7.843 1000 700 400 
7.64801 1000 800 400 
7.65893 1000 900 400 
6.09602 1000 1000 400 
6.6265 100 100 500 
5.83941 100 200 500 
5.77592 100 300 500 
6.59301 100 400 500 
6.48181 100 500 500 
6.2372 100 600 500 
7.61441 100 700 500 
7.49149 100 800 500 
7.20351 100 900 500 
6.06351 100 1000 500 
7.18469 200 100 500 
6.15356 200 200 500 
5.39829 200 300 500 
5.56775 200 400 500 
7.30519 200 500 500 
6.57991 200 600 500 
6.83819 200 700 500 
7.35889 200 800 500 
7.21308 200 900 500 
6.26881 200 1000 500 
7.04721 300 100 500 
6.04808 300 200 500 
5.91692 300 300 500 
5.78586 300 400 500 
6.85731 300 500 500 
6.10764 300 600 500 
6.60024 300 700 500 
7.86857 300 800 500 
7.30289 300 900 500 
7.00782 300 1000 500 
6.46235 400 100 500 
6.09295 400 200 500 
6.15578 400 300 500 
5.8939 400 400 500 
5.83035 400 500 500 
5.94419 400 600 500 
6.47198 400 700 500 
8.56577 400 800 500 
8.73458 400 900 500 
5.59956 400 1000 500 
6.80943 500 100 500 
6.31608 500 200 500 
6.26884 500 300 500 
6.22388 500 400 500 
6.07549 500 500 500 
5.18455 500 600 500 
5.00111 500 700 500 
6.39849 500 800 500 
5.78003 500 900 500 
3.38031 500 1000 500 
6.39988 600 100 500 
6.3688 600 200 500 
6.23438 600 300 500 
5.68549 600 400 500 
5.76512 600 500 500 
5.46732 600 600 500 
4.59196 600 700 500 
5.34514 600 800 500 
3.63932 600 900 500 
3.47501 600 1000 500 
6.39075 700 100 500 
6.51556 700 200 500 
6.30162 700 300 500 
6.11388 700 400 500 
5.69895 700 500 500 
5.29518 700 600 500 
4.77211 700 700 500 
4.73129 700 800 500 
4.89722 700 900 500 
4.26117 700 1000 500 
6.35506 800 100 500 
6.26331 800 200 500 
6.0588 800 300 500 
5.84593 800 400 500 
5.76056 800 500 500 
5.85854 800 600 500 
4.80039 800 700 500 
4.63698 800 800 500 
5.12686 800 900 500 
3.74559 800 1000 500 
6.22675 900 100 500 
5.88894 900 200 500 
5.8083 900 300 500 
5.91084 900 400 500 
5.76223 900 500 500 
6.73422 900 600 500 
6.03011 900 700 500 
5.99899 900 800 500 
5.72315 900 900 500 
3.40563 900 1000 500 
6.11645 1000 100 500 
6.02756 1000 200 500 
6.09116 1000 300 500 
5.85417 1000 400 500 
6.23057 1000 500 500 
6.93803 1000 600 500 
7.61515 1000 700 500 
7.52945 1000 800 500 
5.52157 1000 900 500 
2.56742 1000 1000 500 
5.53604 100 100 600 
5.7679 100 200 600 
4.55903 100 300 600 
4.30606 100 400 600 
3.71833 100 500 600 
3.67974 100 600 600 
4.5554 100 700 600 
4.94745 100 800 600 
5.0197 100 900 600 
3.10584 100 1000 600 
5.61167 200 100 600 
4.41692 200 200 600 
4.14264 200 300 600 
3.67467 200 400 600 
4.3982 200 500 600 
4.03981 200 600 600 
3.98415 200 700 600 
5.11679 200 800 600 
4.98083 200 900 600 
3.09701 200 1000 600 
4.8617 300 100 600 
4.86141 300 200 600 
4.45646 300 300 600 
3.84022 300 400 600 
4.48334 300 500 600 
4.05808 300 600 600 
4.05324 300 700 600 
5.24762 300 800 600 
6.12929 300 900 600 
4.2751 300 1000 600 
5.69359 400 100 600 
5.52663 400 200 600 
4.80796 400 300 600 
4.00749 400 400 600 
3.37389 400 500 600 
3.75674 400 600 600 
4.21949 400 700 600 
5.50894 400 800 600 
5.04494 400 900 600 
1.94421 400 1000 600 
5.49369 500 100 600 
5.68656 500 200 600 
5.04073 500 300 600 
4.76467 500 400 600 
4.4359 500 500 600 
3.8696 500 600 600 
3.87468 500 700 600 
4.12031 500 800 600 
3.46975 500 900 600 
2.56845 500 1000 600 
5.8744 600 100 600 
5.65663 600 200 600 
5.25869 600 300 600 
4.46021 600 400 600 
4.63198 600 500 600 
4.33006 600 600 600 
4.09804 600 700 600 
4.05311 600 800 600 
3.56262 600 900 600 
3.20876 600 1000 600 
5.93725 700 100 600 
5.95255 700 200 600 
6.25556 700 300 600 
5.36091 700 400 600 
4.89019 700 500 600 
4.80846 700 600 600 
4.59715 700 700 600 
3.82704 700 800 600 
3.59088 700 900 600 
2.88929 700 1000 600 
5.82997 800 100 600 
5.86844 800 200 600 
5.80926 800 300 600 
5.54534 800 400 600 
5.16213 800 500 600 
4.68526 800 600 600 
4.36681 800 700 600 
4.30474 800 800 600 
3.80937 800 900 600 
3.01169 800 1000 600 
5.64796 900 100 600 
5.71974 900 200 600 
5.70327 900 300 600 
5.56618 900 400 600 
5.75462 900 500 600 
5.21907 900 600 600 
4.20527 900 700 600 
4.31029 900 800 600 
3.92142 900 900 600 
2.59636 900 1000 600 
5.55017 1000 100 600 
5.4803 1000 200 600 
5.56459 1000 300 600 
5.52876 1000 400 600 
5.35179 1000 500 600 
4.80984 1000 600 600 
5.19134 1000 700 600 
5.67924 1000 800 600 
3.26598 1000 900 600 
1.65895 1000 1000 600 
3.30093 100 100 700 
3.47659 100 200 700 
3.17306 100 300 700 
3.36367 100 400 700 
3.46592 100 500 700 
3.44429 100 600 700 
3.22749 100 700 700 
3.24191 100 800 700 
3.13842 100 900 700 
2.62929 100 1000 700 
3.06235 200 100 700 
2.82191 200 200 700 
3.15536 200 300 700 
3.51034 200 400 700 
3.47603 200 500 700 
3.36883 200 600 700 
3.24735 200 700 700 
3.25263 200 800 700 
3.17846 200 900 700 
2.97263 200 1000 700 
2.53828 300 100 700 
3.25592 300 200 700 
3.30912 300 300 700 
3.62554 300 400 700 
3.10511 300 500 700 
3.19012 300 600 700 
3.22428 300 700 700 
3.22126 300 800 700 
3.5535 300 900 700 
2.55244 300 1000 700 
3.47493 400 100 700 
4.05723 400 200 700 
3.66557 400 300 700 
3.08701 400 400 700 
2.14407 400 500 700 
2.76548 400 600 700 
3.01847 400 700 700 
3.17419 400 800 700 
2.86961 400 900 700 
1.89325 400 1000 700 
3.26281 500 100 700 
3.65264 500 200 700 
3.1926 500 300 700 
3.18138 500 400 700 
3.18696 500 500 700 
3.68842 500 600 700 
3.73199 500 700 700 
3.68311 500 800 700 
2.68184 500 900 700 
1.93425 500 1000 700 
4.2549 600 100 700 
4.10397 600 200 700 
3.6807 600 300 700 
4.17639 600 400 700 
4.05511 600 500 700 
3.87706 600 600 700 
3.79812 600 700 700 
2.9659 600 800 700 
2.47916 600 900 700 
2.16126 600 1000 700 
4.34242 700 100 700 
5.05513 700 200 700 
4.49435 700 300 700 
4.11445 700 400 700 
4.0187 700 500 700 
4.13005 700 600 700 
3.25399 700 700 700 
1.66117 700 800 700 
2.23529 700 900 700 
2.12414 700 1000 700 
5.20227 800 100 700 
4.72707 800 200 700 
4.62568 800 300 700 
4.24777 800 400 700 
4.02349 800 500 700 
3.89015 800 600 700 
3.53206 800 700 700 
2.85136 800 800 700 
2.57563 800 900 700 
2.04323 800 1000 700 
5.42914 900 100 700 
5.3096 900 200 700 
5.25716 900 300 700 
4.41909 900 400 700 
4.33233 900 500 700 
3.97857 900 600 700 
3.86335 900 700 700 
3.55462 900 800 700 
2.64506 900 900 700 
1.94641 900 1000 700 
5.37824 1000 100 700 
5.16495 1000 200 700 
4.81917 1000 300 700 
4.30278 1000 400 700 
3.98183 1000 500 700 
3.59254 1000 600 700 
3.64814 1000 700 700 
3.73558 1000 800 700 
2.12709 1000 900 700 
1.60318 1000 1000 700 
2.26021 100 100 800 
2.6767 100 200 800 
2.77 100 300 800 
3.22466 100 400 800 
3.34187 100 500 800 
2.95503 100 600 800 
3.19171 100 700 800 
2.65057 100 800 800 
1.84142 100 900 800 
1.62697 100 1000 800 
2.62941 200 100 800 
2.72681 200 200 800 
2.78259 200 300 800 
2.92894 200 400 800 
2.77963 200 500 800 
2.85819 200 600 800 
3.15293 200 700 800 
2.75401 200 800 800 
2.18365 200 900 800 
2.39158 200 1000 800 
2.39956 300 100 800 
2.6327 300 200 800 
2.57403 300 300 800 
2.55815 300 400 800 
2.0631 300 500 800 
2.16859 300 600 800 
2.50551 300 700 800 
2.58493 300 800 800 
2.11431 300 900 800 
1.83658 300 1000 800 
2.5914 400 100 800 
2.83532 400 200 800 
2.7774 400 300 800 
2.34832 400 400 800 
2.10675 400 500 800 
2.15822 400 600 800 
2.24169 400 700 800 
2.25148 400 800 800 
1.91627 400 900 800 
1.72973 400 1000 800 
2.58377 500 100 800 
2.5532 500 200 800 
2.39065 500 300 800 
1.97653 500 400 800 
2.01446 500 500 800 
2.30119 500 600 800 
2.81955 500 700 800 
2.22397 500 800 800 
1.51922 500 900 800 
1.44823 500 1000 800 
2.30988 600 100 800 
2.45152 600 200 800 
2.59021 600 300 800 
2.47384 600 400 800 
2.83425 600 500 800 
2.65105 600 600 800 
3.23282 600 700 800 
1.82934 600 800 800 
1.43836 600 900 800 
1.24361 600 1000 800 
1.51087 700 100 800 
2.6269 700 200 800 
2.72114 700 300 800 
2.79748 700 400 800 
3.64773 700 500 800 
2.64629 700 600 800 
2.08697 700 700 800 
1.53824 700 800 800 
1.53748 700 900 800 
1.60854 700 1000 800 
2.76054 800 100 800 
2.98801 800 200 800 
3.1185 800 300 800 
3.30541 800 400 800 
3.3672 800 500 800 
2.91554 800 600 800 
2.66051 800 700 800 
2.26283 800 800 800 
1.68346 800 900 800 
1.62406 800 1000 800 
4.89706 900 100 800 
3.87698 900 200 800 
3.92801 900 300 800 
3.33428 900 400 800 
3.30341 900 500 800 
3.23993 900 600 800 
3.50442 900 700 800 
3.24524 900 800 800 
2.1238 900 900 800 
1.61565 900 1000 800 
3.36531 1000 100 800 
3.19339 1000 200 800 
3.52337 1000 300 800 
3.40392 1000 400 800 
3.39194 1000 500 800 
3.44357 1000 600 800 
3.46238 1000 700 800 
3.36101 1000 800 800 
2.13349 1000 900 800 
1.57831 1000 1000 800 
1.3611 100 100 900 
1.84518 100 200 900 
1.84011 100 300 900 
2.49518 100 400 900 
2.08211 100 500 900 
1.98851 100 600 900 
2.20061 100 700 900 
1.30149 100 800 900 
1.28057 100 900 900 
1.34107 100 1000 900 
1.90922 200 100 900 
2.11903 200 200 900 
2.01945 200 300 900 
1.99418 200 400 900 
1.96071 200 500 900 
2.08664 200 600 900 
2.62941 200 700 900 
1.77529 200 800 900 
1.31435 200 900 900 
1.398 200 1000 900 
1.48503 300 100 900 
1.99866 300 200 900 
2.51779 300 300 900 
2.00834 300 400 900 
1.9386 300 500 900 
1.77587 300 600 900 
1.94309 300 700 900 
2.06075 300 800 900 
1.47315 300 900 900 
1.05054 300 1000 900 
1.85833 400 100 900 
2.07324 400 200 900 
2.51315 400 300 900 
1.9124 400 400 900 
1.98313 400 500 900 
1.71213 400 600 900 
1.94917 400 700 900 
1.64377 400 800 900 
1.37685 400 900 900 
1.28903 400 1000 900 
2.03816 500 100 900 
1.86843 500 200 900 
1.8658 500 300 900 
1.49894 500 400 900 
1.69101 500 500 900 
1.22784 500 600 900 
1.55772 500 700 900 
1.21433 500 800 900 
1.23011 500 900 900 
1.24154 500 1000 900 
1.7055 600 100 900 
1.47947 600 200 900 
1.67165 600 300 900 
1.11777 600 400 900 
1.37109 600 500 900 
1.11651 600 600 900 
1.57912 600 700 900 
1.39036 600 800 900 
1.28293 600 900 900 
1.16957 600 1000 900 
1.38328 700 100 900 
1.44251 700 200 900 
1.87109 700 300 900 
1.17997 700 400 900 
1.64998 700 500 900 
1.1744 700 600 900 
1.3034 700 700 900 
1.48259 700 800 900 
1.42342 700 900 900 
1.24655 700 1000 900 
1.07021 800 100 900 
1.75484 800 200 900 
2.4128 800 300 900 
2.47259 800 400 900 
2.28291 800 500 900 
1.91101 800 600 900 
1.70791 800 700 900 
1.72761 800 800 900 
1.69564 800 900 900 
1.45574 800 1000 900 
1.72884 900 100 900 
1.9474 900 200 900 
2.5992 900 300 900 
3.2486 900 400 900 
3.24176 900 500 900 
2.83293 900 600 900 
2.18259 900 700 900 
2.42695 900 800 900 
1.70283 900 900 900 
1.47104 900 1000 900 
1.0102 1000 100 900 
1.02782 1000 200 900 
1.84318 1000 300 900 
2.58062 1000 400 900 
3.09959 1000 500 900 
2.88937 1000 600 900 
2.79664 1000 700 900 
2.29796 1000 800 900 
1.58053 1000 900 900 
1.51367 1000 1000 900 
1 100 100 1000 
1 100 200 1000 
1 100 300 1000 
1 100 400 1000 
1 100 500 1000 
1 100 600 1000 
1 100 700 1000 
1 100 800 1000 
1 100 900 1000 
1 100 1000 1000 
1 200 100 1000 
1 200 200 1000 
1 200 300 1000 
1 200 400 1000 
1 200 500 1000 
1 200 600 1000 
1 200 700 1000 
1 200 800 1000 
1 200 900 1000 
1 200 1000 1000 
1 300 100 1000 
1 300 200 1000 
1 300 300 1000 
1 300 400 1000 
1 300 500 1000 
1 300 600 1000 
1 300 700 1000 
1 300 800 1000 
1 300 900 1000 
1 300 1000 1000 
1 400 100 1000 
1 400 200 1000 
1 400 300 1000 
1 400 400 1000 
1 400 500 1000 
1 400 600 1000 
1 400 700 1000 
1 400 800 1000 
1 400 900 1000 
1 400 1000 1000 
1 500 100 1000 
1 500 200 1000 
1 500 300 1000 
1 500 400 1000 
1 500 500 1000 
1 500 600 1000 
1 500 700 1000 
1 500 800 1000 
1 500 900 1000 
1 500 1000 1000 
1 600 100 1000 
1 600 200 1000 
1 600 300 1000 
1 600 400 1000 
1 600 500 1000 
1 600 600 1000 
1 600 700 1000 
1 600 800 1000 
1 600 900 1000 
1 600 1000 1000 
1 700 100 1000 
1 700 200 1000 
1 700 300 1000 
1 700 400 1000 
1 700 500 1000 
1 700 600 1000 
1 700 700 1000 
1 700 800 1000 
1 700 900 1000 
1 700 1000 1000 
1 800 100 1000 
1 800 200 1000 
1 800 300 1000 
1 800 400 1000 
1 800 500 1000 
1 800 600 1000 
1 800 700 1000 
1 800 800 1000 
1 800 900 1000 
1 800 1000 1000 
1 900 100 1000 
1 900 200 1000 
1 900 300 1000 
1 900 400 1000 
1 900 500 1000 
1 900 600 1000 
1 900 700 1000 
1 900 800 1000 
1 900 900 1000 
1 900 1000 1000 
1 1000 100 1000 
1 1000 200 1000 
1 1000 300 1000 
1 1000 400 1000 
1 1000 500 1000 
1 1000 600 1000 
1 1000 700 1000 
1 1000 800 1000 
1 1000 900 1000 
1 1000 1000 1000 
