2700
9.988889687980826
10.942667205383314
15.357736899008625
15.3477638453872
8.675104403488065
39.8931685048798
30.97182343011461
27.98434907109606
24.763929082050353
15.225939837800022
23.45398513244306
30.875663235903648
25.425075035297205
33.10793776784089
27.95594895492671
25.97139407599046
34.64113645970782
28.708661042129773
13.743177057168536
18.109038706657813
9.345830892231207
15.788497970306
22.43622379634424
11.410183348580478
20.29149753835794
13.765952053910048
11.700515927755202
14.362997965832045
20.86231062931924
16.971105580110716
16.457966132182612
27.832633844363276
22.519050168531262
20.557594161467147
9.665533613334258
8.268164612931995
14.663561353188538
9.76991538588518
22.915577073153163
31.67285652720802
26.199361491581865
16.429486494238255
30.71198057654306
25.280353391567576
18.577137054356474
21.229130460258546
10.782377267403627
8.270640059425286
35.091487601407046
37.89538627762341
18.216873506414224
20.369213227755772
28.48052663650692
9.426428903277753
25.523483803211068
28.724775447279526
11.804859222356745
19.887277214449785
29.159565165651305
36.73211079890015
15.635094219919662
10.281751304861796
25.809080459227474
21.531789384815646
17.754787112884035
15.103016923539357
8.381334821833024
35.15120474043781
14.876940647439152
8.620765084951435
9.490270102869047
20.721826032697212
8.486606638987901
27.339435515483057
26.41569129888819
8.064985294994372
22.589200133439586
13.185336564281332
12.859123809438946
31.692466211453777
9.005288931533443
15.736731206051584
37.16121163401402
9.232189088381835
21.303125215533854
12.195520215323157
11.654044798526359
13.857035760092295
25.184991560926854
15.78114164784353
25.273314063710114
35.07728454885846
34.720393494416676
19.01222317624783
12.165028002770777
22.139549603367385
9.3200946350337
13.966537586277079
13.113679090835923
37.067855473460874
19.76191600716135
15.12212506951398
12.689732238541593
18.81491538308048
18.85627291679144
31.83260376918802
17.92766272108443
38.40436990044297
8.70911298311785
21.30080272784836
15.921055972628386
13.135459735080284
17.605349063600222
39.823690655091106
15.263236628004375
36.28949372834728
18.902172915156093
15.12133932748154
9.017705230427968
9.264340495496954
32.14248674792711
9.968373358315226
12.817694695307647
14.594669692726946
8.989312096720505
11.19231684343871
11.56512545299247
15.99155172264738
10.02754549639688
21.387483196066746
17.05682929632157
24.39307054311727
11.13131282050896
11.890516046751689
16.785261665253337
15.297162247211007
13.58234509472795
10.065636147161872
17.90934211900951
14.650333849477484
14.811962217063435
28.74983763062545
8.733287084279265
10.952026307602988
37.27082623946782
14.06767771818611
8.87272856500124
11.661449292556044
9.05125527992101
38.467874340301044
13.188431815251079
10.515716250491463
9.46045244938639
30.027651700949814
19.732269574949306
34.03081518646492
15.035521772883664
15.864850386128445
18.62769945184833
22.053514330658075
18.459407519269952
12.054863521553637
19.66818318493182
36.60453179640321
19.69947128670953
16.259536768087692
9.020133256844126
39.01583876093758
8.289057151968489
8.095611864934789
13.791576992444664
35.26503347238151
14.028119155472734
34.661412835599364
32.29031552524449
14.133349358148475
19.79014921617146
14.745917728440608
32.40478866319923
24.30624503718093
24.194858943335014
21.368298512804852
21.906469329708983
24.82151032570796
32.48116895191078
12.928046542961184
10.496135293741945
13.760747835610244
28.216628553452157
31.703420181374398
15.495192892350012
19.530689560767602
28.88162007776668
27.42773139169996
27.81907726292659
18.688209306207266
23.150441756950997
9.944657334897636
18.688454653946064
8.209554119395252
16.737876946309925
9.51588744541841
33.01769438414089
30.775206867852965
20.845312486730677
35.47932207823163
9.883753747471934
24.473488339234986
15.688668521426317
25.052010758580252
27.608936988732864
35.87880393995123
36.83997226901397
19.18635143303988
34.86970548013999
15.951050092353784
25.60187449133486
18.831950625081614
32.01623434596781
10.320922654549056
27.121006628525983
31.33563142332717
25.517177585275416
10.467627624337076
22.541304067604624
30.28947945175701
10.659293154778462
38.44079688105334
13.285300155757541
10.560224175357352
22.2907106787135
8.329746433250575
21.06829236976131
16.036612297679387
36.9497447657561
12.892805933809251
17.542125107856208
8.290032187234853
16.19291945618765
22.35167575826964
10.663922243175543
13.945913898732353
26.228998686357002
15.791151605613686
11.992901528810481
10.204536142306855
8.240236824062515
27.73979966060634
16.84845098943936
12.830811080465034
9.250081253549174
25.322470517517523
32.33293163804339
13.672721407121463
16.062155165599783
37.30393365870386
12.66491822328877
15.01635226122677
15.600254278160694
21.004370764391922
14.983122934600372
35.599129092545496
28.061709104506022
12.620746277023684
9.18381708410927
33.85654303899737
26.81414448657705
14.335007230188353
23.332860032796223
10.723688078076192
14.073557049408118
25.086206071803588
19.455468701844495
21.78411130544861
19.405562795020142
15.928116276324964
17.303822546826368
24.292995057607172
39.17797775193945
11.56758790459767
36.18075318913883
13.294763845778498
18.519021652301014
12.99543510326939
37.75903880823103
24.297003247506474
13.51384007065356
30.084774467647975
20.76655337302709
19.338732915911503
16.364667845558138
16.236322389315088
27.837544650167686
11.32381044696482
10.125163974266272
23.182624651751407
13.631125627723138
11.648379088396364
11.226693164784988
9.200043772060225
15.542853046831722
23.42026647209671
29.652230134764135
13.446008983559908
8.801113132407847
11.480659753282344
9.83269184495401
15.406517878976643
8.425265823450014
26.70466549651131
19.994959969554117
27.862468200139997
34.76961728019207
33.36518920968892
12.920380344396497
9.748726320178935
14.624369519384812
32.052886944367266
32.798405380153135
21.65425625282272
14.239796646586058
20.486212731599622
11.943495704111527
9.633075188403007
8.309175644762089
8.440245750649579
34.87468131485694
20.120803872425956
15.148508547718695
29.586548188475003
20.420916502074718
10.052150826707955
24.641893929182487
16.278928445903237
21.752698756420255
37.63360892099768
8.702399040196026
36.120414787013786
10.789140844209857
9.485833685051212
13.633049926754351
28.926011312232763
13.27749184533177
8.699383494670942
26.546993861248698
22.008774083768188
26.52773973746471
26.928756932682727
36.366386106227125
13.649674323515406
30.809012674073053
16.62027463218563
17.615137569683323
8.543984248410375
33.221459527463516
22.30385542933716
15.052399945140404
8.995829512884422
12.152518526698108
14.242923074491854
22.367399739021597
29.27576814946711
14.640784752835733
13.027245959827725
8.692920161227512
32.2033700478001
11.411191966906284
29.51494753697518
24.72739756051976
14.038042321974302
11.544208669431299
9.854442768503453
11.116346460204316
27.865085878328927
38.057282132784806
22.942388761988685
12.033472159347427
28.208910812309107
21.486862683771488
30.45459097821306
18.83015137111699
25.014947156344483
10.869256247531608
10.89662873794579
9.191438205106484
32.41340300629046
18.248573408224576
9.91591746976215
34.14600862535696
17.571155755545632
10.605393480658254
8.90302735854318
9.16859471047799
19.720157908901097
14.592352084119735
30.81133206516359
27.861522779726375
19.582408715902677
14.398837710248609
26.862502226922828
29.528273117126112
17.351085752382172
23.709212869932415
29.571368626483263
14.892603631949004
19.429035067607774
11.34460194739009
16.4044914830578
12.537107712502744
9.857647229773324
29.435365373307704
21.920028644255765
22.24870060655823
33.989004215694486
29.428875957012732
15.540355217271557
12.711682984371642
18.817443106970995
32.72207831956506
37.37347899501341
37.65490902379436
15.502987773225712
20.06125256942459
9.764712660082962
16.423870977572523
27.89331943545864
10.49127663852378
9.945318742284048
13.833555525074107
10.802545304222715
10.605697089833
9.302557267402078
14.96885089015051
10.32658504639698
35.111675185227774
8.288524185406974
8.391481414713148
12.241117812990696
32.47892423544994
31.721918194025832
12.359739137667308
8.748857978002837
26.392506118178275
12.343639284887624
34.76709191923535
15.392395301663132
17.343538671272245
10.802529684484321
29.38320847326345
34.865618964388425
30.400871907897645
27.48666507912722
15.089918387232103
9.05742073497299
8.318935302273625
19.106402868931866
28.997092101453923
10.576559317355562
15.024268898036008
15.942527162536088
23.191658547856964
9.033252892957778
8.714673416394845
10.667419753799207
19.08321821708121
16.057649406969233
37.91780801337363
18.63720969929612
33.44524734033479
10.864200150958302
8.283664566058736
31.31654763133721
16.629209038799694
9.41515536238359
20.1270304748391
20.073703495122864
12.423116954243584
33.13743412786899
30.303993941145176
16.738973195189214
11.77987330188122
12.947718285135425
34.09794896648321
15.428181144728919
20.580932395035443
10.38892004430335
20.897215993943494
38.634706204195766
33.79518519911758
15.17872141693984
12.160312550646434
20.362433930389383
19.86093470335858
27.140209614582165
9.15930477356619
25.152365279472424
39.26295352449853
10.627354372373542
15.74641593113318
17.61349236468411
32.538453057316985
10.084384399619278
8.265683795355994
13.754786588104903
32.77969456746646
11.875099640183107
10.478784718211632
25.334651864298976
8.48965725891686
24.513071321212777
17.07557973048146
16.24488758911533
29.75398410968483
14.925958691610639
17.5879655798664
12.416587762199791
30.026832831225388
29.06139146922611
27.084683682157525
8.661428792796237
16.37955755529751
17.841348533753532
18.364241483869804
38.09291038368755
10.534113713243551
22.231870404820512
26.981306741471187
15.126517153263615
12.280097710917909
8.942730459164089
26.51079340740523
13.662901308785944
16.0691762369964
13.091483443822378
13.816991882002194
37.13872876401627
23.2696635583702
32.8361679942434
16.204561297321643
28.79183765548218
31.637946723489932
10.471146466544937
37.16681712344372
9.574328545867193
20.31220612484252
15.181591981719073
25.370430007131766
13.164587938760652
22.32332796051441
24.574260163156396
8.966787424211061
20.98497068790806
18.914398001316712
14.480937947350974
10.210255700286863
9.637117019647553
26.0795760421989
16.895676928785253
33.37449432493308
12.727396852722265
29.317615076037452
10.44145218134284
12.570548130903452
9.113366346383682
30.85397743170811
32.74263854741037
16.28558063548981
13.963070823055666
30.357935287607116
16.62640352623416
10.702553680188684
19.82565660599637
19.545044794854043
26.969191417611842
26.400263472407985
39.88883428374009
11.60052225540485
36.98192982426924
13.215976061688368
25.6173892741455
17.79185561155492
17.274580891227536
8.58230824569109
12.794251221301865
20.415703250429758
10.054479008747286
15.131203411822762
13.39983492704624
18.632409038548083
11.096293281226163
24.75581415633597
14.309624552878217
8.764314911907885
38.32180767760408
27.339653712693828
26.578228847748925
30.598361815008282
10.175984190613086
10.112463942486814
8.62435785896563
12.156655573737686
26.345991077549293
10.167260562812128
37.1314813055023
17.28565957476904
30.708887249818865
20.38049162633203
19.274744302261947
15.002327143829456
23.232818390299673
15.662242264862988
30.022738817106564
12.425089441636102
9.298406943702378
19.97791947105874
10.466386380296132
10.807485391392404
39.8874088982472
27.47086532202732
13.619409120231857
15.68675491256676
18.258048589578348
12.701698857025455
12.915894899497971
11.630366741598051
11.432585228820477
10.621852744756792
32.21347213877585
27.1673015222771
38.918192583942194
21.888977354891864
10.655017828280316
17.91125334054275
34.38318326136738
21.512930937129845
29.773464861807543
11.9300896578515
10.09794337306293
37.87183886750562
17.746787483810923
33.226922916789505
19.880996997083695
13.420595779244147
24.85087262589536
16.99395164535627
10.25996470284816
28.060387951848735
39.76410394478338
31.230849112820287
23.576873628432384
28.195131081114603
28.824228176049072
8.03148161428027
34.468984398200725
8.412712590529544
8.954435657906364
22.42214777756499
10.08350264367938
27.121660338967125
39.13026710021633
25.733165698757603
9.985580603166422
12.622822212668815
28.424351106957364
21.265434451362847
17.650886164374768
12.542280350610964
10.509224401725318
13.667224511530982
14.59166884069628
13.093230043776547
28.226468839547014
11.078634880184998
12.344699317255538
18.3779639169601
16.445298459982777
16.540157008799405
8.583575980629288
16.967343485458894
29.36537864627736
34.241734774281824
28.297775200056574
14.098883810427331
22.482991876520067
14.571881621458004
16.99928548091357
36.950733131443535
18.28725496845606
23.494621280328904
16.94442720587968
22.122631494038853
19.934252900866216
8.407125780065096
11.903239290820405
25.156910965122645
18.542818969405413
28.673062727753408
10.458120555979496
8.739633986640346
23.502705820075025
20.87752781925863
21.65854105455449
28.697150755503515
11.885884936780915
35.94725439542696
33.247989362575524
34.21782448935776
28.05187010362518
12.335699053507994
31.624924882107376
36.78780777293132
37.240927945176665
33.474010476874184
27.655022481904865
11.473096153685404
10.372020966952315
19.230106372056433
33.85077280624319
18.586558326891584
18.653111464031568
24.966329261699883
9.779405498094455
16.579131825738965
13.904852170288443
12.368569150345072
11.648259992524208
29.516478652389985
38.1394428745784
27.211556405277445
36.96074275489857
18.536735002404463
14.074218575254362
37.135728470313225
12.51787354050067
9.22255576958379
20.33709506459634
34.00896380271119
17.048047177023165
15.189187740243469
21.977959249059754
15.544331974566921
20.51647909409767
13.595957572333708
10.018489255059198
20.732248853211317
25.977541615051575
25.979095722791744
20.610261506247653
9.10856634378776
24.8518998959
11.754710917927506
8.469264611641563
16.759546165213525
28.1799075853341
14.758318790991805
15.550251669018907
24.851016157625242
18.44544839598066
18.687669425720134
35.934188221777546
14.108174310283816
21.809707415882603
10.268342636113518
27.749368152676634
14.480423068704747
25.469350907860893
21.055286761481135
34.50755954374744
9.563237078618085
9.288135676087354
36.44646228381924
18.18048868010467
28.66869032352232
17.185859371401968
8.692409704359271
27.371953348717096
14.22176179487971
17.55733766513105
21.985787365346933
22.366288686131654
27.58635877186995
20.97488107815435
11.352085386936746
26.120590724334807
9.720429428746376
32.35435109057327
38.70732143014183
29.04569633393203
16.359754487549655
14.957691644439432
33.44356821815219
8.278315169575908
33.90078520982525
12.537721630542588
14.610618162684869
12.990483049703174
15.210854929524894
25.607579458101387
39.75788955758013
15.471383460445995
11.614784895758357
12.84281549592461
20.913246462687223
24.605977354095682
23.949389772587978
20.963926449504577
24.871379493779592
22.674012658908627
32.353664045780484
22.93312856592562
38.908269857653735
22.567910617981564
27.034390788782364
8.807246903299328
28.87893026012165
27.502422892218554
16.204901627483725
10.386600254127739
9.80943714465117
12.785425112380976
25.449040308175043
17.782922436401183
19.035415464313687
33.902765552976355
28.45330324393015
19.98974414492145
8.139796864861419
8.89694886108277
20.935522448707903
10.843235249875354
20.473006301763757
20.266826227425707
24.588605436612156
30.173341181869063
16.076880566171106
13.601804962460053
38.497710013841875
15.766246355661018
14.777214363802404
18.560029105793248
24.204671667907817
9.224956055105851
14.685442755942539
9.427139112020262
25.941300881236128
33.982413349776216
35.5900292525042
20.729068010178683
15.339197276307333
31.112682184886175
13.432371190656264
11.628403467076081
11.446518608091408
8.959770381023288
10.092694834125865
33.758936677749944
16.303340597318236
8.50916318362031
15.118442711496227
12.82835276060254
8.323765587826337
9.26274952315637
29.261676057024577
16.243519434290434
33.62331781395786
10.100394232101358
14.146599463678216
36.34848107425302
20.277147302729542
34.24496754860017
32.22056842240915
20.256352517665032
24.3824809727535
36.574437103866124
11.99768116591066
29.900514137527843
32.200745300071986
8.909775818881362
13.847075077652066
18.038205100310567
26.94981658539085
16.038589445025277
17.69490528792249
8.225054783795798
10.451490101399026
14.367757371203982
17.23897763728246
38.13750016245573
13.199038068131419
26.121800161159417
8.232392230883885
19.44255377611319
28.95102970542749
13.82363253410973
11.67970865241816
11.603213524876924
17.878278533264155
21.071359030066965
35.630221930946796
13.275410250219657
21.909224268764987
10.158391781408918
14.730156817493928
10.926730452283575
27.542715297788707
14.991955060601633
23.959446589841786
19.830719068849792
15.748791615142547
24.81954331761967
11.490736472565345
31.192778121401584
28.017233334721492
14.235573003620624
18.756909842582836
28.7072373832515
29.50400047171667
31.79809937972649
31.221273598066322
29.85281021023801
24.100956481952117
11.102915171542058
39.796902163218846
9.537492359128613
11.634006985447385
14.00164659003652
8.098270004025407
12.282745401902131
36.131265471076546
12.694460117969632
23.401227580978784
32.23616643082032
9.442966647670717
23.896018934133725
25.63165388519942
35.05154069092802
9.495453585263727
23.031178374994262
20.56360450458371
24.350116073340242
19.80088342535198
36.27401257262439
32.78619049113615
14.95426755520651
15.301720473244599
11.319460886471056
34.05410439722847
12.902808905706085
38.90939049979803
8.116562447431194
39.478695208815786
13.056780089823995
11.65659052717097
8.91113590501082
28.406892545580646
16.23131737852627
20.47836687533172
15.482649175230414
32.48937910601819
21.877230914822505
29.889531128337122
13.889069375051465
28.383467285356588
9.70637586201642
37.14778252170624
8.978323617787563
20.73994361784094
12.029175629096235
13.001182085363252
18.31838453143669
8.545211530730604
14.049107881475276
12.185079877364577
28.392310702055195
30.145748020913384
19.34155534592074
22.958340082565925
15.992536011595911
10.331287878560023
31.019384123348885
15.066814805870681
15.689381287047555
38.3999339232686
38.97368786934322
13.721335527199285
30.751042044176565
28.63179863422969
13.56160883598286
20.207715721910027
36.24902369386148
15.631995179327582
16.17805156048041
17.2978255703382
34.01755394538396
9.762956221393024
10.232295184166519
20.553247539336912
39.648431839687944
24.46734345867187
17.185869107951987
28.680972211808502
10.12130777677365
19.102825429594585
22.333930398246295
10.705301963427802
12.81089407764714
13.751247137103878
23.304314606781936
36.04519371102238
8.085032561982588
24.395560572527476
21.024598682091423
34.94027221456342
16.638226337495862
28.908036139255564
18.422594633722955
9.404529812359446
23.311437535174367
24.257721276961423
36.36559376214014
10.68715215951829
9.389838629988654
37.61824074289203
12.961949024446154
13.962754530714292
9.11294039469067
13.760047635710016
12.226183916216344
13.465299437997098
19.88668573012137
10.142551652058106
9.776122644843047
19.077575628225777
39.23526200341333
27.00110598048268
15.194053239351707
11.860042435209442
29.485754501449666
33.35615191587071
20.691098535409818
19.075623419094192
11.782402427696686
34.43544475895761
12.241747888471503
16.79477860550276
22.40112774628466
35.12741249295324
11.3027443944505
33.701058981217926
29.460478015426432
10.620619670889797
15.526451539492443
35.11864824728851
22.86153173939509
12.235258852746888
39.60359226065881
18.914477887186145
16.480133219046653
9.160505703465251
9.83778261367783
16.92473331683914
18.61379179801183
30.41880682297743
9.224970974382067
20.444679015961853
11.979438238653543
31.250706484951863
18.869849342779435
29.50134323699866
16.24129433235203
20.834280787135764
11.347269570654658
10.48127966950324
10.946234756263769
16.65306230075174
12.661476077025037
15.050458768339073
26.843956946184317
8.259642552031222
39.18255582706866
37.76822832035159
12.380887477170827
29.70800207478175
9.805501821119002
21.758595731118763
9.862223049443884
14.283402612202286
35.623476782040505
20.25960221625545
15.616744310019818
9.318716030337553
10.81427261993032
32.19609204496961
8.957825030008726
21.497053335305726
39.08758344708395
8.835168585056229
14.487715617302388
17.94227076575644
11.893180895473947
39.756482300818085
37.43452407480191
36.18532732476677
11.44790637404849
32.47675263144
20.0793264282157
15.76867058228003
24.757475714643565
18.544753776705818
26.64137643029718
8.289802093209369
26.469879302306293
11.141531897332383
24.497322520298155
29.14132571888139
35.70552152474445
10.084083544711666
23.14769153895154
11.841684862516797
23.05808893644346
8.436863130182013
21.599810902081376
28.097767593387047
32.62319621318372
9.81723155323697
8.914158428639313
9.080977326955816
24.820517049517218
24.91375490821538
29.004754400880515
27.933415615555923
12.099337124086581
21.599506168087146
8.815637369453054
10.748623732374783
9.692256474194606
35.395138325273194
8.024535356306734
13.618468987257945
20.607688060482577
14.839465447414394
20.88366772846507
21.98823184127582
27.20462308506574
20.603389127140375
11.561305947903916
10.129922420007434
15.937694065442148
22.897506384254083
23.3047864688499
24.83266304722547
19.594098977035383
11.636177986360932
34.339873119239485
15.088099983543458
26.60995693993935
25.535514876590756
23.310890716499426
27.39141747013033
33.96576519554588
31.790028893886856
36.4327986262458
25.831366073916797
32.71513465530318
38.79625400006014
14.102263914116545
17.350206365806116
17.85692367374237
11.245673507846185
15.695179093048665
15.260214952231985
30.964034424922083
32.19580938180037
22.877166382439082
13.642966788363724
26.65473104412253
19.172534864467323
20.711922287275073
11.83430398891485
27.087802585231486
19.294760527068927
21.822890671202998
16.747045445223193
30.372522019474616
19.613978449641564
20.077411426781403
23.04506405934432
18.022432054543952
25.789242968320043
12.823664807643768
27.261154818330514
26.71384961840303
13.530319508328555
9.225641189014315
24.46356265678848
23.823239355134252
8.237866780323401
21.577929291973575
27.70443937384368
15.722697857951642
8.479016112424837
15.976782953169668
16.148299972045088
16.039023564500933
14.900134208091574
16.240063824669885
11.455752563147863
9.758749525294162
34.5597348573259
9.487816629999873
14.26918417832157
10.333154671553359
12.532782735552933
17.656504815479096
16.313673305172003
18.409544659289402
16.195971069560365
20.586788880630863
8.243681926700269
19.05076163550619
9.855020874683452
24.05973764546444
8.700229231524816
9.844438622894117
12.375151245497825
20.36303287651385
14.118793235026297
33.716750385337306
31.247499143047328
21.978510355194146
36.2487050107333
10.307816365762603
14.335014359045012
11.42772101347965
34.67045423763104
9.81226122034694
16.361152095394594
9.03978453852785
35.39582041801115
20.86126525261657
11.095871705982448
33.360239564186095
29.607427005755156
23.343991761137204
21.610470168183884
19.55613052602996
22.848662349643316
9.155317728104794
14.6624629665361
12.093012543266166
27.674018273704107
22.208178947731277
29.199586104343425
10.706877047695311
37.55423549582755
20.159244962056498
9.093537350948012
24.560431713426755
16.76611815658774
16.200382025084334
15.237963848051434
38.043861568405546
18.07217446801235
23.337715802479668
39.18636833859393
33.698665992616874
12.570272618083784
23.677784372932575
19.254230388705004
11.133622430711988
29.54032077057501
36.181997381896444
19.617527047762508
25.794173976453997
32.44316779490688
11.392605023009917
8.77163351917197
12.257946344444724
26.883880005555195
31.24209784106107
9.79735365796878
18.24275232468127
14.40559454136745
10.979279694521097
10.749428633449476
17.094527181686914
20.520552045412757
25.616655766327415
30.459448136549415
12.506054910858142
18.27948529230221
21.343816886930547
35.540985773623746
30.82086575542928
32.26287278453673
20.43272553297495
15.043510558211043
11.686087989126158
15.895736619577809
39.89417520966996
27.351106282776886
11.849716820839259
19.321828265571135
12.353162990760634
12.360722163235101
9.445116372260667
26.73737681180341
15.474159284522832
12.319200975959026
13.695473222927436
9.537291643493571
25.30142949012431
16.607097614123305
37.76405997513134
34.65561479448352
28.166226933535505
16.153150824061516
16.43268628783709
37.24686539227827
10.930838178552369
29.169376417973194
35.008685817700446
16.218843992120465
21.383434300880726
10.957962601868767
22.51478911797188
9.926796462506266
34.59663088190313
8.500067257073118
13.937798367638205
16.808275598520687
28.426033119495386
15.028098575358324
14.814782550793383
33.07129331377376
22.127686045621758
19.207394391754633
19.136362484552375
17.247433121480185
11.147163275033266
20.196198751571362
10.613819021450881
13.754509462044238
20.167120370046117
26.128023527791914
28.033299370533275
9.244980988551383
13.561631389330167
17.318125933103396
26.639183051863913
38.42775086685852
12.753795841488929
39.013745934510325
23.603085171593513
19.027054470255468
9.958019172847314
8.383267903822102
26.866476177472478
24.19890705031103
28.17097019010917
16.123615919768245
15.377362819710742
22.99608306589494
8.689907502066353
10.565275400701617
19.055737542670666
23.715963971602413
30.960682659663956
15.07671905562497
13.484292510127732
11.545135965035563
17.35941975714176
39.460743233502555
20.03793977998795
31.236751025129497
11.711240353117685
16.12780980851246
24.093233817337406
10.932090369461298
30.130541074693408
21.654579626343327
22.58529519565656
10.040543419415156
37.824028553396
8.445920267092387
8.154971098551542
8.626015576347699
17.950273526278117
17.021012610661007
35.50459693681795
13.730723433100941
12.931678196729871
22.827283775892383
17.64160883305854
23.871160866756153
22.478390026540094
24.82284970374971
22.402268482377735
8.07622345293503
14.903684895254266
14.774053344060363
23.44077134968024
28.74356387282565
28.323083461431224
28.504882262048444
31.00719356679842
14.339624159430599
39.68779330265464
8.579972142743696
27.600812281561055
18.172414189579047
15.30793416661479
22.601934770532953
12.964486190951396
29.36785722235384
39.001676494506675
12.737841319492503
9.35364884832846
13.595172946340004
17.824231526004322
10.617939551125085
16.71814080516298
13.45893753036303
30.052367127893522
23.92826370966075
13.768734744677072
9.955109879527015
14.989463946106621
39.38096937266458
8.765654265953371
8.9466571064191
12.287326786013502
9.870335702524242
20.538363718368522
21.223457002472774
31.453763164699033
9.242370698772026
30.220128195640164
20.323290509288842
25.729573417194572
25.362985076296816
13.014371369013544
23.89854079596149
8.602739300501776
17.026726158226992
16.173817559407816
22.577885604352364
23.873684685965763
19.197441328162018
12.634339315871985
10.19776267024299
36.903674373680765
29.687775359091948
20.642366492936738
14.185039706546103
15.49730946422661
9.518604671651037
24.259630259117223
10.848400452341775
12.921937975998823
13.935684109568168
25.982249051746425
11.723188897256714
37.67870754410288
24.4281276054894
28.969979305613048
28.719712057821575
13.204539384285908
20.70412317379208
29.30586012549744
34.53006455155461
14.951941883035442
26.090174984019775
10.484569016544201
14.971919361458202
22.199874049900647
20.227441223329055
13.480846283300385
13.50694310305026
10.2169129890208
8.879670252997094
21.71280566831764
9.60744380026005
19.624921771643894
32.35112504982426
33.87531063865054
16.182150351127223
8.518836754055252
11.910644111727986
31.924069886107127
33.03841222951818
25.411756198546453
15.622140703983494
37.35108327883519
8.854942492461399
27.59902943676214
14.384452679850616
26.40643725896348
24.706505416859024
25.12603107142352
13.416504724438497
30.66718954352019
23.425920916454654
30.32002697362048
15.523325023229987
10.246961462051344
20.84389732146761
11.07300004565904
22.22235935756758
24.70489837307769
12.638475750843531
12.66597457443102
11.079446076337415
9.561168285540681
14.091816644142456
33.66937912034088
38.03340480099862
26.68905952095712
14.488310235044972
29.375175912961357
13.433861757409511
22.309260931252133
19.8167868672951
8.515787383244515
25.051144014554175
30.024220250133457
9.669270504616314
32.48164858610109
12.33473054150456
14.039684733272649
8.452684133292594
9.59877974840709
8.14387765930085
21.09248924866703
18.45316547095431
8.215360377905006
21.691341394626832
11.442468565728323
12.954545174384233
26.57771518336581
26.24288460058063
14.04483200416918
13.46702666717325
27.30143706421486
10.299167601652725
38.720536121418405
12.992345843544015
15.902051763640989
24.19500714524208
35.14162712556614
22.253473617651192
18.066164166195346
12.188310680384737
8.934695791557143
12.518031063853782
35.759355884919046
39.77821415077563
20.702513465233203
16.84970608952989
31.72883225780791
22.216395127104832
18.238556661676874
11.061464279607398
14.352693442110445
8.977881517415353
22.823314960561262
24.018826685433858
9.258730315836424
13.0132748402868
21.76154689124475
13.626111109996232
17.579012367918562
12.542144909065728
25.231290595038672
24.02248399414736
19.9949080580295
20.774606924380873
28.25436044140282
19.5444792622319
16.454052907071695
9.305300074641728
9.123998124017444
32.15319885526135
13.447347105370588
13.126170202447987
9.119828056516091
8.103061970090616
9.76506396401231
15.475216172344487
20.78389312998794
15.904003070983656
10.622237785191528
15.987639635339342
18.870823433986175
15.343836676144894
29.237788675041305
20.24733428442933
18.54147732598627
29.524885676930545
22.649863343709207
26.748313813551707
37.09818396737245
16.264097405142707
28.795544698803585
10.105579419131315
30.884076018391386
9.714520380915774
28.754549728826177
10.662098928133968
11.491443480480498
12.24134094978499
22.424878548518453
29.356862110774628
18.68636960547257
15.00710585667134
15.587409076227999
11.314823805982524
26.602213544668754
27.228107831385348
11.180193518571713
37.27774180555316
31.580407954698956
9.514943356942998
23.993001865390234
11.648993438790423
9.087145682716057
12.583536133731972
8.433398950562966
29.794263733253256
8.373421691862326
11.564746660331306
16.29777804432823
16.31980720930643
8.626759159374688
29.43545734945595
28.475845485154597
17.705355035203254
26.033302602425945
8.282746899232755
30.680669218422125
21.09420565138547
32.29797724755435
21.72966331720798
10.014054622285753
33.05232955513276
24.67723651640005
35.18408017280653
36.48873716269714
21.87378164217469
36.91287551930541
11.651781264605033
8.997110768781717
14.625903532013071
9.752559973333891
35.21615732747451
10.099248085071446
34.07974858248579
23.897899772224093
23.415882747674473
32.57618271334099
26.547507694165354
21.379003105212025
9.004987222825836
23.498967198391114
18.190380202462556
11.063090966266866
12.52714779294166
32.70316836612133
14.806735802531566
24.942973686918577
16.395338755333725
8.282526628131953
9.56286246754478
38.88710586887486
23.355524386741365
12.92810602663281
8.861159838345406
10.899980260863687
11.943917697213573
13.862431873339968
35.85795676544435
9.641029498004658
20.277314394089196
13.997532491890455
13.827718799635074
24.619116933218336
8.286017193087899
13.938687914399653
15.62398930264127
11.767089529085986
8.557645496246186
16.97577989716462
10.431616481999495
39.299351423312494
10.650100937389197
22.193503401068167
18.767653666187012
23.56872985629763
14.139366433113157
31.028994812094844
23.816694595258447
21.10370569296359
19.9846877618075
8.999314355765609
22.507974114619824
31.297714380926905
26.09315446526359
8.329294462229695
13.22244941537534
10.349397377680313
25.47066794149909
33.508551877917974
24.30405186450267
9.565468024318807
18.08341159785884
14.27708142448394
25.650366444570835
25.90571610613845
25.846373264748312
9.283471326437056
28.19853073792254
8.367359540158356
12.06448082763326
35.37563742761092
12.741026748191974
14.790529011035579
29.67457860373223
8.584876256828412
11.755753761941916
14.52992478960959
19.42945200009003
15.342591158199651
15.270720435852825
13.039512003697402
35.89903253154337
34.02074472180024
14.137378844870527
16.231363915665167
13.218825533184805
18.26647627038437
15.222666157437857
20.876298984631322
33.06185096489851
32.27392012039993
14.418742861814053
10.594789209340524
11.784349404438043
9.621183829332574
26.41386926817293
24.046205327067074
16.583929494362195
20.70071533758958
8.980043656432374
8.69928984322612
11.467795525265354
9.152989843687083
24.059037770545828
27.83388069800943
10.70705594007555
16.181120210698424
30.859545992552903
39.84935305704827
18.905566077055635
19.833529501905783
20.55666719759065
15.532825874931918
25.76292109623391
33.49700464075097
13.082641668464774
30.28161493281298
32.95976134730094
17.361543827758897
34.72700281998939
30.263583779256727
13.377693970354734
14.047097624115954
20.949013801135386
13.213102018094924
15.101938093633608
10.034160361073626
31.277911929551205
12.05376004161708
8.196125449443127
23.571531794348566
11.382644508805686
39.82890355749936
8.894764350615928
32.56471418411896
9.972907593531184
24.234270537347303
32.806333239969504
31.23274579487644
20.578850971739694
27.388490218947567
10.497417728606568
29.853362404778032
11.388514154074425
9.611095423877723
8.125897887179715
26.366272496765827
38.173759931113686
19.458662686651557
12.84970565668137
35.01049772180351
35.79029375130502
16.345398975292266
9.52855707745594
9.682583232726861
23.28278048324708
23.028299142985283
10.454261950075594
17.9515310496861
31.493299136305094
30.98355189233437
37.14881836856748
20.692144239355184
22.13187516797912
8.678211880737528
36.90023532373132
33.41213044274177
19.006543998354996
16.706519468336364
33.14876550025648
37.56764872440711
8.254093197964991
20.51039407744532
31.62683679789624
35.92222250899017
13.461857719518104
35.18506830877354
28.05473167505357
12.33471935180541
8.790461859722507
19.439151461970688
25.802419474953407
31.42311729055545
11.459722361905142
32.827092486489725
13.216969359088514
26.06153845740013
24.733865934179068
21.451630744612945
12.431412226164438
37.5947777661643
21.094538186139776
9.631481399897153
18.091876634723928
12.595126045466388
15.472213021828562
14.840745316211533
9.33425379938308
8.07282404280786
31.991683735425646
19.974475489190308
13.32866317335051
35.3435215453149
26.85746424089935
37.65287977324722
18.174891031766826
9.02490238524295
18.983227747129707
19.73827348521798
14.563884313971732
12.135016402649947
11.101678116593074
38.687085710884055
20.98138727335105
11.948836205710261
11.821714393206669
16.577965164811015
8.887848628519507
13.858908366503263
31.817295802550763
8.083501704714111
14.919368276677378
10.380402647020633
12.150546201602392
25.611516253099435
11.530905680943558
16.03417532822757
28.279012636414546
15.600388193454343
10.653245790561883
26.49703960867427
27.81725757077236
14.52160992440184
8.174298150228285
13.391787433060399
8.676159718875013
14.915371526546853
10.306594301516112
35.87563098134298
31.62146624336568
33.49745450242833
15.066089382924943
30.143439741180963
25.53424870813525
10.116793180330948
15.437142325291601
11.020835153451998
21.285994934442808
9.167183263823427
9.973423968268145
34.46562296107157
24.761558706162365
17.773571142579208
19.53118514573592
35.64794576904161
15.332318844679898
36.09679897297304
33.322930808568906
24.526316572809964
26.62182330068435
20.734943276940918
11.416893477428108
28.682604269605882
10.267718469339039
21.675602320837015
16.673752272644077
19.601849436390314
37.28490858526111
17.0023610852725
25.397774467602094
8.216429568805248
14.071273463482717
9.871874179660525
13.253059315413429
24.00716177285716
16.22936912185907
33.04267568425188
23.47217119167962
17.27675862186402
24.223709162891126
31.327496990550348
33.26435755711579
11.137680239943007
24.733025068211543
17.64543219763424
9.321741957047118
23.273526716236365
30.474537536471928
11.033541840675095
13.312485093112748
11.441342971585462
16.23415054015744
16.755410260642037
17.74793762700834
21.86843288313309
8.062819423966573
12.288529431386863
38.45980326748805
32.53102976911465
19.83048189843882
23.842480284254535
10.271130623893049
21.99780838522867
38.97814878131455
20.56279192771815
26.811463919574802
11.927456956570378
21.604916152890823
27.699111368502233
12.093625354883397
19.35633658842044
18.379798486731936
19.42085799610791
13.143558289833486
13.051820509247747
10.848162107776025
13.01298385536947
9.098946489971546
20.16013527565712
9.302152759790138
26.632164310314888
37.508143779754604
8.87857269804583
10.059744448442315
16.360807680925124
32.889701187849354
28.366435267255135
12.79831501503108
15.356227044179834
39.94256997168714
10.404633384798208
29.800872129819506
9.200045202525498
39.86995291904155
19.980226717725415
12.356613629408137
18.51862137908615
26.477154649152336
10.637438607678957
16.57196668267894
29.504902277735734
10.69441400225317
9.19641623390095
34.875561410113434
39.13837689278688
28.448162729168782
20.570302414904077
14.539528782294594
10.208681654358903
36.32311527714224
30.171593220967125
9.33511061095179
10.521996860799446
28.466809826649747
20.151538195634153
13.399311040514807
13.493478369972774
32.32644224126083
31.617111492900815
24.66743346542443
23.237853831093897
20.503259175571785
8.693195615591515
16.1794019660203
32.773698332503756
18.72807071765326
13.037419902863707
29.70223464972133
35.27234313720819
12.897061856009946
23.335456118434937
16.146333608583824
29.150148891356835
18.797265929374085
12.664758893274332
10.545688181533393
34.27470875608007
21.59996775576403
14.69127157619373
24.57517025652911
19.604365739372522
18.580724935017237
12.141589027714053
21.950281276267873
22.872646734379554
8.974417299374494
8.772454735858313
25.519655080591445
32.41414031887743
28.325318314320977
24.072830420834237
16.119798270388515
20.101242086831622
8.28151979577704
10.143057879727557
9.364845791662704
31.321630471061656
13.574394407862766
10.922921328883005
34.92515548387682
25.724444018066436
12.923407357469413
38.77072766507551
15.663314588471122
8.308095530475724
8.01173338374822
19.43989909573539
26.590136360385337
23.108274935754633
14.629977605989389
9.43766234138373
21.052774630515078
18.038410715312715
9.57788053154526
10.312126306633616
24.327556153773116
9.548856062370087
8.363144192006994
19.937640878448175
17.07506421333297
33.804597322551295
19.95593204582718
8.475813725500347
9.317654484180302
23.56182555616462
27.273909064145894
13.579276799152407
29.369776818328972
12.979452362013692
9.433978452475165
15.728503119933418
14.461397048261672
15.533343111287873
28.027183276191426
28.94175666573393
10.865189273019238
14.609599381829206
19.595307887017103
8.689098423107444
13.89850087215454
27.13286478243562
18.443904788444186
12.573931017301934
10.395058201930693
13.779762596756683
19.155083842649077
13.679634141591132
14.07606965480953
23.73848009695209
15.610197057777386
12.829175978824644
9.384647012484603
9.385587606673933
11.266002949142985
9.307954840760964
29.3204711521833
10.413987268404659
12.8726078319283
17.818749076713157
32.52461712407738
30.23253440410924
20.634016832024646
8.952598746673909
15.749264022788179
12.140499241596403
17.09951283626442
11.638009295419055
14.421434248577471
19.097771285449475
36.62626175728283
15.169624585458877
9.234591384269292
9.502644468017614
28.505463357673626
18.45014446857284
23.67416925495642
17.430116526505667
37.096286851110065
28.339495878669194
10.891908926851992
17.64753838521082
9.567582369703851
14.484384436093453
23.522755775525084
21.780394024221025
32.88477573791442
8.942523213660106
20.72519712673937
25.315212508841093
12.667952976424724
8.630756208170789
9.224078525667085
14.285651226763408
22.21526764785273
11.433597145719293
15.901631532124977
11.211924209426655
36.908924620351975
23.594044149120183
14.820830838865348
14.513207354042702
22.704041456176103
12.148790345318702
13.779717878803893
12.971360427760732
30.52418704574475
24.75086181372427
29.461974739850767
8.990891332492474
17.670013464548962
25.33231216830933
13.984142986357167
20.196602387214085
29.805524785608238
25.627445759736784
13.415760291687402
30.293993514232906
36.58245637821549
8.013687914481006
21.713376199134665
21.177373225943377
33.058621838840466
8.3311978960022
29.004145306961707
8.618366214676072
39.6973562599614
16.16184304744079
10.847152853009373
10.191804497708633
10.65145642378841
17.855563064670022
28.853533330463094
39.20388334420995
16.259127535054283
11.232099160446184
29.89348557011114
13.322047680331119
9.865744988362543
15.541675949347447
16.817158725070822
12.948453913544132
14.508384334182972
15.793984651370883
16.457364530781287
19.53620585876688
18.539803223452907
18.267728886384727
8.53172901565412
21.330053837662177
11.30697631077634
25.40433095165705
34.64085582665891
21.244015158317865
22.4537339127708
15.00202528650212
37.96980778024532
22.266252319999925
8.47660112508181
13.01689933526025
14.385824669209834
22.23044420586559
20.376695723030487
10.768809545223831
12.339912794597033
34.689646277975626
8.599268834306635
13.397047295730134
12.887562432384726
14.107158889559642
20.231255060230126
9.022392631954851
11.100580008174301
21.242820010874887
11.25895311095741
34.99082858459926
19.312093266490365
18.950616626258164
36.76579818815043
35.52019512716613
37.19142600813204
12.188936058093763
9.344045952400549
21.212632875826213
8.335849271927229
33.32948332001
34.683511889400044
15.448231941517372
32.52073747160311
10.147811187188815
24.72878212608823
17.660420765108483
32.577837985921406
14.966988350012885
21.98158175173345
18.729236375303827
9.273497105916325
33.385926638084754
30.94035675843877
28.73324251019181
14.913483389489812
9.556720867942067
18.561024209579116
17.71947240721371
8.422265344945119
23.076111605605
38.46574223245658
19.465352389177205
11.115438762413275
8.557773152835445
9.144423321016811
27.72252748979118
13.090632144121278
19.8880461196603
18.5778544821377
30.135084359214208
25.263541873500216
17.831497431194006
9.533630688611561
22.691332827112195
37.67771873146657
8.252465528578595
26.453923987884263
11.91392466440992
36.39521798979467
25.688432679321824
19.370026228253103
10.663017777956409
22.591581847007756
8.236073916905948
11.193088381926113
12.148694689566756
20.126166679969995
29.299296345800084
32.17226700519619
15.417750945782178
16.0849703946066
20.649237945790205
8.627698090034457
8.592213980071685
21.26308586503925
32.52329439257074
28.792387147774573
17.606766439670572
13.578619473692433
31.451787563394056
16.78061627579438
30.02599500643722
8.150985018720405
21.914852365687302
10.671319311969677
18.021742449353816
12.179348691740362
8.161984290793269
38.580513947810886
35.942370158167186
36.926670429523774
19.265851187487606
8.083031583080347
15.7610169911395
20.276065255802465
8.24883623859656
17.055941213124466
30.0011028637043
24.68380185122858
16.032752942267457
15.325667145367342
17.14549065802102
16.279300619574627
10.779614136794782
13.692721887500845
13.482026075015758
38.72084157493218
8.760913997628565
13.977259709771943
8.84348309965095
17.784878707534318
8.104203099586467
18.56060888828311
18.156967864087356
22.844446668733376
27.41530691927991
20.196253975164126
8.850061250413148
17.92299136798431
9.77294473615548
11.66517098476041
8.335131188590102
24.47714787763361
13.251263906024269
19.49321458576687
21.437898894074667
17.353457029384803
19.537676517050713
13.079539852878643
38.0170316961376
16.82531717808981
34.164752462026584
9.095972437409866
11.006136987661856
26.05635099778978
36.730227147932005
9.968186098629019
20.04731195514163
11.056755606840454
8.16956981969753
8.544019649166033
13.20212270558265
27.64615808549525
13.947310261658021
11.164653053041212
38.07693204867356
26.586219285241487
23.08870623519924
10.57101263948898
11.801846302505778
23.79382862352303
12.29445203266685
17.872745971413185
33.36404399519409
20.113683122110896
8.913976202263873
37.446111065810065
9.859340512322186
14.717402120997576
8.192029051912499
9.126460081150022
36.64358004940322
29.75040524764081
28.710293239895435
31.14014720908053
16.06225509257673
14.256971123156902
25.516928295081378
22.49352093066558
37.64941482196168
9.023212663011128
11.264892328850427
14.832528742514144
11.412321956829881
30.158078633821564
20.282447592171913
13.08829335686654
9.742090183098389
37.12913672076514
30.050692359576402
8.953691538117672
13.046521997711173
22.058373807593423
12.813579825710546
9.040431860092799
11.091958184020974
35.69962351736317
13.430148403130758
12.821210305376365
32.104952782154335
12.976851322579732
11.32626687955303
10.40163863378851
12.927748715344794
11.303036455307293
16.346724021051752
10.245593179472047
11.82229619203322
28.868126705503187
8.837205808579995
34.4378727776698
25.077039321440836
20.4233432253799
21.783003360618405
18.767405712048397
36.10280204994608
9.685722186326819
38.237872265977096
29.105772022040593
8.098479976343222
37.52654050112017
21.80148623564225
26.11975335561497
8.901425768809728
24.466756186796975
10.144808453662725
13.591705214728826
10.098514189329489
20.471791372386093
17.527312888247675
32.45960062676494
19.95270288946861
22.84239992447811
11.512794517013779
32.6209869466383
15.697319988632136
10.2801698916984
15.218442748540928
19.629922025930714
34.82399636108365
17.731693824068127
10.457624471745016
26.004800489007145
11.700555854623591
36.6939097654787
23.115553325068085
25.115361907416876
14.566585130315588
27.57776941896673
10.021447110909069
30.641737464120148
10.037259006334205
19.354292008636566
10.189986448257587
11.012375940876089
21.7300373786799
13.286382342723806
25.814390665668263
10.58130622685216
11.392755528975291
9.631493145142292
38.63767557502593
15.10768177757292
29.162868533687696
31.27961795238706
10.96492384849778
30.53618135199535
19.79591612279944
9.779329587172064
12.11806821130953
11.613462849059195
11.640394214486033
26.042643157715432
29.778469119359475
14.809918157637618
8.340122137003133
19.416939665953173
14.892396499942539
13.992895767618245
19.124793734735764
17.13955459823503
8.422800258784896
19.695015879496502
27.53894614587428
21.98578209291107
21.10719032128608
11.860414168239767
26.109558794789237
16.40089685922949
10.663259663134722
24.7204745773315
30.672291632323173
23.120620805883824
12.162042470003698
14.24037189929153
9.68149445238054
19.9848986079884
31.89276428994975
10.207411468592735
12.395735016611258
36.58983652595198
24.084603194033004
8.046037192191195
22.052498153683388
8.84244908655907
16.717915055907753
29.991133033468508
24.29119855043274
9.76060390841037
8.983367138886884
33.198616264142316
8.194150933670976
24.291016812513632
11.601632049789446
14.281277953964555
8.848631617871355
38.12952528130763
35.64515108291316
8.981630892918782
37.19989666647081
13.010702885071234
24.018477710829337
25.67406589509921
17.807027873140356
15.90262375520987
26.61434102497722
13.455848868944196
38.47841395300872
37.29078339851091
38.30272615279267
24.594460561963327
14.256505003387048
31.313655827005324
29.668923658208307
19.083550991793867
11.307126992338691
16.95383733569377
11.278484161701263
22.790703643072348
8.194111041882273
20.097678151557645
21.12973740090712
18.57393911937531
26.460633714732243
12.15656617737934
33.54924400236631
17.103119511501088
22.881859490615962
15.715286171128762
11.153605601858747
10.824974492396755
36.00923021174602
33.78779561878661
10.071308236453225
14.771747148454999
29.839224133757657
36.27126810324732
9.253384839783827
11.062275117464939
19.829454279249315
11.45936784852974
14.571123578309132
8.593540355333023
10.491117455038404
16.11734045438651
9.99213828388448
23.13744613101462
19.48134800740982
11.163413133927026
23.747878361311265
13.574690543247648
14.716525917469093
9.480160662040104
17.035625377573265
10.120768682561378
16.224895189437035
36.852204505972495
9.19603383433717
16.754882516404127
26.886460961487046
14.541499380237246
34.0661981065613
16.833528370099934
20.004817391845616
26.56375094852777
21.077234615496792
29.298305681721125
37.673266464221165
32.61696598467217
18.553121797023465
30.61585779740035
18.445910901129558
24.730627421872523
18.26437806001646
22.107653577181217
13.022354179147436
10.73264717418325
8.530434595393258
11.256732466314622
9.810718791811125
19.794506924263924
8.008116298879573
12.51304679380498
31.087512928803278
30.48169971662899
12.316858501755183
16.789945004721982
9.60448308405582
9.649624257241966
8.42725953671863
14.009888310117471
27.5514426109294
14.317690664955887
24.840123332527977
25.911147308695263
34.97109980474666
22.90287834923199
12.651009171504572
22.275000170388672
14.862952567819917
15.98287104951747
25.563283139206746
12.280959769487765
35.95653729844514
14.559662923076209
12.33002750447626
39.09110045047775
21.5470670429823
15.668404916202428
28.631409794173127
31.170803607515563
12.75050692621022
16.05558670660126
34.23760811448416
9.604921566707072
26.443299363935854
13.635548938302088
17.79405714791384
20.8760834673406
13.753194349754805
37.3384000128081
30.121942796132164
10.903674483948528
13.67708830420368
22.18487894883346
19.033433738869128
25.84218486016931
38.89184808920448
22.500214011624845
29.153392624888166
24.215990742362802
18.278458754976942
19.116124720861762
24.411118893419914
35.233792652500284
33.00121181175235
33.577203481769466
11.328824136393655
18.074695113473286
36.40027539296771
10.021684360960807
11.470340764371887
17.04560611522935
10.828743615720041
10.887621280610684
21.200860526226233
27.183477349406196
13.307770647483263
9.322367829080378
9.033540761994683
9.797544727110418
38.63802347751826
25.404636664132187
10.230382186605327
14.519729580793786
15.980159255172472
32.05565179423292
25.77854638796856
16.808814488368185
39.31005434475881
16.524724056451088
27.853866870511087
22.296388861510387
9.466071970801561
21.487865386859593
31.162196625687795
23.55479649029317
21.548790144849928
16.16707865457173
9.086145467143881
34.77373532678254
13.536012990794484
