           1   28.703274726867676     
           2   28.729237914085388     
           3   39.467937946319580     
           4   29.825295209884644     
           5   23.539645671844482     
           6   18.730036020278931     
           7   11.410670876502991     
           8   28.771248459815979     
           9   29.319632053375244     
          10   8.3237957954406738     
          11   29.179117679595947     
          12   27.354525923728943     
          13   20.138504812493920     
          14   20.535906925797462     
          15   27.547206282615662     
          16   21.774225831031799     
          17   13.813660740852356     
          18   30.156165361404419     
          19   14.975607991218567     
          20   31.691367626190186     
          21   13.293635249137878     
          22   16.676365733146667     
          23   36.917883157730103     
          24   35.109859704971313     
          25   20.272739082574844     
          26   23.519062697887421     
          27   21.740406304597855     
          28   6.1960291862487793     
          29   28.128753900527954     
          30   40.771067142486572     
          31   29.126194119453430     
          32   8.7300264835357666     
          33   17.145493626594543     
          34   37.304755449295044     
          35   23.172224164009094     
          36   34.234572649002075     
          37   38.003739118576050     
          38   14.767487049102783     
          39   21.590510010719299     
          40   13.843995332717896     
          41   19.515056274831295     
          42   15.876294076442719     
          43   23.501987159252167     
          44   33.903260231018066     
          45   19.245749413967133     
          46   7.7147758007049561     
          47   31.050183773040771     
          48   23.080813288688660     
          49   14.562616944313049     
          50   8.2053053379058838     
          51   35.949214696884155     
          52   18.117130398750305     
          53   8.9075303077697754     
          54   40.851101875305176     
          55   3.6667203903198242     
          56   8.6721527576446533     
          57   25.595920085906982     
          58   13.358370065689087     
          59   24.154967367649078     
          60   13.933039307594299     
          61   26.048930883407593     
          62   15.031670629978180     
          63   31.125570535659790     
          64   33.892872333526611     
          65   18.839309886097908     
          66   30.570727586746216     
          67   38.612512350082397     
          68   22.239205837249756     
          69   23.126623630523682     
          70   21.252600103616714     
          71   23.171962797641754     
          72   35.457098484039307     
          73   10.193452835083008     
          74   6.3453185558319092     
          75   18.362171649932861     
          76   21.788178086280823     
          77   30.821365118026733     
          78   8.7089931964874268     
          79   29.931311607360840     
          80   12.787941098213196     
          81   18.893353044986725     
          82   30.252714157104492     
          83   27.992448806762695     
          84   27.069060206413269     
          85   17.353289425373077     
          86   12.315730452537537     
          87   25.668414831161499     
          88   28.743876814842224     
          89   24.313884079456329     
          90   36.762568950653076     
          91   29.518278837203979     
          92   13.960638046264648     
          93   16.513548493385315     
          94   21.715556085109711     
          95   14.972544908523560     
          96   31.591677665710449     
          97   15.358072519302368     
          98   19.977781663183123     
          99   10.952017307281494     
         100   16.849953234195709     
         101   18.012333959341049     
         102   3.5589861869812012     
         103   24.766241610050201     
         104   22.202095985412598     
         105   16.956812143325806     
         106   13.092473745346069     
         107   28.502820730209351     
         108   35.708891153335571     
         109   19.140471369028091     
         110   27.649944424629211     
         111   49.049050807952881     
         112   25.129583477973938     
         113   18.438954502344131     
         114   9.9938571453094482     
         115   26.789282560348511     
         116   8.1203079223632812     
         117   16.270577609539032     
         118   15.152581036090851     
         119   15.868949294090271     
         120   26.182312965393066     
         121   5.6580758094787598     
         122   31.352667808532715     
         123   9.0853178501129150     
         124   20.890651047229767     
         125   16.607838571071625     
         126   27.202784419059753     
         127   30.234919786453247     
         128   23.687558472156525     
         129   19.882800802588463     
         130   24.263079464435577     
         131   32.511768341064453     
         132   8.8359618186950684     
         133   31.889107227325439     
         134   26.680413484573364     
         135   22.529035508632660     
         136   24.849178194999695     
         137   32.471600770950317     
         138   29.039809107780457     
         139   14.374496936798096     
         140   12.812123894691467     
         141   25.447375178337097     
         142   29.747689962387085     
         143   22.663988173007965     
         144   25.634918212890625     
         145   27.554389834403992     
         146   24.783207774162292     
         147   10.344911813735962     
         148   21.717685163021088     
         149   13.807013630867004     
         150   44.321475028991699     
         151   12.158203721046448     
         152   15.065477788448334     
         153   16.697819530963898     
         154   21.041462123394012     
         155   1.5641582012176514     
         156   37.769886255264282     
         157   9.5062506198883057     
         158   36.479754447937012     
         159   39.015495777130127     
         160   13.488231301307678     
         161   5.8887195587158203     
         162   17.691418528556824     
         163   33.664540052413940     
         164   19.616849310696125     
         165   28.488432168960571     
         166   16.764666140079498     
         167   23.041228950023651     
         168   26.982902884483337     
         169   14.494987726211548     
         170   40.907471179962158     
         171   39.145550727844238     
         172   20.129563063383102     
         173   7.1594130992889404     
         174   13.334189653396606     
         175   14.491469264030457     
         176   29.795598387718201     
         177   28.786492943763733     
         178   37.020887136459351     
         179   19.008367955684662     
         180   15.856064856052399     
         181   23.656948804855347     
         182   37.688255310058594     
         183   23.634450435638428     
         184   42.590541839599609     
         185   6.2449073791503906     
         186   28.065942525863647     
         187   17.247403264045715     
         188   31.101764440536499     
         189   16.983262300491333     
         190   20.106007736176252     
         191   27.948836088180542     
         192   25.422956943511963     
         193   29.313810467720032     
         194   35.179375410079956     
         195   16.125154495239258     
         196   24.132425189018250     
         197   9.3605756759643555     
         198   30.817687511444092     
         199   23.432728648185730     
         200   27.346760034561157     
         201   6.8202936649322510     
         202   26.713073849678040     
         203   8.9876699447631836     
         204   31.580154895782471     
         205   22.994626760482788     
         206   34.662746191024780     
         207   20.161528866738081     
         208   14.192167520523071     
         209   11.217180490493774     
         210   1.2797319889068604     
         211   30.939712524414062     
         212   13.947784304618835     
         213   20.501569509506226     
         214   12.594434618949890     
         215   31.395703554153442     
         216   16.231023669242859     
         217   13.978773355484009     
         218   10.362334847450256     
         219   15.690084397792816     
         220   25.418304800987244     
         221   29.358569979667664     
         222   25.406488776206970     
         223   12.863346338272095     
         224   24.209770560264587     
         225   26.841596961021423     
         226   12.207413315773010     
         227   32.336678504943848     
         228   19.236311614513397     
         229   16.483820974826813     
         230   18.410578966140747     
         231   8.3771252632141113     
         232   16.187455952167511     
         233   21.956172287464142     
         234   36.581926345825195     
         235   17.140926420688629     
         236   13.384650945663452     
         237   30.927518606185913     
         238   25.662466287612915     
         239   22.791474759578705     
         240   32.173116207122803     
         241   24.877383410930634     
         242   24.556384682655334     
         243   31.152613162994385     
         244   9.6583652496337891     
         245   10.253506898880005     
         246   21.339817345142365     
         247   5.9762907028198242     
         248   5.9191453456878662     
         249   28.850367665290833     
         250   28.148227930068970     
         251   27.115654945373535     
         252   24.742959439754486     
         253   21.378119885921478     
         254   33.592489957809448     
         255   11.436582207679749     
         256   7.2855353355407715     
         257   18.865150585770607     
         258   18.065500855445862     
         259   18.216448724269867     
         260   27.396257519721985     
         261   12.810984849929810     
         262   16.046613454818726     
         263   12.568305134773254     
         264   23.764318525791168     
         265   13.678836226463318     
         266   15.086276531219482     
         267   26.200728416442871     
         268   14.780202507972717     
         269   5.9438276290893555     
         270   29.961656332015991     
         271   19.518812783062458     
         272   29.847195744514465     
         273   6.7230892181396484     
         274   16.520753502845764     
         275   29.687536358833313     
         276   13.098918199539185     
         277   9.9861693382263184     
         278   8.5503149032592773     
         279   26.209827065467834     
         280   16.144974231719971     
         281   20.961642935872078     
         282   9.5645463466644287     
         283   12.480150461196899     
         284   37.645715475082397     
         285   21.855358183383942     
         286   11.073227524757385     
         287   19.706348814070225     
         288   18.932322859764099     
         289   33.436443805694580     
         290   11.619399785995483     
         291   26.025582551956177     
         292   32.518475055694580     
         293   18.303131610155106     
         294   19.749688226729631     
         295   21.973836123943329     
         296   19.163204282522202     
         297   17.751173079013824     
         298   24.399472177028656     
         299   14.866077303886414     
         300   17.385129332542419     
         301   5.0931584835052490     
         302   20.237870570272207     
         303   33.936618566513062     
         304   25.725265741348267     
         305   22.422337085008621     
         306   6.3355147838592529     
         307   19.778601564466953     
         308   10.639136433601379     
         309   20.032092456240207     
         310   27.121276855468750     
         311   26.465548276901245     
         312   24.443020224571228     
         313   31.479173898696899     
         314   9.1600489616394043     
         315   30.689082145690918     
         316   25.567169189453125     
         317   31.985404491424561     
         318   10.833959579467773     
         319   22.699633836746216     
         320   29.247477650642395     
         321   28.834846019744873     
         322   20.702006593346596     
         323   29.525316357612610     
         324   27.573689222335815     
         325   23.175540268421173     
         326   25.762050151824951     
         327   13.934592008590698     
         328   12.058578729629517     
         329   27.147537469863892     
         330   22.328814268112183     
         331   15.028332173824310     
         332   18.132706731557846     
         333   12.083169817924500     
         334   24.804054498672485     
         335   27.920555472373962     
         336   27.697457075119019     
         337   22.969807088375092     
         338   8.2872200012207031     
         339   12.151577472686768     
         340   12.523922920227051     
         341   13.947389721870422     
         342   13.048368692398071     
         343   4.8449194431304932     
         344   44.607276916503906     
         345   19.159502610564232     
         346   11.915557980537415     
         347   2.6260161399841309     
         348   8.8456010818481445     
         349   15.382652878761292     
         350   24.994158744812012     
         351   24.298192560672760     
         352   14.305062294006348     
         353   27.165490984916687     
         354   23.030273020267487     
         355   22.942686080932617     
         356   16.984885036945343     
         357   23.601519167423248     
         358   4.8585748672485352     
         359   5.6714177131652832     
         360   26.591659188270569     
         361   30.750839710235596     
         362   16.548309028148651     
         363   7.3151016235351562     
         364   16.780292391777039     
         365   16.305840015411377     
         366   5.5043840408325195     
         367   20.328115113079548     
         368   11.180722713470459     
         369   36.206480264663696     
         370   16.937903463840485     
         371   17.598737180233002     
         372   18.259284198284149     
         373   11.763995289802551     
         374   8.9959037303924561     
         375   44.623765945434570     
         376   10.712317824363708     
         377   16.191744208335876     
         378   29.335024952888489     
         379   14.831825494766235     
         380   13.430206775665283     
         381   10.112526416778564     
         382   39.191503524780273     
         383   19.843780687078834     
         384   36.620252132415771     
         385   35.418813228607178     
         386   12.697803378105164     
         387   3.7077510356903076     
         388   16.106964945793152     
         389   12.135888934135437     
         390   22.015319913625717     
         391   21.772106885910034     
         392   22.322051525115967     
         393   13.682168126106262     
         394   10.323815941810608     
         395   29.767646789550781     
         396   15.956766307353973     
         397   23.568885028362274     
         398   19.515917375683784     
         399   16.817373633384705     
         400   19.992305401829071     
         401   29.519798159599304     
         402   17.465545237064362     
         403   26.691520810127258     
         404   24.733472168445587     
         405   1.6561985015869141     
         406   7.9469609260559082     
         407   19.705813396722078     
         408   15.406452417373657     
         409   15.940973460674286     
         410   17.360725104808807     
         411   21.737465262413025     
         412   23.756262362003326     
         413   11.169147491455078     
         414   11.956331133842468     
         415   22.519526481628418     
         416   11.984416246414185     
         417   9.4940876960754395     
         418   21.010850891470909     
         419   27.499707341194153     
         420   14.843969941139221     
         421   22.375346273183823     
         422   16.819601655006409     
         423   15.651094317436218     
         424   10.406708717346191     
         425   23.134897947311401     
         426   18.429848849773407     
         427   8.3409655094146729     
         428   41.090197563171387     
         429   21.501444280147552     
         430   16.619849503040314     
         431   16.905443966388702     
         432   21.033781543374062     
         433   14.798731207847595     
         434   19.332683533430099     
         435   40.874438285827637     
         436   17.597697675228119     
         437   20.790344923734665     
         438   29.224119186401367     
         439   21.244111061096191     
         440   23.503927886486053     
         441   18.092963546514511     
         442   10.365346670150757     
         443   29.054762125015259     
         444   26.090416908264160     
         445   31.780470609664917     
         446   31.775521039962769     
         447   9.9193048477172852     
         448   14.233282804489136     
         449   9.7553873062133789     
         450   11.658051013946533     
         451   16.827500760555267     
         452   20.937770083546638     
         453   7.4959397315979004     
         454   38.983527421951294     
         455   19.817031938582659     
         456   27.668836116790771     
         457   12.769131064414978     
         458   22.976899743080139     
         459   8.6153769493103027     
         460   13.282070159912109     
         461   36.984755992889404     
         462   6.8231165409088135     
         463   17.202001214027405     
         464   32.205005884170532     
         465   12.778225541114807     
         466   25.342428684234619     
         467   22.571427822113037     
         468   25.748432278633118     
         469   16.992709636688232     
         470   29.594382643699646     
         471   23.861058950424194     
         472   22.504783272743225     
         473   23.920501470565796     
         474   30.659873485565186     
         475   17.032854557037354     
         476   15.576941072940826     
         477   18.403497040271759     
         478   32.674499750137329     
         479   17.222458124160767     
         480   33.599017858505249     
         481   9.0937876701354980     
         482   8.0339336395263672     
         483   38.803040981292725     
         484   20.517348982393742     
         485   18.890319094061852     
         486   26.705027222633362     
         487   12.233511805534363     
         488   27.866310477256775     
         489   24.160294830799103     
         490   23.848576545715332     
         491   33.561137914657593     
         492   26.724987030029297     
         493   29.837492108345032     
         494   18.785701692104340     
         495   27.585021257400513     
         496   18.225574791431427     
         497   30.929905176162720     
         498   21.578035056591034     
         499   16.752303242683411     
         500   23.202428817749023     
         501   9.1819643974304199     
         502   30.333577394485474     
         503   14.958873987197876     
         504   25.751807689666748     
         505   29.598140120506287     
         506   20.210989359766245     
         507   17.265297472476959     
         508   9.4612848758697510     
         509   23.239974975585938     
         510   16.349904239177704     
         511   18.483532220125198     
         512   16.891156136989594     
         513   13.475846648216248     
         514   23.737285435199738     
         515   16.066129207611084     
         516   3.3600354194641113     
         517   33.112473487854004     
         518   9.2751550674438477     
         519   9.4443833827972412     
         520   17.035835683345795     
         521   26.987855434417725     
         522   19.356286227703094     
         523   4.5529353618621826     
         524   18.914676755666733     
         525   6.3006412982940674     
         526   12.643904089927673     
         527   22.331829667091370     
         528   19.073278009891510     
         529   35.504345893859863     
         530   17.633045166730881     
         531   16.224669814109802     
         532   33.521103858947754     
         533   19.206425845623016     
         534   23.512986004352570     
         535   16.351351141929626     
         536   18.033866882324219     
         537   14.544686079025269     
         538   6.4786505699157715     
         539   11.634971499443054     
         540   12.416960597038269     
         541   19.234334379434586     
         542   20.847891569137573     
         543   18.454742431640625     
         544   24.510626196861267     
         545   15.574422180652618     
         546   7.2855091094970703     
         547   15.465112924575806     
         548   31.339495182037354     
         549   12.684749364852905     
         550   15.991386175155640     
         551   22.880271077156067     
         552   10.718890428543091     
         553   42.380406856536865     
         554   17.412261664867401     
         555   19.071176946163177     
         556   4.7877907752990723     
         557   9.2798101902008057     
         558   19.321653991937637     
         559   15.132533609867096     
         560   9.9403202533721924     
         561   29.845008254051208     
         562   18.704135268926620     
         563   6.3675713539123535     
         564   24.063289761543274     
         565   9.4913744926452637     
         566   17.557950913906097     
         567   18.374829888343811     
         568   5.0160050392150879     
         569   5.9021162986755371     
         570   9.0000581741333008     
         571   5.0108683109283447     
         572   28.376767039299011     
         573   25.075345635414124     
         574   8.3060503005981445     
         575   20.115193137899041     
         576   11.687480211257935     
         577   10.087510943412781     
         578   7.7527081966400146     
         579   7.9580485820770264     
         580   31.774586439132690     
         581   34.903492927551270     
         582   17.022273540496826     
         583   3.7788736820220947     
         584   19.283554702997208     
         585   23.691598176956177     
         586   26.858003139495850     
         587   26.868137717247009     
         588   7.1092081069946289     
         589   4.2560148239135742     
         590   21.643325090408325     
         591   22.435552328824997     
         592   21.186734288930893     
         593   7.3241245746612549     
         594   38.220703601837158     
         595   19.091204479336739     
         596   17.911045849323273     
         597   26.192967295646667     
         598   11.602224707603455     
         599   14.800295829772949     
         600   13.779464960098267     
         601   27.069855928421021     
         602   20.097672687843442     
         603   5.2020275592803955     
         604   30.137133598327637     
         605   27.735087275505066     
         606   19.477663598954678     
         607   21.494873762130737     
         608   3.5982036590576172     
         609   16.919627487659454     
         610   16.264891624450684     
         611   15.515394806861877     
         612   25.120134949684143     
         613   12.072820067405701     
         614   19.779627081006765     
         615   17.819395512342453     
         616   33.248224258422852     
         617   18.023118078708649     
         618   20.109754959121346     
         619   17.090554833412170     
         620   30.573830604553223     
         621   36.293289661407471     
         622   24.811524748802185     
         623   2.2358846664428711     
         624   23.379521071910858     
         625   14.689043760299683     
         626   32.048807144165039     
         627   24.117557108402252     
         628   23.821066617965698     
         629   7.7605426311492920     
         630   35.906772613525391     
         631   10.142869353294373     
         632   22.060061246156693     
         633   24.794915020465851     
         634   16.067360341548920     
         635   20.315740145742893     
         636   35.732207298278809     
         637   18.721273094415665     
         638   24.558531045913696     
         639   1.5801548957824707     
         640   18.242316842079163     
         641   4.7800230979919434     
         642   29.513179659843445     
         643   23.848283290863037     
         644   13.443523645401001     
         645   1.1485314369201660     
         646   26.963008642196655     
         647   17.320367991924286     
         648   8.7754201889038086     
         649   28.592129945755005     
         650   29.333465695381165     
         651   28.292952775955200     
         652   15.001297593116760     
         653   13.164088129997253     
         654   15.077829360961914     
         655   19.840916618704796     
         656   31.525311470031738     
         657   10.281015038490295     
         658   16.853152513504028     
         659   8.7795937061309814     
         660   22.813764512538910     
         661   36.064085960388184     
         662   14.863826036453247     
         663   14.477683305740356     
         664   21.774502694606781     
         665   13.977282047271729     
         666   9.5348250865936279     
         667   17.259635031223297     
         668   23.861609399318695     
         669   17.707452923059464     
         670   21.793649345636368     
         671   16.161024570465088     
         672   6.6556560993194580     
         673   17.201384603977203     
         674   38.734248876571655     
         675   28.800911307334900     
         676   28.979113698005676     
         677   18.394970595836639     
         678   9.1876137256622314     
         679   18.379542529582977     
         680   29.031629562377930     
         681   23.555875420570374     
         682   10.341172218322754     
         683   16.961497664451599     
         684   29.807188510894775     
         685   14.684304594993591     
         686   24.758520126342773     
         687   14.744062423706055     
         688   8.0312132835388184     
         689   28.045313358306885     
         690   26.563485264778137     
         691   14.246657490730286     
         692   21.706914156675339     
         693   11.020980477333069     
         694   16.686863005161285     
         695   24.742368161678314     
         696   34.618141651153564     
         697   31.543322801589966     
         698   24.436677694320679     
         699   23.525221347808838     
         700   29.829069972038269     
         701   25.700262784957886     
         702   5.2652800083160400     
         703   17.990415245294571     
         704   33.154321908950806     
         705   31.374441385269165     
         706   29.528888463973999     
         707   23.728218376636505     
         708   35.508669614791870     
         709   14.620493650436401     
         710   23.329954445362091     
         711   12.452846169471741     
         712   24.705686569213867     
         713   16.506549417972565     
         714   12.078898549079895     
         715   28.055721521377563     
         716   29.551954269409180     
         717   19.694527629762888     
         718   25.675069689750671     
         719   17.479114532470703     
         720   13.752469420433044     
         721   4.5099151134490967     
         722   31.654397249221802     
         723   15.062062740325928     
         724   31.652631759643555     
         725   20.628807470202446     
         726   39.097408056259155     
         727   27.115117907524109     
         728   22.184721082448959     
         729   14.518874883651733     
         730   29.497784376144409     
         731   16.452338397502899     
         732   32.570768594741821     
         733   39.426264762878418     
         734   32.661716938018799     
         735   22.448959797620773     
         736   16.739569604396820     
         737   35.108714103698730     
         738   17.122897207736969     
         739   4.8184180259704590     
         740   19.267457425594330     
         741   5.4163074493408203     
         742   15.366068482398987     
         743   24.271144866943359     
         744   23.853510022163391     
         745   4.0646982192993164     
         746   20.676427260041237     
         747   17.076233625411987     
         748   13.687897324562073     
         749   17.677831798791885     
         750   32.245903015136719     
         751   19.245890453457832     
         752   7.5852870941162109     
         753   24.271453917026520     
         754   17.645329385995865     
         755   17.486601471900940     
         756   23.394784629344940     
         757   19.188966602087021     
         758   21.179751679301262     
         759   21.360495388507843     
         760   8.4783065319061279     
         761   20.919584706425667     
         762   30.775997638702393     
         763   13.668845295906067     
         764   19.563781507313251     
         765   17.103297412395477     
         766   12.296146750450134     
         767   34.959648847579956     
         768   34.341752529144287     
         769   26.073794364929199     
         770   20.517666190862656     
         771   12.738716602325439     
         772   21.400096863508224     
         773   27.428320646286011     
         774   5.4258537292480469     
         775   17.139130234718323     
         776   14.302181005477905     
         777   32.153292894363403     
         778   25.785762667655945     
         779   21.888611018657684     
         780   14.728097319602966     
         781   45.985777378082275     
         782   33.605037927627563     
         783   3.1015491485595703     
         784   15.460833609104156     
         785   18.826271221041679     
         786   21.769124865531921     
         787   19.440671466290951     
         788   25.239262580871582     
         789   14.834794998168945     
         790   22.433768957853317     
         791   18.266833871603012     
         792   15.342879593372345     
         793   30.018006563186646     
         794   15.268424153327942     
         795   31.785060167312622     
         796   24.678424894809723     
         797   18.216109275817871     
         798   30.521881580352783     
         799   34.908021688461304     
         800   21.870207190513611     
         801   14.491958022117615     
         802   19.897267706692219     
         803   27.826170325279236     
         804   31.507971286773682     
         805   9.2234802246093750     
         806   32.072856426239014     
         807   18.646501153707504     
         808   14.394869208335876     
         809   11.597893834114075     
         810   21.694301217794418     
         811   26.536859273910522     
         812   14.921202659606934     
         813   23.454436063766479     
         814   26.914509534835815     
         815   28.778703808784485     
         816   11.685234308242798     
         817   14.187819361686707     
         818   13.755310773849487     
         819   30.049976110458374     
         820   28.703721761703491     
         821   24.401882588863373     
         822   34.171624183654785     
         823   9.4217896461486816     
         824   7.5623202323913574     
         825   25.004875063896179     
         826   21.281816661357880     
         827   14.126706123352051     
         828   22.198483645915985     
         829   9.1398417949676514     
         830   9.7560942173004150     
         831   23.354320526123047     
         832   4.6825873851776123     
         833   12.392209768295288     
         834   8.9188778400421143     
         835   24.415183067321777     
         836   13.268676996231079     
         837   21.968973278999329     
         838   21.531513333320618     
         839   13.609612584114075     
         840   4.4997167587280273     
         841   23.372603654861450     
         842   8.8373196125030518     
         843   30.483785867691040     
         844   19.103860333561897     
         845   38.118785619735718     
         846   23.053993582725525     
         847   22.162962555885315     
         848   23.326990902423859     
         849   20.040135025046766     
         850   10.232459902763367     
         851   23.438568711280823     
         852   12.937765717506409     
         853   37.663357257843018     
         854   26.556054353713989     
         855   2.3275923728942871     
         856   36.297568082809448     
         857   1.1667954921722412     
         858   12.942364811897278     
         859   21.877143681049347     
         860   21.378479897975922     
         861   15.987323224544525     
         862   27.119346857070923     
         863   24.457511603832245     
         864   28.512178659439087     
         865   27.323303222656250     
         866   13.517268300056458     
         867   26.739935278892517     
         868   3.1760823726654053     
         869   16.520580053329468     
         870   16.007911860942841     
         871   5.0286948680877686     
         872   8.5057401657104492     
         873   18.634800463914871     
         874   16.057730615139008     
         875   7.3519253730773926     
         876   14.994054436683655     
         877   31.709737777709961     
         878   22.266180664300919     
         879   20.541332811117172     
         880   21.565649360418320     
         881   27.509091496467590     
         882   13.942140340805054     
         883   25.862567424774170     
         884   25.765819549560547     
         885   1.8813765048980713     
         886   17.214269638061523     
         887   16.403515040874481     
         888   18.445362150669098     
         889   13.205540180206299     
         890   24.809052348136902     
         891   35.098181962966919     
         892   13.882695436477661     
         893   34.085863828659058     
         894   12.998624444007874     
         895   4.9771976470947266     
         896   34.374576807022095     
         897   11.839286088943481     
         898   29.613585472106934     
         899   11.419216394424438     
         900   23.520264327526093     
         901   19.225226640701294     
         902   9.1038656234741211     
         903   23.909542560577393     
         904   15.363228023052216     
         905   19.847601931542158     
         906   36.083215475082397     
         907   29.001801013946533     
         908   14.007131457328796     
         909   18.053079694509506     
         910   27.898445725440979     
         911   9.6108996868133545     
         912   35.835058689117432     
         913   14.608291387557983     
         914   12.860637307167053     
         915   4.1983616352081299     
         916   17.068850100040436     
         917   27.994874715805054     
         918   11.540890932083130     
         919   21.860843002796173     
         920   18.674508333206177     
         921   25.884302258491516     
         922   19.030386507511139     
         923   20.674054697155952     
         924   18.107748031616211     
         925   7.9040157794952393     
         926   18.759018406271935     
         927   7.9284548759460449     
         928   13.493131399154663     
         929   19.261458069086075     
         930   18.798774853348732     
         931   26.858531832695007     
         932   11.769055724143982     
         933   9.3051922321319580     
         934   25.491574406623840     
         935   11.556705832481384     
         936   13.016114830970764     
         937   13.469839096069336     
         938   27.155895233154297     
         939   26.196548938751221     
         940   2.6236009597778320     
         941   21.319173276424408     
         942   24.186042845249176     
         943   13.167901039123535     
         944   20.845687091350555     
         945   23.612806499004364     
         946   29.807677268981934     
         947   10.255341529846191     
         948   5.7784080505371094     
         949   26.722828149795532     
         950   6.3641989231109619     
         951   16.400771737098694     
         952   19.317477345466614     
         953   22.563513517379761     
         954   15.151587724685669     
         955   27.970824241638184     
         956   28.016936182975769     
         957   21.210462152957916     
         958   17.595587968826294     
         959   37.983708381652832     
         960   13.148843646049500     
         961   20.573715157806873     
         962   29.187176823616028     
         963   14.978597760200500     
         964   40.071516036987305     
         965   36.991158723831177     
         966   22.831352055072784     
         967   29.387048482894897     
         968   17.252912819385529     
         969   9.0368878841400146     
         970   25.105075240135193     
         971   29.101780056953430     
         972   31.126201152801514     
         973   12.520164847373962     
         974   18.276405930519104     
         975   23.980053961277008     
         976   8.6577057838439941     
         977   18.408159166574478     
         978   25.125657916069031     
         979   12.472168207168579     
         980   7.7519249916076660     
         981   28.591141104698181     
         982   24.699217081069946     
         983   25.100644230842590     
         984   14.681324958801270     
         985   14.200313091278076     
         986   10.642406940460205     
         987   24.057080447673798     
         988   25.647855401039124     
         989   20.614945851266384     
         990   39.650754928588867     
         991   29.735879898071289     
         992   16.612448990345001     
         993   12.900649905204773     
         994   5.3589808940887451     
         995   7.2969496250152588     
         996   23.643245697021484     
         997   21.045173853635788     
         998   24.757200479507446     
         999   43.306322097778320     
        1000   28.659719228744507     
        1001   32.133538722991943     
        1002   25.602568984031677     
        1003   6.8960952758789062     
        1004   18.526836037635803     
        1005   9.2225492000579834     
        1006   14.626261591911316     
        1007   14.390666484832764     
        1008   28.826436400413513     
        1009   10.715715885162354     
        1010   9.5888471603393555     
        1011   28.830074667930603     
        1012   26.640228033065796     
        1013   20.186110865324736     
        1014   23.108968436717987     
        1015   16.970442235469818     
        1016   16.551039814949036     
        1017   9.5211708545684814     
        1018   18.686776161193848     
        1019   17.586867362260818     
        1020   3.4621512889862061     
        1021   29.877476096153259     
        1022   27.056318521499634     
        1023   12.155923843383789     
        1024   16.324044466018677     
        1025   8.3944952487945557     
        1026   18.658380657434464     
        1027   19.630713500082493     
        1028   41.264526844024658     
        1029   33.856912851333618     
        1030   9.5000934600830078     
        1031   23.343277275562286     
        1032   31.939749717712402     
        1033   8.1146669387817383     
        1034   32.102397680282593     
        1035   19.975906184408814     
        1036   27.186720371246338     
        1037   11.578809022903442     
        1038   7.4400079250335693     
        1039   26.036307215690613     
        1040   24.063238799571991     
        1041   27.582119107246399     
        1042   10.854958295822144     
        1043   24.063981473445892     
        1044   16.759337782859802     
        1045   25.643244981765747     
        1046   18.466205000877380     
        1047   18.439805358648300     
        1048   18.454357236623764     
        1049   34.452552795410156     
        1050   8.4474956989288330     
        1051   46.521823406219482     
        1052   23.865093588829041     
        1053   30.103211402893066     
        1054   18.980138376355171     
        1055   1.9254350662231445     
        1056   26.569018363952637     
        1057   34.187561273574829     
        1058   5.1545357704162598     
        1059   13.745722770690918     
        1060   12.634640932083130     
        1061   11.100389957427979     
        1062   18.298250883817673     
        1063   26.974246501922607     
        1064   33.194183111190796     
        1065   32.547522783279419     
        1066   18.055471926927567     
        1067   21.108770966529846     
        1068   17.674313187599182     
        1069   20.544974096119404     
        1070   11.162103414535522     
        1071   3.4461045265197754     
        1072   33.425145149230957     
        1073   26.782074570655823     
        1074   15.976649224758148     
        1075   18.369976729154587     
        1076   17.226768136024475     
        1077   18.570079058408737     
        1078   28.991518020629883     
        1079   24.578147232532501     
        1080   26.891046762466431     
        1081   19.844272732734680     
        1082   23.508750796318054     
        1083   16.790857315063477     
        1084   21.855544000864029     
        1085   30.240083932876587     
        1086   19.132582768797874     
        1087   12.735214233398438     
        1088   27.636050581932068     
        1089   33.615137338638306     
        1090   31.285288333892822     
        1091   23.451375067234039     
        1092   15.758274793624878     
        1093   5.9343409538269043     
        1094   31.136387586593628     
        1095   11.921628117561340     
        1096   30.043413639068604     
        1097   4.0511047840118408     
        1098   9.3198955059051514     
        1099   8.9699661731719971     
        1100   28.670189380645752     
        1101   17.502466887235641     
        1102   19.844206934794784     
        1103   14.268330335617065     
        1104   36.498386859893799     
        1105   12.064236998558044     
        1106   20.789894163608551     
        1107   21.018152236938477     
        1108   31.044852733612061     
        1109   19.339308440685272     
        1110   34.370681047439575     
        1111   21.822484433650970     
        1112   35.045762062072754     
        1113   9.1210615634918213     
        1114   20.344970710575581     
        1115   22.732380926609039     
        1116   23.738702237606049     
        1117   32.338427305221558     
        1118   27.626277208328247     
        1119   32.559908628463745     
        1120   8.6980319023132324     
        1121   13.911562561988831     
        1122   28.704036474227905     
        1123   19.338001757860184     
        1124   7.6067280769348145     
        1125   29.821379780769348     
        1126   28.084471821784973     
        1127   6.0151314735412598     
        1128   16.349342763423920     
        1129   21.282785534858704     
        1130   29.162175655364990     
        1131   8.2876920700073242     
        1132   13.554378747940063     
        1133   15.459130704402924     
        1134   24.855566620826721     
        1135   3.9932262897491455     
        1136   27.172822952270508     
        1137   29.855617880821228     
        1138   15.076850354671478     
        1139   33.701864480972290     
        1140   17.401420772075653     
        1141   27.309685945510864     
        1142   17.553335726261139     
        1143   27.567405104637146     
        1144   30.923746824264526     
        1145   14.149005413055420     
        1146   11.849145889282227     
        1147   8.0095195770263672     
        1148   10.155254602432251     
        1149   14.382693767547607     
        1150   22.927873134613037     
        1151   25.754699707031250     
        1152   16.691114008426666     
        1153   19.696477893739939     
        1154   8.2297241687774658     
        1155   19.263724982738495     
        1156   43.503689765930176     
        1157   9.6137702465057373     
        1158   33.021098375320435     
        1159   27.077403068542480     
        1160   2.9456782341003418     
        1161   13.301600217819214     
        1162   16.774837374687195     
        1163   28.570840358734131     
        1164   15.351452231407166     
        1165   14.988749027252197     
        1166   4.9411451816558838     
        1167   10.209318399429321     
        1168   17.131161391735077     
        1169   4.8969316482543945     
        1170   13.228392004966736     
        1171   23.180799186229706     
        1172   9.4413018226623535     
        1173   22.652007341384888     
        1174   25.376607179641724     
        1175   11.702373623847961     
        1176   19.148400723934174     
        1177   27.016124725341797     
        1178   25.343532562255859     
        1179   18.807499930262566     
        1180   11.406971812248230     
        1181   26.434285640716553     
        1182   28.478415012359619     
        1183   18.708013296127319     
        1184   15.369982421398163     
        1185   25.080418586730957     
        1186   10.006181001663208     
        1187   32.982738018035889     
        1188   21.512050777673721     
        1189   20.604790449142456     
        1190   16.756168901920319     
        1191   6.0474789142608643     
        1192   10.038307905197144     
        1193   15.712720751762390     
        1194   31.974449157714844     
        1195   29.852007031440735     
        1196   21.972191184759140     
        1197   20.446064807474613     
        1198   16.231490671634674     
        1199   25.654224753379822     
        1200   18.602837920188904     
        1201   16.388091444969177     
        1202   27.666922211647034     
        1203   42.412347793579102     
        1204   22.715872228145599     
        1205   24.274358153343201     
        1206   34.973140954971313     
        1207   30.595040321350098     
        1208   7.9268705844879150     
        1209   30.705310106277466     
        1210   8.3108615875244141     
        1211   26.955808401107788     
        1212   24.306115508079529     
        1213   23.487646281719208     
        1214   21.861731112003326     
        1215   5.6803929805755615     
        1216   12.450581789016724     
        1217   38.051211833953857     
        1218   19.056578353047371     
        1219   27.107772231101990     
        1220   32.739144563674927     
        1221   16.432067751884460     
        1222   23.764614462852478     
        1223   12.332790493965149     
        1224   3.9321208000183105     
        1225   18.836504966020584     
        1226   2.2006940841674805     
        1227   25.386221408843994     
        1228   24.540553987026215     
        1229   28.908787369728088     
        1230   4.5825624465942383     
        1231   34.113267660140991     
        1232   11.707088947296143     
        1233   9.1655397415161133     
        1234   22.515979707241058     
        1235   14.007673859596252     
        1236   28.282416462898254     
        1237   26.865586042404175     
        1238   35.904685258865356     
        1239   11.464256048202515     
        1240   26.324400305747986     
        1241   30.334839820861816     
        1242   32.186391353607178     
        1243   2.3952007293701172     
        1244   8.3411931991577148     
        1245   31.883226633071899     
        1246   15.726620852947235     
        1247   10.605142116546631     
        1248   16.998171806335449     
        1249   26.811049580574036     
        1250   13.400440216064453     
        1251   19.453790783882141     
        1252   22.230928838253021     
        1253   3.6156237125396729     
        1254   17.743405997753143     
        1255   31.937922239303589     
        1256   20.277629699558020     
        1257   15.389630198478699     
        1258   13.459784984588623     
        1259   10.660198330879211     
        1260   14.961946010589600     
        1261   26.066986322402954     
        1262   11.509738564491272     
        1263   20.382692255079746     
        1264   13.843062520027161     
        1265   9.8265182971954346     
        1266   22.345176190137863     
        1267   20.180518496781588     
        1268   24.362826347351074     
        1269   22.936448156833649     
        1270   21.336818784475327     
        1271   9.6171629428863525     
        1272   3.2872605323791504     
        1273   31.043443679809570     
        1274   16.776051223278046     
        1275   14.766911864280701     
        1276   33.196493387222290     
        1277   16.020627915859222     
        1278   26.084297299385071     
        1279   20.793754681944847     
        1280   16.050535738468170     
        1281   10.230570435523987     
        1282   19.389235302805901     
        1283   25.847787857055664     
        1284   24.622207283973694     
        1285   7.9239404201507568     
        1286   34.739997386932373     
        1287   24.110833108425140     
        1288   7.8256392478942871     
        1289   12.855173349380493     
        1290   11.463554501533508     
        1291   5.1734256744384766     
        1292   18.746118992567062     
        1293   21.457023024559021     
        1294   16.237772703170776     
        1295   26.703042984008789     
        1296   32.393323183059692     
        1297   21.757690757513046     
        1298   27.717158198356628     
        1299   10.412067174911499     
        1300   11.773462295532227     
        1301   19.310720413923264     
        1302   30.926238298416138     
        1303   13.452824354171753     
        1304   26.153567433357239     
        1305   26.920289993286133     
        1306   18.596691042184830     
        1307   15.991121530532837     
        1308   15.328441858291626     
        1309   20.864607244729996     
        1310   7.8103220462799072     
        1311   24.437866806983948     
        1312   13.049225807189941     
        1313   24.496835768222809     
        1314   21.467222124338150     
        1315   8.6137831211090088     
        1316   13.952037692070007     
        1317   30.745031833648682     
        1318   17.038603127002716     
        1319   23.641998171806335     
        1320   17.961281687021255     
        1321   25.256081819534302     
        1322   4.2269051074981689     
        1323   9.6933186054229736     
        1324   22.378444373607635     
        1325   17.489666938781738     
        1326   23.764851093292236     
        1327   25.919142961502075     
        1328   23.634562790393829     
        1329   24.371940791606903     
        1330   12.602769136428833     
        1331   19.388035163283348     
