1.586042684944105439e-05
1.825338601705658604e-05
3.221503044903296621e-05
1.575371240106669964e-05
1.575371240106669964e-05
2.390565090183611148e-05
2.714487854291695998e-05
1.745845270477100345e-05
1.745845270477100345e-05
2.033153592635563711e-05
1.332485979596767337e-05
1.332485979596767337e-05
1.393391015093976133e-05
1.245227642337142131e-05
1.245227642337142131e-05
2.058956776844115101e-05
2.763834712415291019e-05
1.012026520150097741e-05
1.012026520150097741e-05
1.943989386065053080e-05
1.365430842749583365e-05
1.365430842749583365e-05
2.884065393688587157e-05
2.884065393688587157e-05
1.056385876816453458e-05
1.056385876816453458e-05
2.076059361464852976e-05
2.755981250787665170e-05
2.732862961590247117e-05
1.544565635451598373e-05
3.186683034262061907e-05
1.137486923722870592e-05
1.137486923722870592e-05
1.449421608078320728e-05
1.449421608078320728e-05
1.761159477759638412e-05
1.761159477759638412e-05
3.050095064860458796e-05
1.367706689062625196e-05
1.367706689062625196e-05
1.304369894310113343e-05
1.304369894310113343e-05
2.411840729916019053e-05
1.793253369358926131e-05
1.793253369358926131e-05
2.241798775397238394e-05
2.243464339546610473e-05
2.424317995117490727e-05
2.424317995117490727e-05
2.486919437758133405e-05
1.805057910525415259e-05
1.688753050608492268e-05
1.688753050608492268e-05
1.263764015494341058e-05
1.263764015494341058e-05
1.134820611362875391e-05
1.134820611362875391e-05
1.795688819898118998e-05
2.296588785447363116e-05
1.160117003862544567e-05
2.852190369837840785e-05
2.849606366476137602e-05
1.622965751665293732e-05
1.622965751665293732e-05
1.497316052434100743e-05
1.497316052434100743e-05
1.770116585859177243e-05
1.770116585859177243e-05
1.919537278447225179e-05
1.919537278447225179e-05
2.083774089149990506e-05
2.083774089149990506e-05
2.860101706343028851e-05
2.860101706343028851e-05
3.242822857847972720e-05
2.304473275702977820e-05
1.396480847804861985e-05
1.396480847804861985e-05
2.477487192470532600e-05
2.094711433176053833e-05
1.494491254779246426e-05
1.494491254779246426e-05
1.998033485783123713e-05
2.879587021943446389e-05
2.396486395433185246e-05
2.289279718902785752e-05
1.132523713690271397e-05
1.132523713690271397e-05
2.806086462571510251e-05
1.808521498459572527e-05
1.195036421708500492e-05
1.195036421708500492e-05
2.280676122923989220e-05
2.267978651587509049e-05
1.841047592261783501e-05
1.841047592261783501e-05
1.490917768469790206e-05
1.490917768469790206e-05
2.061028408105736447e-05
1.469389815306586995e-05
2.781780279586060575e-05
2.157098957211262964e-05
1.164866451518357077e-05
1.164866451518357077e-05
2.061301582155380829e-05
1.064144958756002502e-05
1.064144958756002502e-05
1.105493358300857979e-05
1.775517006964164992e-05
2.555977907411323280e-05
2.413081572128411011e-05
2.412351389467293902e-05
2.412351389467293902e-05
2.521534520959694964e-05
2.271199301868076913e-05
1.910897859890586277e-05
1.233709954549833526e-05
1.233709954549833526e-05
1.757601364195914345e-05
1.462151555335238062e-05
1.822577062520732964e-05
1.822577062520732964e-05
1.096510601136102508e-05
1.096510601136102508e-05
2.008821084315673736e-05
2.294425169262644308e-05
2.082393851666081039e-05
2.082393851666081039e-05
1.200617495405400250e-05
1.200617495405400250e-05
1.366290425940492280e-05
1.366290425940492280e-05
2.262964508578806685e-05
2.262964508578806685e-05
2.924716666952513524e-05
1.369837316224528534e-05
1.369837316224528534e-05
1.431710800069416458e-05
1.150561078478080233e-05
1.150561078478080233e-05
1.405120658416061565e-05
2.653967111906413155e-05
1.621603404937970157e-05
1.621603404937970157e-05
2.124769250470830313e-05
2.686994197524700023e-05
2.794494276063970553e-05
1.420421690874900013e-05
1.023684760711288618e-05
1.023684760711288618e-05
2.656022141909546074e-05
2.853623930811760917e-05
2.659837842969915597e-05
1.346631051406307849e-05
1.346631051406307849e-05
2.282577555907157007e-05
2.197797483999267793e-05
2.197797483999267793e-05
2.730493325259017868e-05
1.366303746476669086e-05
1.725764114787499946e-05
1.647706896008714045e-05
1.647706896008714045e-05
2.558758003120904150e-05
2.171194877293433485e-05
2.171194877293433485e-05
1.532712666562285618e-05
1.532712666562285618e-05
3.137061049794122157e-05
1.983275660600789986e-05
2.728246639943497331e-05
2.728246639943497331e-05
1.817021234080382197e-05
1.817021234080382197e-05
1.899355247502102951e-05
3.196598539517696454e-05
2.031398538967668876e-05
1.605406467510779429e-05
1.605406467510779429e-05
1.918556846368595800e-05
2.027302457378549156e-05
2.027302457378549156e-05
1.556200836580787800e-05
1.517247045642701597e-05
1.517247045642701597e-05
1.296365340812004282e-05
1.296365340812004282e-05
2.011923326870895004e-05
2.011923326870895004e-05
2.741708962530655096e-05
1.534858731606953298e-05
1.371326199719398723e-05
1.371326199719398723e-05
1.107127186402268925e-05
1.107127186402268925e-05
2.293120718204354590e-05
2.293120718204354590e-05
2.779651650317434310e-05
2.609727365430525493e-05
2.077133817857901719e-05
1.125901022817848292e-05
2.773262790037766596e-05
2.773262790037766596e-05
3.164980027674370544e-05
3.300325186211443892e-05
2.059160901879515876e-05
1.199190751378658778e-05
1.161609363416197984e-05
1.161609363416197984e-05
1.861969091411237297e-05
2.700381674429289328e-05
2.050430659687056112e-05
2.050430659687056112e-05
2.596563608195866338e-05
1.224754944493031010e-05
1.224754944493031010e-05
1.860841826459186827e-05
1.281823746361198426e-05
1.281823746361198426e-05
1.447351499771418566e-05
2.196537507006412907e-05
1.806214155270796475e-05
1.806214155270796475e-05
1.651023237189475619e-05
1.651023237189475619e-05
1.077976394017538385e-05
1.077976394017538385e-05
2.031433355007912684e-05
1.547950955953307281e-05
1.481114034447503066e-05
1.822191167352987530e-05
2.444642003035787595e-05
2.444642003035787595e-05
3.169716700205390083e-05
3.324179283677644440e-05
1.326627695683141386e-05
1.326627695683141386e-05
2.157940993000191836e-05
1.742546694474310520e-05
1.742546694474310520e-05
1.356019399167207163e-05
2.369665816678791399e-05
1.127188653252550038e-05
1.127188653252550038e-05
1.456612422393649875e-05
1.879978892604165945e-05
2.807432759972291862e-05
2.068935454481668707e-05
2.068935454481668707e-05
2.219715772338296637e-05
2.055125828826367157e-05
1.624849802832434458e-05
1.624849802832434458e-05
1.389601330127706394e-05
1.389601330127706394e-05
1.578826157729822501e-05
1.390504501760808664e-05
1.390504501760808664e-05
1.901770808861422992e-05
2.403591383869009990e-05
1.737987285528858045e-05
1.737987285528858045e-05
2.049750299387302754e-05
1.167000712323178355e-05
1.167000712323178355e-05
1.204402340618945395e-05
1.009556154093542019e-05
1.009556154093542019e-05
1.657029519349300728e-05
1.657029519349300728e-05
2.491433191746101727e-05
2.195532842808995647e-05
2.195532842808995647e-05
2.743089429653163417e-05
2.743089429653163417e-05
2.340620874828115185e-05
1.571539367855139522e-05
1.012065082855348634e-05
1.012065082855348634e-05
2.274959487607237081e-05
2.065436357847385204e-05
2.065436357847385204e-05
2.262259671603618312e-05
2.980415498794920323e-05
1.981521085132606291e-05
1.981521085132606291e-05
1.284254821701977585e-05
1.284254821701977585e-05
1.157712535449012031e-05
1.157712535449012031e-05
1.985947105815624456e-05
2.266640971179576344e-05
2.822964494657835164e-05
2.822964494657835164e-05
3.247322738664374698e-05
1.739429884708963578e-05
1.739429884708963578e-05
2.456765901172450108e-05
1.542044929578146876e-05
1.475394054688543722e-05
1.557920911254762530e-05
1.557920911254762530e-05
1.209689740715774271e-05
1.209689740715774271e-05
1.878609232287193180e-05
1.093743581152072036e-05
1.093743581152072036e-05
2.540485844822225266e-05
2.540485844822225266e-05
1.974295085645109686e-05
3.092661963432116306e-05
1.817022509098362661e-05
1.817022509098362661e-05
1.413059038725745718e-05
1.413059038725745718e-05
1.987686727213103778e-05
1.985880498983141082e-05
1.079296608397910713e-05
1.079296608397910713e-05
2.091093197745272581e-05
1.567003227566679638e-05
2.610734561845025391e-05
2.227058756741098734e-05
1.854220154740004932e-05
1.101912083364490946e-05
1.101912083364490946e-05
1.921941291763879531e-05
1.921941291763879531e-05
1.250319012279548289e-05
1.250319012279548289e-05
1.903157625182373230e-05
1.392385973358641800e-05
1.392385973358641800e-05
2.392197028787833012e-05
1.246723454536162557e-05
1.246723454536162557e-05
1.868082524470919827e-05
1.394965866572537013e-05
1.394965866572537013e-05
1.686650347584049746e-05
1.867573646697032083e-05
1.867573646697032083e-05
1.332874609368625782e-05
1.332874609368625782e-05
2.003346602419031318e-05
2.420183359634675961e-05
2.514723370214577865e-05
1.086203098462361794e-05
1.086203098462361794e-05
1.915561073025019129e-05
1.323111733542617799e-05
1.323111733542617799e-05
2.525676514937563524e-05
1.822434430406753980e-05
1.822434430406753980e-05
1.896445464861535937e-05
1.087743744383159303e-05
1.087743744383159303e-05
1.159950952009300791e-05
1.159950952009300791e-05
1.210593241797719964e-05
1.210593241797719964e-05
2.919213807955871326e-05
2.859196437926103996e-05
2.428409608720419257e-05
1.349513116780269909e-05
1.349513116780269909e-05
1.577101122068286601e-05
1.577101122068286601e-05
2.787478083100719040e-05
1.204207347202312886e-05
1.625231994983100588e-05
1.625231994983100588e-05
2.471244978640356365e-05
2.471244978640356365e-05
1.251081897367288873e-05
1.203213326705792439e-05
1.203213326705792439e-05
2.124595296266380172e-05
1.463916767082616565e-05
1.124405628885420932e-05
1.124405628885420932e-05
1.754943072182946719e-05
1.754943072182946719e-05
1.806135119005438519e-05
1.806135119005438519e-05
2.284821621554599839e-05
1.624858538664475797e-05
1.624858538664475797e-05
1.481530032554819937e-05
2.489882412857257968e-05
2.171780242708938681e-05
2.171780242708938681e-05
2.861881207209346847e-05
2.415477830082225809e-05
2.415477830082225809e-05
2.445117216744587490e-05
2.164894179412408539e-05
2.164894179412408539e-05
1.055569160513441348e-05
2.640003138323124729e-05
1.188835009303399025e-05
1.188835009303399025e-05
1.639752140410267930e-05
1.639752140410267930e-05
2.275902849560074609e-05
1.944172279396018101e-05
1.258250872633337514e-05
1.258250872633337514e-05
2.187004805071926254e-05
1.764183064315504398e-05
1.593731565194160332e-05
1.593731565194160332e-05
1.246118009553123081e-05
1.246118009553123081e-05
1.681832047554500072e-05
1.681832047554500072e-05
2.731634236380637635e-05
1.127567559305142694e-05
1.127567559305142694e-05
2.135058563767918370e-05
1.539298517318092639e-05
1.390960942531160010e-05
1.390960942531160010e-05
1.456516310640405134e-05
1.456516310640405134e-05
1.933615644849282837e-05
2.776370362857808968e-05
1.161815156055957669e-05
1.161815156055957669e-05
1.272504423005894234e-05
1.272504423005894234e-05
1.846192924252175471e-05
1.792376323850506888e-05
1.127279553742550795e-05
1.127279553742550795e-05
2.562428550389369013e-05
1.789984949387815038e-05
1.789984949387815038e-05
1.545738086145397529e-05
1.534777574536205517e-05
1.534777574536205517e-05
2.395855551515262616e-05
1.651055708579314134e-05
1.651055708579314134e-05
1.997905257702797674e-05
1.232489221200231204e-05
1.232489221200231204e-05
1.487681630787150922e-05
2.570807037615178712e-05
1.397055939327466070e-05
1.397055939327466070e-05
2.964026298731171774e-05
2.594468045985106431e-05
2.209583013477488999e-05
2.209583013477488999e-05
1.564199257880138918e-05
1.522166231955929976e-05
1.522166231955929976e-05
1.635285813010919960e-05
1.120511297157236073e-05
1.937503576500597416e-05
1.389971196136376906e-05
1.074328684081099998e-05
1.074328684081099998e-05
1.473688100254033227e-05
1.276962449391193802e-05
1.276962449391193802e-05
1.978495525515995570e-05
3.340986378713541781e-05
2.325475431899675215e-05
1.994658054507736863e-05
1.443102145668655016e-05
1.443102145668655016e-05
1.541992310581657429e-05
1.541992310581657429e-05
3.049880379787990483e-05
3.312823505287747656e-05
1.050534144685826527e-05
1.050534144685826527e-05
2.411232497878685054e-05
2.576468978193426133e-05
1.388352459363994175e-05
1.388352459363994175e-05
1.665000516297197001e-05
1.665000516297197001e-05
1.928955965980873544e-05
1.298552759989397326e-05
1.067319974404299588e-05
1.067319974404299588e-05
1.249148982362668473e-05
1.249148982362668473e-05
1.150047367145248091e-05
1.150047367145248091e-05
1.819185150388475238e-05
1.819185150388475238e-05
3.130672890049182529e-05
2.529911391684347015e-05
2.448281233432280477e-05
2.448281233432280477e-05
2.024164943574132425e-05
2.010744744890844297e-05
2.010744744890844297e-05
2.749640448132028637e-05
3.060920198527899809e-05
3.345142723396074926e-05
2.825408565258177894e-05
1.466278509209948842e-05
1.414633065984002197e-05
1.283593663554409099e-05
1.199565659705741971e-05
2.089999311866476970e-05
2.089999311866476970e-05
2.651691830095063616e-05
2.894114210594910162e-05
1.545407659155152632e-05
1.545407659155152632e-05
1.645103562400569393e-05
1.013904232286650013e-05
1.013904232286650013e-05
1.728475921695300053e-05
1.728475921695300053e-05
2.553478628752704147e-05
2.104562543196618525e-05
1.633173056328358140e-05
1.633173056328358140e-05
2.248905220144596634e-05
2.248905220144596634e-05
1.656622323010344949e-05
1.382432532033105635e-05
1.734776819488480107e-05
1.734776819488480107e-05
1.070346942975378908e-05
1.070346942975378908e-05
2.932227455998570343e-05
2.586115877366709784e-05
1.209149483918152403e-05
1.209149483918152403e-05
1.120184923391507788e-05
1.120184923391507788e-05
2.415744969182682876e-05
3.237927989527679233e-05
2.877130823451779732e-05
2.193759651541261007e-05
2.193759651541261007e-05
2.483421663404307433e-05
1.144109256303797487e-05
1.144109256303797487e-05
2.052125140815819638e-05
2.052125140815819638e-05
1.949912067637279216e-05
1.949912067637279216e-05
2.222362379164391925e-05
1.566311385014502227e-05
1.566311385014502227e-05
2.662266860433926561e-05
2.494898435868927531e-05
2.494898435868927531e-05
1.683178144614874848e-05
1.683178144614874848e-05
2.908161434941592855e-05
2.408892045098444810e-05
2.407634705971452895e-05
1.217879212438401254e-05
1.217879212438401254e-05
1.729112145685944308e-05
1.729112145685944308e-05
1.706831511804185583e-05
1.706831511804185583e-05
3.008372167710775892e-05
1.777201883706936426e-05
1.777201883706936426e-05
1.103702253675603193e-05
1.103702253675603193e-05
1.796458366510492478e-05
2.514237458866968772e-05
2.530408698398842944e-05
1.079615795861159530e-05
1.079615795861159530e-05
2.221371680011648776e-05
1.498857261238255154e-05
1.498857261238255154e-05
1.903392757477926636e-05
1.903392757477926636e-05
1.964940403228306113e-05
2.218794611892375507e-05
1.190656336796564493e-05
1.190656336796564493e-05
1.903922869420898492e-05
1.903922869420898492e-05
1.462154311047631670e-05
1.462154311047631670e-05
1.850264769226806760e-05
1.057315236519984699e-05
1.057315236519984699e-05
2.950481005039325263e-05
1.545208713647186317e-05
1.545208713647186317e-05
2.302423364329813092e-05
2.302423364329813092e-05
2.531648053183831908e-05
1.244646953651650692e-05
1.244646953651650692e-05
2.134586654348185367e-05
2.134586654348185367e-05
1.710387102276771844e-05
1.121965935587632204e-05
1.121965935587632204e-05
1.723827445885072694e-05
1.723827445885072694e-05
1.078907677323533634e-05
2.192946145209160512e-05
2.440969327738509115e-05
2.424957147641352504e-05
2.193966488746936592e-05
1.781524614618986118e-05
1.781524614618986118e-05
1.342658707241532738e-05
1.101341092498277136e-05
1.101341092498277136e-05
1.750354499638073237e-05
1.843286941186272280e-05
1.843286941186272280e-05
1.236032257654982920e-05
1.236032257654982920e-05
1.052627500384315732e-05
1.052627500384315732e-05
2.401776072870981328e-05
1.265559081837302224e-05
1.265559081837302224e-05
1.674655239684976759e-05
1.674655239684976759e-05
3.092347617376087817e-05
2.343531368510934972e-05
1.331874129242359729e-05
1.331874129242359729e-05
1.885178079863815683e-05
1.740541969178815548e-05
1.740541969178815548e-05
1.590743361665973143e-05
2.820047022320299368e-05
2.820047022320299368e-05
2.770891772769515441e-05
2.770891772769515441e-05
2.168534418766179702e-05
1.530726814062505781e-05
1.530726814062505781e-05
1.635480348023394501e-05
1.635480348023394501e-05
1.353893297239069040e-05
2.042197517221670960e-05
1.976822080381371075e-05
1.523683891086611943e-05
1.523683891086611943e-05
2.577732256086069239e-05
2.577732256086069239e-05
2.287646444798929356e-05
2.287646444798929356e-05
1.694644819965147178e-05
1.694644819965147178e-05
2.337337027618239063e-05
2.337337027618239063e-05
1.613812183309776922e-05
1.613812183309776922e-05
1.228272601802505893e-05
1.228272601802505893e-05
2.802853304671048366e-05
3.388477302343310282e-05
1.999363073068495211e-05
1.167379040673896432e-05
1.021283784559344127e-05
2.163892102180250057e-05
1.178532629880164972e-05
1.178532629880164972e-05
2.604976019113489183e-05
2.264835809881947485e-05
2.264835809881947485e-05
1.237916972454810556e-05
1.237916972454810556e-05
1.381752816643157530e-05
1.507885385292309444e-05
1.507885385292309444e-05
1.466294128240937385e-05
1.021341728301152349e-05
1.021341728301152349e-05
1.647009999754030110e-05
1.449144988780117213e-05
1.449144988780117213e-05
1.038722511957830201e-05
1.038722511957830201e-05
1.079726969804094719e-05
1.570993363464026963e-05
2.541564426303287628e-05
2.369892613046067743e-05
2.369892613046067743e-05
2.695199446134628545e-05
1.767859228467504290e-05
1.576126760179531722e-05
1.377269865018212166e-05
1.377269865018212166e-05
1.353644178434582625e-05
1.353644178434582625e-05
2.942703098233829184e-05
2.942703098233829184e-05
3.267510569305418400e-05
1.563349106367073552e-05
1.479533525817164046e-05
1.205657717403927639e-05
1.205657717403927639e-05
1.275950772330939884e-05
2.405632613791898312e-05
1.519122902167189412e-05
1.519122902167189412e-05
2.902424963997159935e-05
1.658078730312557679e-05
1.658078730312557679e-05
1.998822498460888064e-05
2.224699692649254696e-05
2.336391360760146365e-05
2.336391360760146365e-05
1.878766175654974333e-05
2.111948554019334675e-05
1.065701616386960306e-05
1.065701616386960306e-05
2.532869703922590815e-05
2.545739978033883185e-05
2.420146719513246916e-05
2.420146719513246916e-05
2.279720529395344618e-05
2.094397773149258305e-05
1.147755251476520229e-05
1.297896073106163066e-05
1.168560442248466688e-05
1.168560442248466688e-05
1.465375751502308200e-05
1.465375751502308200e-05
1.968755634709257088e-05
1.310432337191194724e-05
1.310432337191194724e-05
1.808847439759685911e-05
1.990385070207907839e-05
1.990385070207907839e-05
2.587533965298402072e-05
1.990869860816230644e-05
1.990869860816230644e-05
2.286427496951304355e-05
2.360114171415275856e-05
2.236893156102628583e-05
2.042646132190856459e-05
1.350415778600397025e-05
2.815629947515743716e-05
2.578274085563994625e-05
1.573364868320954420e-05
1.573364868320954420e-05
1.243279926738434351e-05
1.243279926738434351e-05
2.213334974489796964e-05
2.022257621196716883e-05
2.022257621196716883e-05
1.325920728994150138e-05
1.282543050207736794e-05
1.282543050207736794e-05
1.534393001716920807e-05
1.534393001716920807e-05
1.438948430522442579e-05
1.438948430522442579e-05
1.025164756645247588e-05
1.025164756645247588e-05
1.739936775064207969e-05
1.739936775064207969e-05
1.600453550073196803e-05
1.600453550073196803e-05
2.352037210070535584e-05
2.531153236722139750e-05
2.531153236722139750e-05
1.170594532657721093e-05
1.170594532657721093e-05
1.671458057812921200e-05
2.357331025967861161e-05
1.065257410234503522e-05
1.360996843702121552e-05
2.260832410717441204e-05
1.370353253521642722e-05
1.370353253521642722e-05
2.296322294158031742e-05
2.296322294158031742e-05
2.923079718718291062e-05
2.923079718718291062e-05
2.442477325736294451e-05
2.442477325736294451e-05
2.622114397208373114e-05
2.622114397208373114e-05
1.941654222682774687e-05
1.094618416962846623e-05
1.094618416962846623e-05
1.952199030801341406e-05
1.540375547933220778e-05
1.540375547933220778e-05
1.187164832174552052e-05
1.187164832174552052e-05
1.239288310340439786e-05
1.239288310340439786e-05
1.426681327809368907e-05
1.426681327809368907e-05
1.473242035501489254e-05
1.473242035501489254e-05
2.360951428283056556e-05
2.360951428283056556e-05
2.429578904198447751e-05
3.017544267311902853e-05
1.773263345107389151e-05
1.830914588124117278e-05
1.878287000967573931e-05
2.269528076268048476e-05
2.269528076268048476e-05
2.515014440676244180e-05
2.022121866886850608e-05
1.444127857165113836e-05
1.143749557069394868e-05
1.143749557069394868e-05
2.009264967112333561e-05
2.122099984169457923e-05
2.428088694338759176e-05
2.609674603278692035e-05
2.601149068630264762e-05
2.601149068630264762e-05
1.936253064973322583e-05
1.891925999952908443e-05
1.891925999952908443e-05
1.533639557755873658e-05
1.285780910363468141e-05
1.415783868451537755e-05
1.415783868451537755e-05
1.578688233018676871e-05
1.977062716263236952e-05
1.977062716263236952e-05
2.287405293676702861e-05
1.866704406318821371e-05
1.866704406318821371e-05
2.774689728280763017e-05
1.300830787420075275e-05
1.300830787420075275e-05
1.827406659958043922e-05
1.335865313922228691e-05
1.335865313922228691e-05
1.256207652501717936e-05
1.256207652501717936e-05
1.438134975424686237e-05
1.900066158931780543e-05
1.720236390477324385e-05
1.303183705379614230e-05
1.957692614920227190e-05
1.957692614920227190e-05
1.242235184530131289e-05
1.242235184530131289e-05
1.412886096936983801e-05
1.412886096936983801e-05
1.664039731698958770e-05
1.664039731698958770e-05
1.466460261606307550e-05
2.115664858868041191e-05
1.895060503338142426e-05
1.543919937005756136e-05
1.378921043943303830e-05
1.378921043943303830e-05
2.772865897620602679e-05
1.219063565858011103e-05
1.219063565858011103e-05
1.943557610489909967e-05
1.456404377421527892e-05
1.212178595669160326e-05
1.212178595669160326e-05
2.057120399860769275e-05
2.006894709638503660e-05
2.006894709638503660e-05
1.830032115726826754e-05
1.180635066242558336e-05
1.180635066242558336e-05
3.202144735051643660e-05
3.202144735051643660e-05
1.288776218394369912e-05
1.288776218394369912e-05
1.546420338394679584e-05
1.546420338394679584e-05
2.491029741562620872e-05
2.491029741562620872e-05
2.406317083729559358e-05
2.406317083729559358e-05
2.773612802357318464e-05
2.773612802357318464e-05
1.282337019680083556e-05
1.282337019680083556e-05
2.887461162203364381e-05
1.071171632150996941e-05
1.071171632150996941e-05
2.569643128000681704e-05
1.890809287806203846e-05
1.073729004860957826e-05
1.065107589554929058e-05
1.065107589554929058e-05
1.689942696823152452e-05
1.689942696823152452e-05
2.801922440313028116e-05
2.249111002188946203e-05
1.610697978817770249e-05
1.610697978817770249e-05
2.463504826464214096e-05
2.325570503565818834e-05
2.325570503565818834e-05
2.224888888008025640e-05
2.049223269781300381e-05
2.049223269781300381e-05
1.190091032159867136e-05
1.190091032159867136e-05
1.107680476996304366e-05
1.107680476996304366e-05
2.158445913068207366e-05
2.629788407346578719e-05
2.629788407346578719e-05
1.885942816273021916e-05
2.504504997866512897e-05
1.134034869880899854e-05
1.134034869880899854e-05
1.221094822070055158e-05
1.221094822070055158e-05
2.033652009357670234e-05
3.075614585234833474e-05
1.061404971237733736e-05
1.061404971237733736e-05
1.351467916537318671e-05
2.752831409040439937e-05
1.239290307095054872e-05
1.239290307095054872e-05
1.748742364047002181e-05
1.071796296519515548e-05
1.071796296519515548e-05
1.677755035783882299e-05
1.743740846499229773e-05
1.743740846499229773e-05
1.897430945167778840e-05
1.134522984612336471e-05
1.134522984612336471e-05
1.673635672374175289e-05
1.458731888978887428e-05
1.458731888978887428e-05
1.882599457815488026e-05
2.172771371313909935e-05
3.260067435113540423e-05
1.127146267961561955e-05
1.127146267961561955e-05
2.299531982610253462e-05
2.299531982610253462e-05
2.345632077340761943e-05
1.614945155925628619e-05
1.019858399241092408e-05
1.019858399241092408e-05
1.096661587179325719e-05
1.213132232350878133e-05
1.100061700062108947e-05
1.100061700062108947e-05
1.860856524051140813e-05
2.463633237826424067e-05
2.013870890529071399e-05
1.124483644091893625e-05
1.124483644091893625e-05
2.046908171178572774e-05
1.309862255562941411e-05
1.309862255562941411e-05
2.410488646784495216e-05
2.410488646784495216e-05
1.266587908015497110e-05
2.025745554210429548e-05
2.025745554210429548e-05
2.743173357850097586e-05
1.562890694369075523e-05
1.295483024163938446e-05
1.295483024163938446e-05
2.975936513364496952e-05
2.597426024022058712e-05
2.597426024022058712e-05
1.389356743355960775e-05
1.389356743355960775e-05
1.029029067126871115e-05
1.029029067126871115e-05
2.239931524186024805e-05
1.252888646732651993e-05
1.252888646732651993e-05
1.890693612210232893e-05
2.733830473860851491e-05
1.269943476953951439e-05
2.110158332165055483e-05
1.992168735213927769e-05
1.992168735213927769e-05
2.836410925997038282e-05
2.609930315143110783e-05
1.524203065623000350e-05
1.524203065623000350e-05
1.009405916288584520e-05
1.009405916288584520e-05
1.608816333275940564e-05
1.495639765055866928e-05
1.495639765055866928e-05
1.597004218297760848e-05
1.184146992620337727e-05
1.184146992620337727e-05
2.131597430623839181e-05
2.062565965753673452e-05
2.062565965753673452e-05
1.626021193933881401e-05
1.626021193933881401e-05
1.160744077912529549e-05
1.337847638661981339e-05
1.337847638661981339e-05
2.267942710822668268e-05
2.267942710822668268e-05
2.968034919137586797e-05
2.950809553886305810e-05
1.213693112671879750e-05
1.213693112671879750e-05
1.212841387485057263e-05
1.164875903564810548e-05
2.115939860296663826e-05
2.115939860296663826e-05
2.725021485778745053e-05
1.037131791310298247e-05
1.037131791310298247e-05
1.965398489409296763e-05
1.965398489409296763e-05
2.457984841153146158e-05
2.457984841153146158e-05
2.297140014224157705e-05
2.669557090502327611e-05
2.305091194926981035e-05
2.305091194926981035e-05
2.739423245942038110e-05
1.761076939952876421e-05
1.761076939952876421e-05
1.841814621837628977e-05
2.654242056811625299e-05
2.654242056811625299e-05
1.495234380210559816e-05
1.386925985082682377e-05
1.108611659234662418e-05
1.108611659234662418e-05
1.719957539079031088e-05
1.492733178874193724e-05
1.268883131665126929e-05
1.268883131665126929e-05
2.051927745711894382e-05
2.051927745711894382e-05
2.684239032535988166e-05
2.684239032535988166e-05
2.804201491760863213e-05
2.859123737871372247e-05
2.373895657682047940e-05
1.218091872011002689e-05
1.218091872011002689e-05
1.846255015444917509e-05
1.711054079437189689e-05
1.430260110215866542e-05
1.712600610713217635e-05
1.138721125304399156e-05
1.138721125304399156e-05
2.331030370247786160e-05
1.217065075019885334e-05
1.217065075019885334e-05
1.333158744535000721e-05
1.767092241386511325e-05
1.767092241386511325e-05
2.226452219844081911e-05
1.761273220733854000e-05
1.761273220733854000e-05
2.009292534114635867e-05
1.824114577999456563e-05
1.824114577999456563e-05
1.479766761493359574e-05
1.479766761493359574e-05
1.698637407756630632e-05
2.327144970997304464e-05
2.490843868334910978e-05
1.352564545497569012e-05
2.233613683198471878e-05
2.146666123527889058e-05
1.003723296019219891e-05
1.003723296019219891e-05
1.551873324491463810e-05
1.551873324491463810e-05
2.035917496503500656e-05
2.035917496503500656e-05
2.551261505394830228e-05
2.272746492402881850e-05
3.282879581101838653e-05
2.251088047100983480e-05
2.251088047100983480e-05
1.693290916972302036e-05
1.693290916972302036e-05
2.238843873746314156e-05
2.238843873746314156e-05
2.132684827789120677e-05
1.045701667795983173e-05
1.404241122526399388e-05
1.239827314436431855e-05
1.239827314436431855e-05
2.335156015597075201e-05
1.349497994063247277e-05
1.349497994063247277e-05
2.219811784668975318e-05
1.332678362830985094e-05
1.332678362830985094e-05
3.165761758078364414e-05
2.878163385605671717e-05
1.686218098089600599e-05
1.686218098089600599e-05
2.076724278331396363e-05
1.543648453277824512e-05
1.543648453277824512e-05
1.613038526362460821e-05
2.493491002075670307e-05
1.627491155957766199e-05
1.627491155957766199e-05
2.472401253374832352e-05
1.746601170996341798e-05
1.746601170996341798e-05
3.283794373807145267e-05
1.297526085920694507e-05
1.297526085920694507e-05
1.797127417013172495e-05
1.797127417013172495e-05
1.329683794293918007e-05
1.329683794293918007e-05
1.981642279323766697e-05
2.015970232061439982e-05
1.803494843805977221e-05
1.803494843805977221e-05
3.185590504150492754e-05
3.135568787589861013e-05
3.135568787589861013e-05
2.015930563639015011e-05
1.646717181934784934e-05
1.461925059953081521e-05
1.893933889126603846e-05
1.338246044302617666e-05
1.338246044302617666e-05
2.579355558008212499e-05
2.291571838748143630e-05
2.291571838748143630e-05
2.770460353029412852e-05
2.455606125394796220e-05
1.056708897187113434e-05
1.056708897187113434e-05
2.495021813617998024e-05
2.495021813617998024e-05
2.514517756934992761e-05
2.098408578557734949e-05
2.098408578557734949e-05
1.689308235397901585e-05
1.689308235397901585e-05
2.065200563055818211e-05
2.065200563055818211e-05
1.603361832651481719e-05
1.640714712155987961e-05
1.061915898762977778e-05
1.061915898762977778e-05
1.686031673489251279e-05
1.686031673489251279e-05
1.647572777558871260e-05
1.647572777558871260e-05
1.194750217247154685e-05
1.162721220723047529e-05
1.162721220723047529e-05
2.716436283099736305e-05
3.207865497899495705e-05
3.207865497899495705e-05
1.474714151292845191e-05
1.474714151292845191e-05
1.618497406152739646e-05
2.764925394740279173e-05
2.764925394740279173e-05
1.592358660143546587e-05
1.592358660143546587e-05
1.706768921581782770e-05
2.222331238371532783e-05
2.222331238371532783e-05
2.947925669659999114e-05
1.873272634293625630e-05
1.873272634293625630e-05
2.175106700360935534e-05
2.951327379235319304e-05
1.046165577018724891e-05
1.046165577018724891e-05
1.325207631336047825e-05
1.344179812740066212e-05
1.365901154841648861e-05
2.276049810813309465e-05
2.551316483551209279e-05
2.551316483551209279e-05
1.170459970036254355e-05
1.170459970036254355e-05
1.737937817369013483e-05
1.878017807136479926e-05
1.822993558158788740e-05
1.162543396666461030e-05
1.162543396666461030e-05
1.995642232994016766e-05
2.578047770550515841e-05
3.270551428580533408e-05
1.497704758134893823e-05
1.497704758134893823e-05
1.399697494516369002e-05
1.002782040511779534e-05
1.586042684944105439e-05
1.332485979596767337e-05
2.908993024855134176e-05
1.393391015093976133e-05
1.245227642337142131e-05
2.058956776844115101e-05
2.763834712415291019e-05
2.714487854291695998e-05
1.012026520150097741e-05
2.033153592635563711e-05
1.943989386065053080e-05
1.586725477695091218e-05
1.332485979596767337e-05
2.908993024855134176e-05
1.393391015093976133e-05
1.245227642337142131e-05
1.056385876816453458e-05
2.076059361464852976e-05
2.851270879012654386e-05
1.012026520150097741e-05
2.311958598779674862e-05
1.544565635451598373e-05
1.586725477695091218e-05
1.365430842749583365e-05
1.137486923722870592e-05
2.712591281729984457e-05
1.449421608078320728e-05
1.056385876816453458e-05
1.761159477759638412e-05
2.851270879012654386e-05
2.755981250787665170e-05
1.367706689062625196e-05
1.544565635451598373e-05
2.276886975360453895e-05
1.304369894310113343e-05
1.137486923722870592e-05
2.411840729916019053e-05
1.449421608078320728e-05
2.180813226209141092e-05
1.761159477759638412e-05
2.944158161403482142e-05
2.424317995117490727e-05
1.367706689062625196e-05
2.210617641604052311e-05
2.276886975360453895e-05
1.304369894310113343e-05
1.688753050608492268e-05
2.411840729916019053e-05
1.263764015494341058e-05
1.355907670664418328e-05
1.134820611362875391e-05
1.795688819898118998e-05
2.296588785447363116e-05
2.486919437758133405e-05
1.160117003862544567e-05
2.753102087368308987e-05
1.805057910525415259e-05
1.688753050608492268e-05
1.622965751665293732e-05
1.263764015494341058e-05
1.355907670664418328e-05
1.134820611362875391e-05
1.770116585859177243e-05
2.296588785447363116e-05
1.919537278447225179e-05
1.160117003862544567e-05
2.633549166267972036e-05
2.083774089149990506e-05
2.849606366476137602e-05
1.622965751665293732e-05
2.342754242794889248e-05
1.497316052434100743e-05
2.190137905331174476e-05
1.396480847804861985e-05
3.425503441832304646e-05
1.919537278447225179e-05
2.094711433176053833e-05
2.024612256246987322e-05
1.494491254779246426e-05
1.998033485783123713e-05
2.860101706343028851e-05
2.879587021943446389e-05
2.396486395433185246e-05
2.289279718902785752e-05
1.132523713690271397e-05
3.445403633786361188e-05
2.477487192470532600e-05
1.808521498459572527e-05
2.024612256246987322e-05
1.195036421708500492e-05
1.998033485783123713e-05
3.017879524682445498e-05
2.267978651587509049e-05
1.841047592261783501e-05
2.289279718902785752e-05
1.132523713690271397e-05
2.061028408105736447e-05
2.806086462571510251e-05
1.469389815306586995e-05
2.735238372801834282e-05
1.195036421708500492e-05
2.157098957211262964e-05
1.164866451518357077e-05
2.061301582155380829e-05
1.841047592261783501e-05
1.064144958756002502e-05
1.105493358300857979e-05
1.775517006964164992e-05
2.555977907411323280e-05
1.469389815306586995e-05
2.426039062027326735e-05
1.822577062520732964e-05
2.412351389467293902e-05
1.096510601136102508e-05
2.008821084315673736e-05
2.271199301868076913e-05
1.910897859890586277e-05
1.233709954549833526e-05
1.757601364195914345e-05
1.200617495405400250e-05
1.462151555335238062e-05
1.604137610848432031e-05
1.366290425940492280e-05
3.140233343975198048e-05
1.096510601136102508e-05
2.008821084315673736e-05
3.331830780523528142e-05
1.369837316224528534e-05
1.431710800069416458e-05
2.189125298683347224e-05
1.150561078478080233e-05
1.768522890763455773e-05
1.405120658416061565e-05
1.366290425940492280e-05
2.653967111906413155e-05
1.621603404937970157e-05
2.124769250470830313e-05
2.686994197524700023e-05
1.369837316224528534e-05
1.431710800069416458e-05
1.420421690874900013e-05
1.023684760711288618e-05
1.768522890763455773e-05
1.405120658416061565e-05
2.853623930811760917e-05
2.653967111906413155e-05
1.621603404937970157e-05
1.346631051406307849e-05
2.686994197524700023e-05
2.282577555907157007e-05
2.197797483999267793e-05
1.420421690874900013e-05
1.023684760711288618e-05
1.366303746476669086e-05
2.656022141909546074e-05
1.725764114787499946e-05
1.647706896008714045e-05
2.595179817308190503e-05
1.346631051406307849e-05
2.171194877293433485e-05
2.282577555907157007e-05
1.532712666562285618e-05
3.085630286871225085e-05
2.730493325259017868e-05
1.366303746476669086e-05
3.275544714495019706e-05
1.725764114787499946e-05
1.647706896008714045e-05
1.817021234080382197e-05
1.899355247502102951e-05
2.171194877293433485e-05
3.196598539517696454e-05
1.532712666562285618e-05
1.605406467510779429e-05
2.329094345697072278e-05
1.918556846368595800e-05
3.387745034544003810e-05
2.027302457378549156e-05
2.741344938529421507e-05
1.556200836580787800e-05
1.517247045642701597e-05
2.773514043907012041e-05
1.296365340812004282e-05
2.031398538967668876e-05
1.605406467510779429e-05
2.329094345697072278e-05
1.918556846368595800e-05
2.736795085948210839e-05
1.534858731606953298e-05
1.371326199719398723e-05
1.556200836580787800e-05
1.107127186402268925e-05
2.443581247111090279e-05
1.296365340812004282e-05
2.864711932778994381e-05
2.011923326870895004e-05
2.609727365430525493e-05
2.077133817857901719e-05
1.125901022817848292e-05
1.534858731606953298e-05
1.371326199719398723e-05
2.557945259685808338e-05
1.107127186402268925e-05
2.443581247111090279e-05
2.059160901879515876e-05
1.199190751378658778e-05
1.161609363416197984e-05
2.362084181595141009e-05
1.861969091411237297e-05
1.125901022817848292e-05
2.700381674429289328e-05
2.050430659687056112e-05
3.164980027674370544e-05
2.596563608195866338e-05
1.224754944493031010e-05
1.860841826459186827e-05
1.199190751378658778e-05
1.161609363416197984e-05
1.956687495149437257e-05
1.447351499771418566e-05
1.822191167352987530e-05
2.196537507006412907e-05
1.806214155270796475e-05
2.607009334744414360e-05
1.651023237189475619e-05
2.317639411755750468e-05
1.077976394017538385e-05
2.157940993000191836e-05
2.031433355007912684e-05
1.547950955953307281e-05
1.481114034447503066e-05
1.356019399167207163e-05
2.554317526595984930e-05
2.369665816678791399e-05
1.127188653252550038e-05
1.456612422393649875e-05
1.879978892604165945e-05
1.326627695683141386e-05
2.157940993000191836e-05
2.068935454481668707e-05
1.742546694474310520e-05
2.340317030682132835e-05
1.356019399167207163e-05
2.055125828826367157e-05
1.624849802832434458e-05
1.127188653252550038e-05
1.389601330127706394e-05
1.578826157729822501e-05
2.590455595255425813e-05
1.390504501760808664e-05
1.901770808861422992e-05
2.219715772338296637e-05
2.954687619201733876e-05
2.339722950524338897e-05
1.737987285528858045e-05
1.624849802832434458e-05
1.930450545432220972e-05
1.167000712323178355e-05
1.204402340618945395e-05
2.345600377622409497e-05
1.009556154093542019e-05
1.901770808861422992e-05
1.657029519349300728e-05
2.954687619201733876e-05
2.339722950524338897e-05
1.737987285528858045e-05
2.049750299387302754e-05
3.284941023899253307e-05
1.167000712323178355e-05
1.204402340618945395e-05
2.340620874828115185e-05
1.009556154093542019e-05
1.012065082855348634e-05
1.657029519349300728e-05
2.490892197402039989e-05
2.208153380270832860e-05
2.065436357847385204e-05
2.195532842808995647e-05
3.074531086222173122e-05
2.743089429653163417e-05
1.981521085132606291e-05
2.340620874828115185e-05
1.284254821701977585e-05
1.012065082855348634e-05
1.157712535449012031e-05
1.634782357565061709e-05
1.985947105815624456e-05
2.065436357847385204e-05
2.262259671603618312e-05
2.822964494657835164e-05
2.980415498794920323e-05
1.981521085132606291e-05
1.739429884708963578e-05
1.284254821701977585e-05
2.442714715167971845e-05
1.157712535449012031e-05
1.475394054688543722e-05
1.985947105815624456e-05
1.557920911254762530e-05
2.902092074593632252e-05
1.209689740715774271e-05
1.878609232287193180e-05
2.025342757140771008e-05
1.093743581152072036e-05
2.456765901172450108e-05
2.540485844822225266e-05
1.542044929578146876e-05
1.475394054688543722e-05
2.487350151463736534e-05
1.557920911254762530e-05
1.817022509098362661e-05
1.209689740715774271e-05
1.413059038725745718e-05
2.025342757140771008e-05
1.093743581152072036e-05
1.985880498983141082e-05
1.079296608397910713e-05
3.082391540387371433e-05
1.974295085645109686e-05
1.567003227566679638e-05
2.610734561845025391e-05
1.817022509098362661e-05
2.227058756741098734e-05
1.413059038725745718e-05
1.101912083364490946e-05
1.987686727213103778e-05
1.921941291763879531e-05
1.079296608397910713e-05
1.250319012279548289e-05
2.091093197745272581e-05
1.987197267115702734e-05
1.867573646697032083e-05
1.392385973358641800e-05
1.332874609368625782e-05
2.003346602419031318e-05
1.246723454536162557e-05
1.868082524470919827e-05
2.514723370214577865e-05
1.086203098462361794e-05
1.997069353888273637e-05
1.686650347584049746e-05
2.856471839855243436e-05
1.323111733542617799e-05
2.742492478503410770e-05
1.332874609368625782e-05
1.822434430406753980e-05
2.370868521263402263e-05
1.896445464861535937e-05
1.087743744383159303e-05
1.086203098462361794e-05
1.159950952009300791e-05
1.915561073025019129e-05
1.265287710060901072e-05
1.210593241797719964e-05
2.919213807955871326e-05
2.525676514937563524e-05
1.822434430406753980e-05
2.370868521263402263e-05
1.349513116780269909e-05
1.087743744383159303e-05
1.577101122068286601e-05
1.159950952009300791e-05
2.472519175795944745e-05
1.204207347202312886e-05
1.210593241797719964e-05
1.625231994983100588e-05
2.935131351892560097e-05
2.471244978640356365e-05
2.428409608720419257e-05
1.251081897367288873e-05
1.203213326705792439e-05
1.577101122068286601e-05
2.787478083100719040e-05
1.463916767082616565e-05
1.204207347202312886e-05
1.124405628885420932e-05
1.625231994983100588e-05
1.754943072182946719e-05
1.883879038940761483e-05
1.806135119005438519e-05
1.251081897367288873e-05
1.203213326705792439e-05
1.624858538664475797e-05
3.172071699157464719e-05
1.463916767082616565e-05
2.489882412857257968e-05
1.124405628885420932e-05
2.171780242708938681e-05
1.754943072182946719e-05
1.883879038940761483e-05
1.806135119005438519e-05
2.284821621554599839e-05
2.896517068736157821e-05
1.624858538664475797e-05
2.635810524723160525e-05
1.055569160513441348e-05
2.489882412857257968e-05
2.640003138323124729e-05
1.188835009303399025e-05
2.542422718218961442e-05
1.639752140410267930e-05
2.415477830082225809e-05
2.275902849560074609e-05
1.944172279396018101e-05
1.258250872633337514e-05
2.366065029447348274e-05
1.055569160513441348e-05
2.604253092230231648e-05
1.764183064315504398e-05
1.188835009303399025e-05
2.340074470278322426e-05
1.246118009553123081e-05
2.398150070276776005e-05
1.681832047554500072e-05
1.944172279396018101e-05
1.258250872633337514e-05
1.127567559305142694e-05
2.187004805071926254e-05
2.604253092230231648e-05
1.764183064315504398e-05
1.539298517318092639e-05
1.390960942531160010e-05
1.246118009553123081e-05
1.456516310640405134e-05
1.681832047554500072e-05
2.776370362857808968e-05
2.731634236380637635e-05
1.127567559305142694e-05
1.887324683035074854e-05
1.321343441714178252e-05
1.272504423005894234e-05
1.539298517318092639e-05
1.390960942531160010e-05
1.792376323850506888e-05
1.127279553742550795e-05
1.933615644849282837e-05
2.562428550389369013e-05
1.789984949387815038e-05
1.161815156055957669e-05
1.545738086145397529e-05
1.980581304131063530e-05
1.397055939327466070e-05
2.803325307838481131e-05
2.395855551515262616e-05
1.651055708579314134e-05
2.051469369898747787e-05
1.997905257702797674e-05
1.232489221200231204e-05
1.487681630787150922e-05
1.635285813010919960e-05
2.517345637322555436e-05
1.120511297157236073e-05
1.397055939327466070e-05
1.937503576500597416e-05
1.389971196136376906e-05
1.074328684081099998e-05
1.473688100254033227e-05
2.459870636389745169e-05
1.276962449391193802e-05
1.522166231955929976e-05
1.635285813010919960e-05
2.517345637322555436e-05
1.120511297157236073e-05
2.515699305957713372e-05
1.937503576500597416e-05
1.389971196136376906e-05
1.074328684081099998e-05
1.473688100254033227e-05
2.459870636389745169e-05
1.276962449391193802e-05
1.978495525515995570e-05
1.050534144685826527e-05
1.801658462552399833e-05
2.325475431899675215e-05
2.954218751546546531e-05
1.994658054507736863e-05
1.388352459363994175e-05
2.344887244106201419e-05
1.541992310581657429e-05
2.830121252220766249e-05
1.928955965980873544e-05
1.298552759989397326e-05
1.050534144685826527e-05
1.246906299051668965e-05
2.190162439083988340e-05
1.249148982362668473e-05
2.303992725374944450e-05
1.150047367145248091e-05
2.158504987606539612e-05
1.665000516297197001e-05
2.830121252220766249e-05
1.928955965980873544e-05
1.298552759989397326e-05
1.067319974404299588e-05
1.246906299051668965e-05
2.024164943574132425e-05
1.249148982362668473e-05
2.010744744890844297e-05
1.150047367145248091e-05
2.158504987606539612e-05
1.819185150388475238e-05
3.435469667946123510e-05
2.825408565258177894e-05
1.466278509209948842e-05
1.414633065984002197e-05
1.283593663554409099e-05
1.199565659705741971e-05
2.981950033705252744e-05
2.010744744890844297e-05
2.651691830095063616e-05
2.916412034958665758e-05
2.894114210594910162e-05
1.545407659155152632e-05
1.975894791080105026e-05
1.466278509209948842e-05
1.013904232286650013e-05
1.283593663554409099e-05
1.199565659705741971e-05
1.728475921695300053e-05
2.089999311866476970e-05
2.588371985922619610e-05
2.104562543196618525e-05
1.633173056328358140e-05
1.545407659155152632e-05
1.975894791080105026e-05
1.645103562400569393e-05
1.013904232286650013e-05
1.382432532033105635e-05
2.351376118155798018e-05
1.728475921695300053e-05
1.983477557668443539e-05
1.070346942975378908e-05
2.104562543196618525e-05
1.633173056328358140e-05
2.586115877366709784e-05
1.209149483918152403e-05
2.462268077395277335e-05
1.120184923391507788e-05
1.122391761148246896e-05
2.415744969182682876e-05
1.734776819488480107e-05
1.983477557668443539e-05
1.070346942975378908e-05
2.193759651541261007e-05
2.483421663404307433e-05
2.586115877366709784e-05
1.144109256303797487e-05
2.602951759380532436e-05
1.120184923391507788e-05
1.122391761148246896e-05
2.461789950900766908e-05
1.949912067637279216e-05
2.268371429740110383e-05
2.222362379164391925e-05
1.217879212438401254e-05
2.733361473116639929e-05
1.729112145685944308e-05
2.494898435868927531e-05
1.706831511804185583e-05
1.683178144614874848e-05
2.014805021088401512e-05
2.094104325318993105e-05
1.777201883706936426e-05
2.408892045098444810e-05
1.103702253675603193e-05
1.217879212438401254e-05
2.514237458866968772e-05
1.729112145685944308e-05
2.530408698398842944e-05
1.079615795861159530e-05
3.008372167710775892e-05
2.221371680011648776e-05
2.094104325318993105e-05
1.498857261238255154e-05
2.534625398657663764e-05
1.103702253675603193e-05
1.796458366510492478e-05
2.218794611892375507e-05
2.856466909836297458e-05
1.190656336796564493e-05
1.079615795861159530e-05
1.903922869420898492e-05
2.221371680011648776e-05
2.506121447478206686e-05
1.462154311047631670e-05
1.900703469948971386e-05
1.850264769226806760e-05
1.057315236519984699e-05
2.218794611892375507e-05
2.856466909836297458e-05
1.190656336796564493e-05
2.246683877579106644e-05
1.903922869420898492e-05
2.942022106083172169e-05
2.682621727326747966e-05
1.462154311047631670e-05
1.244646953651650692e-05
1.850264769226806760e-05
1.057315236519984699e-05
3.260042442688117930e-05
1.710387102276771844e-05
1.121965935587632204e-05
2.585463520314413248e-05
1.723827445885072694e-05
2.641373516404528081e-05
1.078907677323533634e-05
2.192946145209160512e-05
1.244646953651650692e-05
2.440969327738509115e-05
2.134586654348185367e-05
2.193966488746936592e-05
1.710387102276771844e-05
1.121965935587632204e-05
1.342658707241532738e-05
1.101341092498277136e-05
1.309898110069859288e-05
1.078907677323533634e-05
2.192946145209160512e-05
1.843286941186272280e-05
2.302361973699975183e-05
1.236032257654982920e-05
2.193966488746936592e-05
1.052627500384315732e-05
2.401776072870981328e-05
1.342658707241532738e-05
1.101341092498277136e-05
1.309898110069859288e-05
1.750354499638073237e-05
1.674655239684976759e-05
1.843286941186272280e-05
2.302361973699975183e-05
1.236032257654982920e-05
1.331874129242359729e-05
1.052627500384315732e-05
1.885178079863815683e-05
1.740541969178815548e-05
1.265559081837302224e-05
1.590743361665973143e-05
2.688301427216445742e-05
1.674655239684976759e-05
3.063756552977184115e-05
2.770891772769515441e-05
2.343531368510934972e-05
1.331874129242359729e-05
1.530726814062505781e-05
1.885178079863815683e-05
1.635480348023394501e-05
1.919152086107570542e-05
1.353893297239069040e-05
2.042197517221670960e-05
2.681446004767021747e-05
1.976822080381371075e-05
1.523683891086611943e-05
3.053001828802274896e-05
2.168534418766179702e-05
1.530726814062505781e-05
2.119332970637594879e-05
1.635480348023394501e-05
1.694644819965147178e-05
1.353893297239069040e-05
1.021283784559344127e-05
2.163892102180250057e-05
3.106821880952485555e-05
1.178532629880164972e-05
1.622437990853229202e-05
1.228272601802505893e-05
2.264835809881947485e-05
2.515855770778738403e-05
1.237916972454810556e-05
1.999363073068495211e-05
1.167379040673896432e-05
1.021283784559344127e-05
1.507885385292309444e-05
3.106821880952485555e-05
1.178532629880164972e-05
1.021341728301152349e-05
3.040464968354003448e-05
1.647009999754030110e-05
1.449144988780117213e-05
1.237916972454810556e-05
1.038722511957830201e-05
1.099632216174151582e-05
1.079726969804094719e-05
1.507885385292309444e-05
2.990353535198966576e-05
1.466294128240937385e-05
1.021341728301152349e-05
2.695199446134628545e-05
1.647009999754030110e-05
1.449144988780117213e-05
1.576126760179531722e-05
1.038722511957830201e-05
1.099632216174151582e-05
1.079726969804094719e-05
1.353644178434582625e-05
2.990353535198966576e-05
2.541564426303287628e-05
2.369892613046067743e-05
2.695199446134628545e-05
1.563349106367073552e-05
1.479533525817164046e-05
1.205657717403927639e-05
1.275950772330939884e-05
1.956405911751621179e-05
2.405632613791898312e-05
1.353644178434582625e-05
1.519122902167189412e-05
2.902424963997159935e-05
3.096596179095074128e-05
1.658078730312557679e-05
1.563349106367073552e-05
1.479533525817164046e-05
1.205657717403927639e-05
1.275950772330939884e-05
2.599193901827188740e-05
1.878766175654974333e-05
3.170303465276978723e-05
1.519122902167189412e-05
1.065701616386960306e-05
2.532869703922590815e-05
1.658078730312557679e-05
1.998822498460888064e-05
2.224699692649254696e-05
2.433765301287286168e-05
2.279720529395344618e-05
2.094397773149258305e-05
1.147755251476520229e-05
1.331137856686928927e-05
1.297896073106163066e-05
1.065701616386960306e-05
2.532869703922590815e-05
1.465375751502308200e-05
3.183041740615053558e-05
1.968755634709257088e-05
1.310432337191194724e-05
1.808847439759685911e-05
2.094397773149258305e-05
1.147755251476520229e-05
1.331137856686928927e-05
1.297896073106163066e-05
1.168560442248466688e-05
1.990869860816230644e-05
1.465375751502308200e-05
2.360114171415275856e-05
1.968755634709257088e-05
1.310432337191194724e-05
1.808847439759685911e-05
1.350415778600397025e-05
2.516189146146751630e-05
1.990385070207907839e-05
2.578274085563994625e-05
1.573364868320954420e-05
1.990869860816230644e-05
1.243279926738434351e-05
2.213334974489796964e-05
2.666458582150355491e-05
2.022257621196716883e-05
2.042646132190856459e-05
1.325920728994150138e-05
3.062297666661155734e-05
1.282543050207736794e-05
2.578274085563994625e-05
1.534393001716920807e-05
3.052433845480649317e-05
1.243279926738434351e-05
2.200030836651398059e-05
1.025164756645247588e-05
2.022257621196716883e-05
1.739936775064207969e-05
1.325920728994150138e-05
1.360996843702121552e-05
1.600453550073196803e-05
2.352037210070535584e-05
1.370353253521642722e-05
2.531153236722139750e-05
2.296322294158031742e-05
1.170594532657721093e-05
1.671458057812921200e-05
3.300709992093116621e-05
2.357331025967861161e-05
1.065257410234503522e-05
1.360996843702121552e-05
2.260832410717441204e-05
2.537305191443077137e-05
1.370353253521642722e-05
1.094618416962846623e-05
2.296322294158031742e-05
1.952199030801341406e-05
1.540375547933220778e-05
1.926875559558869386e-05
1.187164832174552052e-05
1.490637245310245206e-05
2.814875976096279725e-05
1.239288310340439786e-05
2.041889309759782243e-05
1.426681327809368907e-05
1.094618416962846623e-05
1.473242035501489254e-05
1.952199030801341406e-05
1.540375547933220778e-05
1.926875559558869386e-05
1.187164832174552052e-05
1.490637245310245206e-05
1.773263345107389151e-05
1.239288310340439786e-05
1.878287000967573931e-05
1.426681327809368907e-05
2.269528076268048476e-05
1.473242035501489254e-05
2.515014440676244180e-05
2.022121866886850608e-05
1.444127857165113836e-05
1.143749557069394868e-05
3.011345744957998028e-05
1.773263345107389151e-05
1.830914588124117278e-05
1.878287000967573931e-05
2.383362161919179339e-05
2.269528076268048476e-05
2.601149068630264762e-05
2.515014440676244180e-05
1.936253064973322583e-05
1.444127857165113836e-05
1.143749557069394868e-05
1.533639557755873658e-05
1.285780910363468141e-05
2.122099984169457923e-05
1.415783868451537755e-05
1.578688233018676871e-05
2.079195926442749899e-05
1.977062716263236952e-05
3.021402135392231868e-05
1.936253064973322583e-05
1.866704406318821371e-05
3.081826781181062620e-05
1.533639557755873658e-05
1.285780910363468141e-05
1.300830787420075275e-05
1.415783868451537755e-05
1.578688233018676871e-05
1.335865313922228691e-05
1.977062716263236952e-05
1.256207652501717936e-05
1.438134975424686237e-05
1.866704406318821371e-05
2.110681224020334002e-05
1.720236390477324385e-05
1.303183705379614230e-05
1.300830787420075275e-05
1.827406659958043922e-05
2.145679439136415789e-05
1.242235184530131289e-05
2.341483923016180453e-05
1.256207652501717936e-05
1.438134975424686237e-05
1.664039731698958770e-05
2.110681224020334002e-05
1.466460261606307550e-05
1.303183705379614230e-05
2.222243701733569182e-05
1.895060503338142426e-05
1.543919937005756136e-05
1.242235184530131289e-05
2.341483923016180453e-05
1.412886096936983801e-05
1.219063565858011103e-05
1.664039731698958770e-05
1.943557610489909967e-05
1.456404377421527892e-05
1.255015632503375722e-05
1.212178595669160326e-05
1.895060503338142426e-05
1.543919937005756136e-05
1.378921043943303830e-05
3.135725813701062571e-05
1.830032115726826754e-05
1.180635066242558336e-05
3.078524534135031470e-05
1.943557610489909967e-05
1.456404377421527892e-05
1.510446081814185931e-05
1.282337019680083556e-05
2.783314969769155552e-05
1.546420338394679584e-05
1.071171632150996941e-05
2.491029741562620872e-05
2.561015799903973498e-05
1.890809287806203846e-05
1.073729004860957826e-05
1.065107589554929058e-05
2.138913283066645377e-05
1.510446081814185931e-05
1.282337019680083556e-05
3.263254901601485574e-05
2.801922440313028116e-05
1.071171632150996941e-05
1.610697978817770249e-05
3.151696118102806100e-05
1.890809287806203846e-05
1.073729004860957826e-05
1.065107589554929058e-05
2.138913283066645377e-05
2.356673822623369765e-05
1.689942696823152452e-05
2.920522782299384392e-05
1.190091032159867136e-05
1.802603722259687828e-05
1.107680476996304366e-05
2.158445913068207366e-05
2.463504826464214096e-05
2.325570503565818834e-05
2.747210136225238322e-05
1.885942816273021916e-05
2.356673822623369765e-05
2.049223269781300381e-05
1.134034869880899854e-05
1.190091032159867136e-05
1.221094822070055158e-05
1.107680476996304366e-05
2.158445913068207366e-05
3.187812787402315352e-05
1.061404971237733736e-05
1.351467916537318671e-05
1.885942816273021916e-05
2.504504997866512897e-05
2.770173808686460774e-05
1.134034869880899854e-05
2.953210665307578998e-05
1.221094822070055158e-05
1.071796296519515548e-05
1.677755035783882299e-05
3.111001418927094550e-05
1.061404971237733736e-05
1.351467916537318671e-05
1.897430945167778840e-05
2.752831409040439937e-05
1.134522984612336471e-05
1.239290307095054872e-05
2.953210665307578998e-05
1.458731888978887428e-05
1.071796296519515548e-05
1.677755035783882299e-05
3.111001418927094550e-05
1.743740846499229773e-05
1.127146267961561955e-05
1.897430945167778840e-05
3.310959150351459618e-05
1.134522984612336471e-05
1.673635672374175289e-05
2.345632077340761943e-05
1.458731888978887428e-05
1.019858399241092408e-05
1.096661587179325719e-05
1.213132232350878133e-05
1.981895571482372639e-05
1.100061700062108947e-05
1.401934813520553126e-05
1.860856524051140813e-05
2.299531982610253462e-05
2.463633237826424067e-05
2.013870890529071399e-05
1.124483644091893625e-05
1.019858399241092408e-05
1.096661587179325719e-05
1.213132232350878133e-05
1.981895571482372639e-05
1.100061700062108947e-05
1.401934813520553126e-05
1.266587908015497110e-05
2.480830258576716249e-05
2.025745554210429548e-05
2.013870890529071399e-05
1.124483644091893625e-05
1.562890694369075523e-05
1.295483024163938446e-05
1.309862255562941411e-05
2.995473306255606313e-05
2.410488646784495216e-05
2.471987173044058419e-05
1.266587908015497110e-05
1.389356743355960775e-05
2.025745554210429548e-05
1.029029067126871115e-05
2.239931524186024805e-05
1.562890694369075523e-05
1.252888646732651993e-05
1.890693612210232893e-05
2.733830473860851491e-05
2.597426024022058712e-05
1.269943476953951439e-05
3.152786987542019465e-05
1.495639765055866928e-05
1.597004218297760848e-05
2.261796355948347091e-05
1.184146992620337727e-05
2.131597430623839181e-05
1.524203065623000350e-05
1.708358850597366810e-05
1.009405916288584520e-05
1.608816333275940564e-05
2.313768340510702963e-05
1.160744077912529549e-05
1.495639765055866928e-05
1.337847638661981339e-05
2.261796355948347091e-05
1.184146992620337727e-05
2.131597430623839181e-05
2.522861641815370959e-05
2.062565965753673452e-05
1.213693112671879750e-05
1.626021193933881401e-05
1.212841387485057263e-05
1.160744077912529549e-05
1.761289462631253160e-05
1.337847638661981339e-05
2.725021485778745053e-05
2.267942710822668268e-05
1.037131791310298247e-05
2.038344046582514062e-05
1.965398489409296763e-05
1.213693112671879750e-05
2.457984841153146158e-05
1.212841387485057263e-05
1.164875903564810548e-05
2.475202037737824431e-05
2.115939860296663826e-05
2.305091194926981035e-05
2.863107194172938595e-05
1.037131791310298247e-05
1.761076939952876421e-05
1.841814621837628977e-05
3.123949825448787688e-05
2.457984841153146158e-05
2.871642726649987104e-05
1.848789964160045776e-05
1.495234380210559816e-05
1.386925985082682377e-05
1.108611659234662418e-05
1.719957539079031088e-05
2.739423245942038110e-05
1.492733178874193724e-05
1.268883131665126929e-05
2.746186720495317598e-05
2.051927745711894382e-05
2.808002116709126854e-05
1.848789964160045776e-05
1.495234380210559816e-05
1.386925985082682377e-05
1.108611659234662418e-05
1.719957539079031088e-05
2.373895657682047940e-05
1.218091872011002689e-05
1.268883131665126929e-05
2.746186720495317598e-05
1.711054079437189689e-05
1.430260110215866542e-05
1.712600610713217635e-05
2.028730176404612833e-05
1.138721125304399156e-05
2.714158692585887976e-05
2.331030370247786160e-05
1.217065075019885334e-05
1.218091872011002689e-05
1.846255015444917509e-05
1.767092241386511325e-05
1.711054079437189689e-05
1.430260110215866542e-05
1.712600610713217635e-05
1.761273220733854000e-05
1.138721125304399156e-05
2.714158692585887976e-05
1.824114577999456563e-05
1.217065075019885334e-05
1.333158744535000721e-05
1.698637407756630632e-05
1.767092241386511325e-05
2.490843868334910978e-05
2.226452219844081911e-05
1.352564545497569012e-05
1.761273220733854000e-05
2.009292534114635867e-05
2.146666123527889058e-05
1.003723296019219891e-05
2.389692720372606601e-05
1.479766761493359574e-05
1.698637407756630632e-05
2.035917496503500656e-05
2.490843868334910978e-05
2.551261505394830228e-05
1.352564545497569012e-05
2.233613683198471878e-05
3.248698017216879213e-05
2.146666123527889058e-05
1.003723296019219891e-05
1.693290916972302036e-05
1.551873324491463810e-05
2.238843873746314156e-05
2.035917496503500656e-05
2.132684827789120677e-05
1.045701667795983173e-05
1.551971684204807392e-05
1.404241122526399388e-05
1.239827314436431855e-05
2.076724278331396363e-05
2.677607814012331790e-05
1.349497994063247277e-05
1.613038526362460821e-05
2.240292627414005146e-05
1.332678362830985094e-05
1.627491155957766199e-05
2.335162132494579532e-05
2.947702718678366996e-05
2.472401253374832352e-05
1.686218098089600599e-05
2.076724278331396363e-05
2.982234952393793322e-05
1.297526085920694507e-05
1.613038526362460821e-05
1.797127417013172495e-05
2.375293937695142102e-05
1.329683794293918007e-05
2.335162132494579532e-05
1.981642279323766697e-05
2.015970232061439982e-05
1.746601170996341798e-05
1.803494843805977221e-05
3.429698959277720097e-05
1.297526085920694507e-05
3.135568787589861013e-05
1.797127417013172495e-05
2.015930563639015011e-05
1.329683794293918007e-05
1.461925059953081521e-05
1.893933889126603846e-05
2.015970232061439982e-05
1.338246044302617666e-05
1.803494843805977221e-05
3.430443234298665654e-05
2.291571838748143630e-05
2.770460353029412852e-05
3.356678851719094406e-05
2.015930563639015011e-05
1.056708897187113434e-05
1.112339880076186037e-05
1.893933889126603846e-05
2.495021813617998024e-05
1.338246044302617666e-05
2.514517756934992761e-05
2.098408578557734949e-05
2.291571838748143630e-05
1.689308235397901585e-05
2.245847554985737726e-05
2.065200563055818211e-05
1.056708897187113434e-05
1.112339880076186037e-05
2.133021749257647354e-05
1.640714712155987961e-05
1.061915898762977778e-05
2.486654581763356829e-05
1.686031673489251279e-05
2.819674180385178298e-05
1.647572777558871260e-05
2.245847554985737726e-05
1.194750217247154685e-05
1.162721220723047529e-05
1.603361832651481719e-05
2.133021749257647354e-05
1.640714712155987961e-05
1.061915898762977778e-05
2.486654581763356829e-05
1.474714151292845191e-05
1.618497406152739646e-05
1.647572777558871260e-05
2.764925394740279173e-05
1.194750217247154685e-05
1.162721220723047529e-05
2.197208058336500900e-05
1.706768921581782770e-05
3.308117979228890316e-05
2.222331238371532783e-05
3.234330291260351391e-05
1.474714151292845191e-05
1.618497406152739646e-05
2.175106700360935534e-05
2.764925394740279173e-05
2.883337001838276849e-05
1.046165577018724891e-05
2.197208058336500900e-05
1.325207631336047825e-05
1.344179812740066212e-05
1.365901154841648861e-05
2.276049810813309465e-05
2.763400452305884807e-05
1.873272634293625630e-05
2.175106700360935534e-05
1.170459970036254355e-05
1.737937817369013483e-05
1.046165577018724891e-05
1.878017807136479926e-05
1.325207631336047825e-05
1.344179812740066212e-05
1.162543396666461030e-05
1.995642232994016766e-05
2.578047770550515841e-05
2.551316483551209279e-05
2.762083069137485819e-05
1.170459970036254355e-05
1.737937817369013483e-05
1.399697494516369002e-05
1.002782040511779534e-05
1.586042684944105439e-05
1.825338601705658604e-05
2.412351389467293902e-05
3.313373658970724766e-05
1.575371240106669964e-05
2.271199301868076913e-05
1.910897859890586277e-05
1.233709954549833526e-05
1.745845270477100345e-05
2.033153592635563711e-05
1.462151555335238062e-05
2.419670670972186733e-05
1.332485979596767337e-05
2.908993024855134176e-05
1.096510601136102508e-05
1.245227642337142131e-05
2.058956776844115101e-05
2.294425169262644308e-05
2.082393851666081039e-05
1.012026520150097741e-05
1.200617495405400250e-05
1.943989386065053080e-05
1.586725477695091218e-05
1.365430842749583365e-05
3.140233343975198048e-05
2.262964508578806685e-05
2.924716666952513524e-05
1.056385876816453458e-05
1.369837316224528534e-05
1.431710800069416458e-05
2.189125298683347224e-05
1.150561078478080233e-05
1.544565635451598373e-05
1.405120658416061565e-05
2.925505899829986426e-05
1.137486923722870592e-05
1.621603404937970157e-05
1.449421608078320728e-05
2.180813226209141092e-05
1.761159477759638412e-05
3.257813521671258818e-05
1.420421690874900013e-05
1.023684760711288618e-05
2.210617641604052311e-05
2.276886975360453895e-05
1.304369894310113343e-05
2.656619897556208011e-05
2.411840729916019053e-05
1.346631051406307849e-05
2.241798775397238394e-05
2.243464339546610473e-05
2.197797483999267793e-05
2.424317995117490727e-05
2.486919437758133405e-05
1.366303746476669086e-05
2.753102087368308987e-05
1.725764114787499946e-05
1.647706896008714045e-05
2.451730244240624552e-05
1.263764015494341058e-05
1.355907670664418328e-05
1.134820611362875391e-05
1.532712666562285618e-05
2.296588785447363116e-05
3.137061049794122157e-05
1.160117003862544567e-05
2.852190369837840785e-05
2.728246639943497331e-05
2.849606366476137602e-05
1.622965751665293732e-05
1.899355247502102951e-05
1.497316052434100743e-05
2.190137905331174476e-05
1.770116585859177243e-05
1.605406467510779429e-05
1.919537278447225179e-05
1.918556846368595800e-05
2.633549166267972036e-05
2.027302457378549156e-05
2.741344938529421507e-05
1.556200836580787800e-05
1.517247045642701597e-05
2.773514043907012041e-05
1.296365340812004282e-05
1.396480847804861985e-05
2.011923326870895004e-05
2.477487192470532600e-05
2.094711433176053833e-05
2.024612256246987322e-05
1.494491254779246426e-05
1.371326199719398723e-05
2.557945259685808338e-05
1.107127186402268925e-05
2.396486395433185246e-05
2.289279718902785752e-05
1.132523713690271397e-05
2.779651650317434310e-05
2.609727365430525493e-05
1.808521498459572527e-05
1.125901022817848292e-05
1.195036421708500492e-05
2.280676122923989220e-05
3.062725232091018823e-05
2.267978651587509049e-05
1.841047592261783501e-05
2.059160901879515876e-05
1.199190751378658778e-05
1.161609363416197984e-05
2.362084181595141009e-05
1.469389815306586995e-05
3.132929188459318716e-05
2.700381674429289328e-05
2.050430659687056112e-05
1.164866451518357077e-05
2.061301582155380829e-05
1.224754944493031010e-05
1.064144958756002502e-05
1.105493358300857979e-05
1.281823746361198426e-05
1.956687495149437257e-05
1.447351499771418566e-05
2.471095649127328593e-05
2.196537507006412907e-05
1.806214155270796475e-05
2.607009334744414360e-05
1.651023237189475619e-05
2.271199301868076913e-05
1.077976394017538385e-05
1.233709954549833526e-05
1.757601364195914345e-05
1.547950955953307281e-05
1.462151555335238062e-05
1.822191167352987530e-05
1.822577062520732964e-05
2.444642003035787595e-05
1.096510601136102508e-05
2.008821084315673736e-05
3.331830780523528142e-05
1.326627695683141386e-05
2.082393851666081039e-05
2.191290866249606247e-05
1.200617495405400250e-05
2.340317030682132835e-05
1.356019399167207163e-05
1.366290425940492280e-05
2.369665816678791399e-05
1.127188653252550038e-05
1.456612422393649875e-05
1.879978892604165945e-05
1.369837316224528534e-05
1.431710800069416458e-05
2.068935454481668707e-05
1.150561078478080233e-05
1.768522890763455773e-05
1.405120658416061565e-05
2.055125828826367157e-05
1.624849802832434458e-05
1.621603404937970157e-05
1.389601330127706394e-05
1.578826157729822501e-05
2.590455595255425813e-05
1.390504501760808664e-05
1.420421690874900013e-05
1.023684760711288618e-05
2.564862477400688874e-05
2.339722950524338897e-05
1.737987285528858045e-05
2.049750299387302754e-05
2.659837842969915597e-05
1.167000712323178355e-05
1.204402340618945395e-05
2.282577555907157007e-05
1.009556154093542019e-05
3.085630286871225085e-05
1.657029519349300728e-05
1.366303746476669086e-05
3.178546724986748806e-05
1.725764114787499946e-05
1.647706896008714045e-05
2.595179817308190503e-05
2.558758003120904150e-05
2.171194877293433485e-05
2.340620874828115185e-05
1.532712666562285618e-05
1.012065082855348634e-05
2.274959487607237081e-05
1.983275660600789986e-05
2.208153380270832860e-05
2.065436357847385204e-05
2.262259671603618312e-05
1.817021234080382197e-05
1.899355247502102951e-05
1.981521085132606291e-05
2.418143161791573586e-05
1.284254821701977585e-05
1.605406467510779429e-05
1.157712535449012031e-05
1.634782357565061709e-05
1.985947105815624456e-05
2.027302457378549156e-05
2.741344938529421507e-05
1.556200836580787800e-05
1.517247045642701597e-05
2.773514043907012041e-05
1.296365340812004282e-05
2.456765901172450108e-05
2.011923326870895004e-05
1.542044929578146876e-05
1.475394054688543722e-05
2.487350151463736534e-05
1.534858731606953298e-05
1.371326199719398723e-05
1.209689740715774271e-05
1.107127186402268925e-05
2.025342757140771008e-05
1.093743581152072036e-05
2.909397885129168265e-05
2.540485844822225266e-05
2.609727365430525493e-05
1.974295085645109686e-05
1.125901022817848292e-05
2.977777366982538516e-05
1.817022509098362661e-05
2.935031412358977517e-05
1.413059038725745718e-05
2.440733928281097482e-05
1.987686727213103778e-05
1.199190751378658778e-05
1.079296608397910713e-05
2.362084181595141009e-05
1.861969091411237297e-05
1.567003227566679638e-05
2.610734561845025391e-05
2.050430659687056112e-05
2.227058756741098734e-05
1.854220154740004932e-05
1.101912083364490946e-05
1.860841826459186827e-05
1.921941291763879531e-05
1.281823746361198426e-05
1.250319012279548289e-05
1.447351499771418566e-05
1.987197267115702734e-05
1.903157625182373230e-05
1.392385973358641800e-05
2.607009334744414360e-05
1.651023237189475619e-05
1.246723454536162557e-05
1.077976394017538385e-05
2.464971465130581232e-05
1.394965866572537013e-05
1.547950955953307281e-05
1.481114034447503066e-05
1.822191167352987530e-05
1.867573646697032083e-05
2.444642003035787595e-05
1.332874609368625782e-05
2.003346602419031318e-05
2.420183359634675961e-05
1.326627695683141386e-05
2.157940993000191836e-05
1.086203098462361794e-05
1.742546694474310520e-05
1.915561073025019129e-05
1.356019399167207163e-05
1.323111733542617799e-05
2.369665816678791399e-05
1.127188653252550038e-05
1.456612422393649875e-05
1.879978892604165945e-05
1.896445464861535937e-05
1.087743744383159303e-05
2.068935454481668707e-05
1.159950952009300791e-05
2.472519175795944745e-05
1.265287710060901072e-05
1.210593241797719964e-05
1.624849802832434458e-05
1.930450545432220972e-05
1.389601330127706394e-05
1.578826157729822501e-05
1.349513116780269909e-05
1.390504501760808664e-05
1.577101122068286601e-05
2.403591383869009990e-05
2.954687619201733876e-05
1.204207347202312886e-05
1.737987285528858045e-05
1.625231994983100588e-05
3.330621876292622692e-05
1.167000712323178355e-05
1.204402340618945395e-05
1.251081897367288873e-05
1.009556154093542019e-05
2.124595296266380172e-05
1.657029519349300728e-05
1.463916767082616565e-05
2.605973313719914502e-05
1.124405628885420932e-05
2.195532842808995647e-05
1.754943072182946719e-05
1.883879038940761483e-05
1.806135119005438519e-05
2.284821621554599839e-05
1.571539367855139522e-05
1.012065082855348634e-05
2.274959487607237081e-05
1.481530032554819937e-05
2.208153380270832860e-05
2.065436357847385204e-05
2.171780242708938681e-05
2.861881207209346847e-05
2.980415498794920323e-05
1.981521085132606291e-05
2.418143161791573586e-05
1.284254821701977585e-05
2.164894179412408539e-05
1.157712535449012031e-05
1.055569160513441348e-05
1.985947105815624456e-05
2.266640971179576344e-05
1.188835009303399025e-05
2.542422718218961442e-05
1.639752140410267930e-05
3.031092695669589657e-05
1.739429884708963578e-05
1.944172279396018101e-05
1.258250872633337514e-05
1.542044929578146876e-05
1.475394054688543722e-05
2.487350151463736534e-05
1.557920911254762530e-05
1.593731565194160332e-05
1.209689740715774271e-05
1.246118009553123081e-05
2.025342757140771008e-05
1.093743581152072036e-05
2.909397885129168265e-05
2.540485844822225266e-05
1.127567559305142694e-05
1.974295085645109686e-05
3.339960401703447171e-05
2.135058563767918370e-05
1.539298517318092639e-05
1.390960942531160010e-05
1.413059038725745718e-05
1.456516310640405134e-05
1.933615644849282837e-05
1.985880498983141082e-05
1.079296608397910713e-05
1.161815156055957669e-05
1.887324683035074854e-05
1.321343441714178252e-05
1.272504423005894234e-05
1.846192924252175471e-05
2.227058756741098734e-05
1.792376323850506888e-05
1.101912083364490946e-05
2.596489978989964997e-05
1.921941291763879531e-05
1.789984949387815038e-05
1.250319012279548289e-05
1.545738086145397529e-05
1.980581304131063530e-05
1.534777574536205517e-05
1.392385973358641800e-05
2.395855551515262616e-05
1.651055708579314134e-05
1.246723454536162557e-05
1.868082524470919827e-05
1.232489221200231204e-05
1.394965866572537013e-05
1.997069353888273637e-05
1.686650347584049746e-05
2.192295252694238339e-05
1.397055939327466070e-05
2.742492478503410770e-05
1.332874609368625782e-05
2.003346602419031318e-05
2.209583013477488999e-05
3.439037588382410135e-05
1.564199257880138918e-05
1.086203098462361794e-05
1.635285813010919960e-05
1.915561073025019129e-05
1.120511297157236073e-05
1.323111733542617799e-05
1.937503576500597416e-05
1.389971196136376906e-05
1.074328684081099998e-05
1.473688100254033227e-05
1.896445464861535937e-05
1.087743744383159303e-05
1.978495525515995570e-05
1.159950952009300791e-05
2.472519175795944745e-05
1.265287710060901072e-05
1.210593241797719964e-05
1.994658054507736863e-05
1.443102145668655016e-05
2.580379070110050830e-05
1.541992310581657429e-05
1.349513116780269909e-05
2.235680952163410083e-05
1.577101122068286601e-05
1.050534144685826527e-05
1.801658462552399833e-05
1.204207347202312886e-05
2.867621955530177315e-05
1.625231994983100588e-05
1.388352459363994175e-05
2.344887244106201419e-05
1.665000516297197001e-05
1.251081897367288873e-05
1.203213326705792439e-05
1.298552759989397326e-05
1.067319974404299588e-05
1.246906299051668965e-05
2.190162439083988340e-05
1.124405628885420932e-05
2.303992725374944450e-05
1.150047367145248091e-05
1.883879038940761483e-05
1.806135119005438519e-05
2.284821621554599839e-05
3.130672890049182529e-05
1.624858538664475797e-05
2.448281233432280477e-05
1.481530032554819937e-05
2.024164943574132425e-05
2.666680166607461694e-05
2.010744744890844297e-05
2.749640448132028637e-05
3.060920198527899809e-05
2.415477830082225809e-05
2.445117216744587490e-05
2.825408565258177894e-05
1.466278509209948842e-05
1.414633065984002197e-05
1.055569160513441348e-05
1.199565659705741971e-05
2.640003138323124729e-05
1.188835009303399025e-05
2.542422718218961442e-05
1.639752140410267930e-05
2.894114210594910162e-05
1.545407659155152632e-05
1.944172279396018101e-05
1.258250872633337514e-05
1.013904232286650013e-05
2.067021624933586198e-05
2.351376118155798018e-05
1.728475921695300053e-05
1.593731565194160332e-05
2.340074470278322426e-05
1.246118009553123081e-05
1.633173056328358140e-05
1.681832047554500072e-05
2.248905220144596634e-05
2.462268077395277335e-05
1.127567559305142694e-05
1.382432532033105635e-05
3.155311745511202331e-05
1.734776819488480107e-05
1.539298517318092639e-05
1.070346942975378908e-05
2.704305016139258564e-05
1.456516310640405134e-05
1.933615644849282837e-05
1.209149483918152403e-05
2.602951759380532436e-05
1.120184923391507788e-05
1.122391761148246896e-05
1.321343441714178252e-05
1.272504423005894234e-05
1.846192924252175471e-05
2.723092402255885850e-05
1.792376323850506888e-05
1.127279553742550795e-05
2.596489978989964997e-05
1.144109256303797487e-05
1.789984949387815038e-05
2.052125140815819638e-05
1.545738086145397529e-05
1.980581304131063530e-05
1.534777574536205517e-05
2.268371429740110383e-05
2.222362379164391925e-05
1.566311385014502227e-05
2.051469369898747787e-05
1.997905257702797674e-05
1.232489221200231204e-05
1.487681630787150922e-05
1.683178144614874848e-05
2.014805021088401512e-05
2.192295252694238339e-05
1.397055939327466070e-05
2.408892045098444810e-05
2.407634705971452895e-05
1.217879212438401254e-05
2.209583013477488999e-05
1.729112145685944308e-05
1.564199257880138918e-05
1.522166231955929976e-05
1.635285813010919960e-05
2.517345637322555436e-05
1.120511297157236073e-05
1.777201883706936426e-05
1.937503576500597416e-05
1.103702253675603193e-05
1.074328684081099998e-05
1.473688100254033227e-05
2.459870636389745169e-05
1.276962449391193802e-05
1.079615795861159530e-05
3.264983069931106779e-05
2.221371680011648776e-05
2.325475431899675215e-05
1.498857261238255154e-05
1.994658054507736863e-05
1.443102145668655016e-05
1.964940403228306113e-05
1.541992310581657429e-05
2.856466909836297458e-05
1.190656336796564493e-05
2.246683877579106644e-05
1.050534144685826527e-05
1.801658462552399833e-05
2.411232497878685054e-05
1.462154311047631670e-05
1.900703469948971386e-05
1.388352459363994175e-05
1.057315236519984699e-05
1.665000516297197001e-05
2.830121252220766249e-05
1.545208713647186317e-05
1.298552759989397326e-05
1.067319974404299588e-05
1.246906299051668965e-05
2.190162439083988340e-05
1.249148982362668473e-05
1.244646953651650692e-05
1.150047367145248091e-05
2.134586654348185367e-05
1.819185150388475238e-05
1.710387102276771844e-05
1.121965935587632204e-05
2.529911391684347015e-05
1.723827445885072694e-05
2.641373516404528081e-05
1.078907677323533634e-05
2.192946145209160512e-05
2.010744744890844297e-05
2.440969327738509115e-05
2.424957147641352504e-05
2.193966488746936592e-05
1.781524614618986118e-05
2.825408565258177894e-05
1.342658707241532738e-05
1.101341092498277136e-05
1.283593663554409099e-05
1.199565659705741971e-05
2.348810915478319336e-05
1.843286941186272280e-05
2.302361973699975183e-05
1.236032257654982920e-05
2.661736537815048798e-05
1.052627500384315732e-05
1.975894791080105026e-05
1.645103562400569393e-05
1.013904232286650013e-05
2.031070154326584593e-05
2.351376118155798018e-05
1.674655239684976759e-05
2.553478628752704147e-05
2.588371985922619610e-05
2.104562543196618525e-05
1.331874129242359729e-05
2.364077356279175844e-05
1.885178079863815683e-05
1.740541969178815548e-05
1.656622323010344949e-05
1.382432532033105635e-05
3.155311745511202331e-05
1.734776819488480107e-05
1.983477557668443539e-05
1.070346942975378908e-05
3.053001828802274896e-05
2.168534418766179702e-05
1.530726814062505781e-05
1.209149483918152403e-05
1.635480348023394501e-05
1.120184923391507788e-05
1.122391761148246896e-05
2.042197517221670960e-05
2.681446004767021747e-05
1.976822080381371075e-05
1.523683891086611943e-05
2.193759651541261007e-05
2.483421663404307433e-05
2.988881424341440168e-05
1.144109256303797487e-05
2.568280778383525320e-05
1.694644819965147178e-05
2.519789340857507564e-05
2.461789950900766908e-05
1.949912067637279216e-05
2.268371429740110383e-05
1.613812183309776922e-05
1.566311385014502227e-05
1.228272601802505893e-05
2.662266860433926561e-05
2.494898435868927531e-05
3.388477302343310282e-05
1.683178144614874848e-05
1.167379040673896432e-05
1.021283784559344127e-05
2.163892102180250057e-05
2.408892045098444810e-05
1.178532629880164972e-05
1.217879212438401254e-05
2.733361473116639929e-05
1.729112145685944308e-05
2.515855770778738403e-05
1.237916972454810556e-05
3.008372167710775892e-05
1.381752816643157530e-05
1.603086492739331175e-05
1.507885385292309444e-05
2.534625398657663764e-05
1.103702253675603193e-05
1.021341728301152349e-05
2.514237458866968772e-05
1.647009999754030110e-05
1.449144988780117213e-05
1.079615795861159530e-05
1.038722511957830201e-05
1.099632216174151582e-05
1.079726969804094719e-05
1.498857261238255154e-05
2.593923370040584274e-05
1.903392757477926636e-05
1.964940403228306113e-05
2.218794611892375507e-05
2.856466909836297458e-05
1.190656336796564493e-05
1.576126760179531722e-05
1.377269865018212166e-05
1.956405911751621179e-05
2.682621727326747966e-05
1.353644178434582625e-05
1.900703469948971386e-05
1.850264769226806760e-05
1.057315236519984699e-05
3.260042442688117930e-05
1.563349106367073552e-05
1.479533525817164046e-05
1.205657717403927639e-05
1.275950772330939884e-05
3.125529289345257218e-05
2.405632613791898312e-05
2.531648053183831908e-05
1.244646953651650692e-05
2.902424963997159935e-05
2.134586654348185367e-05
1.658078730312557679e-05
1.710387102276771844e-05
1.121965935587632204e-05
2.433765301287286168e-05
1.723827445885072694e-05
2.599193901827188740e-05
1.078907677323533634e-05
2.192946145209160512e-05
2.111948554019334675e-05
1.065701616386960306e-05
2.424957147641352504e-05
2.193966488746936592e-05
1.781524614618986118e-05
2.420146719513246916e-05
1.342658707241532738e-05
1.101341092498277136e-05
1.309898110069859288e-05
1.147755251476520229e-05
1.331137856686928927e-05
1.297896073106163066e-05
1.168560442248466688e-05
1.236032257654982920e-05
1.465375751502308200e-05
1.052627500384315732e-05
1.968755634709257088e-05
1.310432337191194724e-05
1.265559081837302224e-05
2.031070154326584593e-05
2.516189146146751630e-05
1.674655239684976759e-05
3.112109458355508145e-05
2.587533965298402072e-05
1.990869860816230644e-05
1.331874129242359729e-05
2.360114171415275856e-05
1.885178079863815683e-05
1.740541969178815548e-05
2.042646132190856459e-05
1.350415778600397025e-05
3.256968860940457738e-05
2.815629947515743716e-05
2.578274085563994625e-05
1.573364868320954420e-05
3.052433845480649317e-05
1.243279926738434351e-05
1.530726814062505781e-05
2.119332970637594879e-05
1.635480348023394501e-05
1.919152086107570542e-05
1.325920728994150138e-05
2.042197517221670960e-05
1.282543050207736794e-05
1.976822080381371075e-05
1.523683891086611943e-05
3.056404580337069991e-05
1.438948430522442579e-05
2.200030836651398059e-05
1.025164756645247588e-05
2.568280778383525320e-05
1.694644819965147178e-05
2.601099443131290275e-05
2.151093004414043498e-05
1.600453550073196803e-05
2.352037210070535584e-05
1.613812183309776922e-05
1.622437990853229202e-05
1.228272601802505893e-05
1.170594532657721093e-05
1.671458057812921200e-05
3.388477302343310282e-05
1.999363073068495211e-05
1.065257410234503522e-05
1.021283784559344127e-05
2.163892102180250057e-05
2.537305191443077137e-05
1.178532629880164972e-05
2.604976019113489183e-05
2.296322294158031742e-05
2.264835809881947485e-05
2.515855770778738403e-05
1.237916972454810556e-05
2.442477325736294451e-05
1.381752816643157530e-05
1.603086492739331175e-05
1.507885385292309444e-05
2.707563134973055969e-05
1.466294128240937385e-05
1.021341728301152349e-05
3.040464968354003448e-05
1.647009999754030110e-05
1.449144988780117213e-05
1.926875559558869386e-05
1.038722511957830201e-05
1.099632216174151582e-05
1.079726969804094719e-05
1.239288310340439786e-05
2.041889309759782243e-05
1.426681327809368907e-05
2.369892613046067743e-05
1.473242035501489254e-05
2.948732089800515328e-05
1.767859228467504290e-05
1.576126760179531722e-05
1.377269865018212166e-05
1.956405911751621179e-05
1.773263345107389151e-05
1.353644178434582625e-05
1.878287000967573931e-05
2.383362161919179339e-05
2.269528076268048476e-05
2.831207797582493702e-05
1.563349106367073552e-05
1.479533525817164046e-05
1.205657717403927639e-05
1.143749557069394868e-05
3.011345744957998028e-05
2.009264967112333561e-05
2.122099984169457923e-05
1.519122902167189412e-05
2.850218509284650203e-05
2.609674603278692035e-05
1.658078730312557679e-05
1.998822498460888064e-05
1.936253064973322583e-05
1.891925999952908443e-05
2.336391360760146365e-05
1.533639557755873658e-05
1.285780910363468141e-05
2.979070497641420453e-05
1.415783868451537755e-05
1.065701616386960306e-05
2.079195926442749899e-05
1.977062716263236952e-05
3.331970394701820750e-05
2.287405293676702861e-05
1.866704406318821371e-05
2.279720529395344618e-05
2.094397773149258305e-05
1.147755251476520229e-05
1.300830787420075275e-05
1.297896073106163066e-05
1.168560442248466688e-05
1.335865313922228691e-05
1.465375751502308200e-05
1.256207652501717936e-05
1.438134975424686237e-05
1.310432337191194724e-05
1.808847439759685911e-05
1.720236390477324385e-05
1.303183705379614230e-05
1.990385070207907839e-05
1.957692614920227190e-05
2.145679439136415789e-05
1.242235184530131289e-05
2.286427496951304355e-05
1.412886096936983801e-05
2.654252339428900715e-05
1.664039731698958770e-05
2.042646132190856459e-05
1.350415778600397025e-05
2.115664858868041191e-05
2.222243701733569182e-05
1.895060503338142426e-05
1.543919937005756136e-05
1.378921043943303830e-05
1.243279926738434351e-05
2.213334974489796964e-05
1.219063565858011103e-05
2.022257621196716883e-05
1.943557610489909967e-05
1.325920728994150138e-05
1.255015632503375722e-05
1.212178595669160326e-05
2.743479051828701543e-05
1.534393001716920807e-05
2.006894709638503660e-05
1.438948430522442579e-05
1.830032115726826754e-05
1.025164756645247588e-05
2.907291618056521637e-05
1.739936775064207969e-05
2.929231469473379316e-05
2.151093004414043498e-05
1.288776218394369912e-05
2.352037210070535584e-05
1.546420338394679584e-05
2.531153236722139750e-05
2.491029741562620872e-05
1.170594532657721093e-05
1.671458057812921200e-05
2.931985382494043914e-05
2.357331025967861161e-05
1.065257410234503522e-05
1.360996843702121552e-05
1.282337019680083556e-05
2.537305191443077137e-05
1.370353253521642722e-05
1.071171632150996941e-05
2.296322294158031742e-05
3.046584384036227130e-05
1.890809287806203846e-05
1.073729004860957826e-05
1.065107589554929058e-05
2.138913283066645377e-05
2.430340239647982290e-05
1.689942696823152452e-05
2.707563134973055969e-05
1.941654222682774687e-05
1.094618416962846623e-05
1.610697978817770249e-05
1.952199030801341406e-05
1.540375547933220778e-05
1.926875559558869386e-05
1.187164832174552052e-05
1.490637245310245206e-05
2.356673822623369765e-05
1.239288310340439786e-05
2.041889309759782243e-05
1.190091032159867136e-05
1.802603722259687828e-05
1.107680476996304366e-05
2.158445913068207366e-05
2.360951428283056556e-05
2.429578904198447751e-05
2.747210136225238322e-05
1.885942816273021916e-05
1.773263345107389151e-05
1.830914588124117278e-05
1.134034869880899854e-05
2.383362161919179339e-05
1.221094822070055158e-05
2.033652009357670234e-05
2.515014440676244180e-05
2.022121866886850608e-05
1.061404971237733736e-05
1.143749557069394868e-05
1.997126364057058589e-05
2.009264967112333561e-05
2.122099984169457923e-05
1.239290307095054872e-05
2.850218509284650203e-05
1.748742364047002181e-05
1.071796296519515548e-05
1.677755035783882299e-05
1.936253064973322583e-05
1.743740846499229773e-05
2.810571665537390582e-05
1.533639557755873658e-05
1.285780910363468141e-05
1.134522984612336471e-05
1.415783868451537755e-05
1.578688233018676871e-05
1.458731888978887428e-05
1.882599457815488026e-05
2.172771371313909935e-05
2.287405293676702861e-05
1.866704406318821371e-05
1.127146267961561955e-05
2.774689728280763017e-05
1.390718051771513633e-05
1.300830787420075275e-05
1.827406659958043922e-05
2.345632077340761943e-05
1.335865313922228691e-05
1.019858399241092408e-05
1.096661587179325719e-05
1.213132232350878133e-05
1.900066158931780543e-05
1.100061700062108947e-05
1.401934813520553126e-05
1.303183705379614230e-05
2.476648754273069454e-05
1.957692614920227190e-05
2.013870890529071399e-05
1.124483644091893625e-05
2.046908171178572774e-05
1.412886096936983801e-05
1.309862255562941411e-05
1.664039731698958770e-05
2.335847347373940457e-05
1.466460261606307550e-05
1.266587908015497110e-05
2.222243701733569182e-05
1.895060503338142426e-05
1.543919937005756136e-05
1.378921043943303830e-05
1.562890694369075523e-05
1.295483024163938446e-05
1.219063565858011103e-05
3.078524534135031470e-05
1.943557610489909967e-05
1.456404377421527892e-05
1.255015632503375722e-05
1.212178595669160326e-05
2.417867985264585714e-05
1.029029067126871115e-05
2.006894709638503660e-05
2.771831930103425300e-05
1.252888646732651993e-05
1.180635066242558336e-05
2.733830473860851491e-05
3.202144735051643660e-05
1.269943476953951439e-05
3.346649061822684574e-05
1.288776218394369912e-05
1.992168735213927769e-05
1.546420338394679584e-05
3.084190391285430733e-05
2.491029741562620872e-05
1.524203065623000350e-05
1.708358850597366810e-05
1.009405916288584520e-05
1.608816333275940564e-05
3.210231062734333782e-05
1.510446081814185931e-05
1.282337019680083556e-05
1.597004218297760848e-05
2.261796355948347091e-05
1.071171632150996941e-05
2.131597430623839181e-05
2.522861641815370959e-05
1.890809287806203846e-05
1.073729004860957826e-05
1.065107589554929058e-05
2.138913283066645377e-05
1.160744077912529549e-05
1.689942696823152452e-05
1.337847638661981339e-05
2.801922440313028116e-05
2.249111002188946203e-05
1.610697978817770249e-05
2.968034919137586797e-05
2.463504826464214096e-05
1.213693112671879750e-05
2.642142376437712131e-05
1.212841387485057263e-05
1.164875903564810548e-05
2.049223269781300381e-05
2.115939860296663826e-05
1.190091032159867136e-05
1.802603722259687828e-05
1.037131791310298247e-05
2.038344046582514062e-05
1.965398489409296763e-05
2.629788407346578719e-05
2.457984841153146158e-05
1.885942816273021916e-05
2.297140014224157705e-05
2.669557090502327611e-05
1.134034869880899854e-05
2.305091194926981035e-05
1.221094822070055158e-05
2.033652009357670234e-05
1.761076939952876421e-05
1.841814621837628977e-05
1.061404971237733736e-05
1.351467916537318671e-05
1.997126364057058589e-05
1.848789964160045776e-05
1.495234380210559816e-05
1.239290307095054872e-05
1.108611659234662418e-05
1.719957539079031088e-05
1.071796296519515548e-05
1.492733178874193724e-05
1.268883131665126929e-05
1.743740846499229773e-05
2.051927745711894382e-05
1.897430945167778840e-05
3.351148569753509293e-05
1.134522984612336471e-05
1.673635672374175289e-05
2.859123737871372247e-05
1.458731888978887428e-05
1.882599457815488026e-05
1.218091872011002689e-05
1.846255015444917509e-05
2.784342835864995024e-05
1.127146267961561955e-05
1.430260110215866542e-05
1.712600610713217635e-05
2.028730176404612833e-05
1.138721125304399156e-05
2.345632077340761943e-05
1.614945155925628619e-05
1.019858399241092408e-05
1.096661587179325719e-05
1.213132232350878133e-05
1.767092241386511325e-05
1.100061700062108947e-05
1.401934813520553126e-05
1.860856524051140813e-05
1.761273220733854000e-05
2.009292534114635867e-05
2.013870890529071399e-05
1.124483644091893625e-05
2.046908171178572774e-05
1.479766761493359574e-05
1.309862255562941411e-05
2.327144970997304464e-05
2.410488646784495216e-05
2.471987173044058419e-05
1.266587908015497110e-05
2.233613683198471878e-05
2.025745554210429548e-05
2.146666123527889058e-05
1.003723296019219891e-05
1.562890694369075523e-05
1.295483024163938446e-05
2.267370746483049064e-05
2.035917496503500656e-05
2.597426024022058712e-05
2.551261505394830228e-05
2.272746492402881850e-05
1.389356743355960775e-05
2.417867985264585714e-05
1.029029067126871115e-05
2.239931524186024805e-05
1.693290916972302036e-05
1.252888646732651993e-05
1.890693612210232893e-05
2.733830473860851491e-05
2.132684827789120677e-05
1.045701667795983173e-05
1.551971684204807392e-05
1.404241122526399388e-05
1.239827314436431855e-05
2.335156015597075201e-05
2.677607814012331790e-05
1.349497994063247277e-05
1.524203065623000350e-05
1.708358850597366810e-05
1.009405916288584520e-05
1.608816333275940564e-05
3.165761758078364414e-05
3.152786987542019465e-05
1.495639765055866928e-05
1.597004218297760848e-05
2.076724278331396363e-05
1.184146992620337727e-05
1.543648453277824512e-05
1.613038526362460821e-05
2.062565965753673452e-05
2.493491002075670307e-05
1.626021193933881401e-05
2.313768340510702963e-05
1.160744077912529549e-05
1.761289462631253160e-05
1.337847638661981339e-05
3.283794373807145267e-05
2.267942710822668268e-05
1.297526085920694507e-05
2.968034919137586797e-05
1.797127417013172495e-05
1.213693112671879750e-05
1.329683794293918007e-05
1.212841387485057263e-05
1.164875903564810548e-05
2.015970232061439982e-05
2.115939860296663826e-05
1.803494843805977221e-05
2.863107194172938595e-05
1.037131791310298247e-05
2.038344046582514062e-05
1.965398489409296763e-05
2.015930563639015011e-05
1.646717181934784934e-05
1.461925059953081521e-05
1.893933889126603846e-05
2.669557090502327611e-05
1.338246044302617666e-05
2.305091194926981035e-05
3.204162912599750038e-05
2.291571838748143630e-05
1.761076939952876421e-05
1.841814621837628977e-05
2.455606125394796220e-05
1.056708897187113434e-05
1.112339880076186037e-05
1.848789964160045776e-05
1.495234380210559816e-05
1.386925985082682377e-05
1.108611659234662418e-05
1.719957539079031088e-05
3.094758654199482426e-05
1.492733178874193724e-05
1.268883131665126929e-05
2.065200563055818211e-05
2.051927745711894382e-05
1.603361832651481719e-05
2.133021749257647354e-05
1.640714712155987961e-05
1.061915898762977778e-05
2.486654581763356829e-05
1.686031673489251279e-05
2.373895657682047940e-05
1.218091872011002689e-05
1.846255015444917509e-05
1.194750217247154685e-05
1.162721220723047529e-05
1.430260110215866542e-05
1.712600610713217635e-05
2.028730176404612833e-05
1.138721125304399156e-05
2.714158692585887976e-05
1.474714151292845191e-05
1.217065075019885334e-05
1.333158744535000721e-05
2.699948871736033634e-05
1.767092241386511325e-05
1.592358660143546587e-05
2.197208058336500900e-05
1.706768921581782770e-05
1.761273220733854000e-05
2.009292534114635867e-05
3.236196875615137249e-05
1.824114577999456563e-05
1.873272634293625630e-05
1.479766761493359574e-05
1.698637407756630632e-05
2.327144970997304464e-05
1.046165577018724891e-05
2.542033808446277310e-05
1.325207631336047825e-05
1.344179812740066212e-05
1.365901154841648861e-05
2.146666123527889058e-05
1.003723296019219891e-05
2.389692720372606601e-05
1.551873324491463810e-05
1.170459970036254355e-05
1.737937817369013483e-05
2.753592663954601929e-05
1.878017807136479926e-05
1.822993558158788740e-05
3.381439178310521729e-05
1.162543396666461030e-05
1.995642232994016766e-05
2.451235050153626762e-05
1.693290916972302036e-05
2.809923428527289369e-05
1.497704758134893823e-05
2.795130602423010347e-05
1.399697494516369002e-05
1.002782040511779534e-05
