10 100 100 100 
10 100 200 100 
10 100 300 100 
10 100 400 100 
10 100 500 100 
10 100 600 100 
10 100 700 100 
10 100 800 100 
10 100 900 100 
10 100 1000 100 
10 200 100 100 
10 200 200 100 
10 200 300 100 
10 200 400 100 
10 200 500 100 
10 200 600 100 
10 200 700 100 
10 200 800 100 
10 200 900 100 
10 200 1000 100 
10 300 100 100 
10 300 200 100 
10 300 300 100 
10 300 400 100 
10 300 500 100 
10 300 600 100 
10 300 700 100 
10 300 800 100 
10 300 900 100 
10 300 1000 100 
10 400 100 100 
10 400 200 100 
10 400 300 100 
10 400 400 100 
10 400 500 100 
10 400 600 100 
10 400 700 100 
10 400 800 100 
10 400 900 100 
10 400 1000 100 
10 500 100 100 
10 500 200 100 
10 500 300 100 
10 500 400 100 
10 500 500 100 
10 500 600 100 
10 500 700 100 
10 500 800 100 
10 500 900 100 
10 500 1000 100 
10 600 100 100 
10 600 200 100 
10 600 300 100 
10 600 400 100 
10 600 500 100 
10 600 600 100 
10 600 700 100 
10 600 800 100 
10 600 900 100 
10 600 1000 100 
10 700 100 100 
10 700 200 100 
10 700 300 100 
10 700 400 100 
10 700 500 100 
10 700 600 100 
10 700 700 100 
10 700 800 100 
10 700 900 100 
10 700 1000 100 
10 800 100 100 
10 800 200 100 
10 800 300 100 
10 800 400 100 
10 800 500 100 
10 800 600 100 
10 800 700 100 
10 800 800 100 
10 800 900 100 
10 800 1000 100 
10 900 100 100 
10 900 200 100 
10 900 300 100 
10 900 400 100 
10 900 500 100 
10 900 600 100 
10 900 700 100 
10 900 800 100 
10 900 900 100 
10 900 1000 100 
10 1000 100 100 
10 1000 200 100 
10 1000 300 100 
10 1000 400 100 
10 1000 500 100 
10 1000 600 100 
10 1000 700 100 
10 1000 800 100 
10 1000 900 100 
10 1000 1000 100 
9.88706 100 100 200 
9.6589 100 200 200 
9.46656 100 300 200 
9.56465 100 400 200 
9.37995 100 500 200 
9.42469 100 600 200 
9.30341 100 700 200 
9.57504 100 800 200 
9.74989 100 900 200 
9.97432 100 1000 200 
9.95542 200 100 200 
9.94615 200 200 200 
9.74694 200 300 200 
9.78583 200 400 200 
9.35842 200 500 200 
9.32788 200 600 200 
9.46187 200 700 200 
9.644 200 800 200 
9.71616 200 900 200 
9.79593 200 1000 200 
9.64781 300 100 200 
9.95843 300 200 200 
9.90942 300 300 200 
9.63682 300 400 200 
9.44888 300 500 200 
9.39824 300 600 200 
9.73452 300 700 200 
9.77881 300 800 200 
9.94405 300 900 200 
9.95184 300 1000 200 
9.43981 400 100 200 
9.62795 400 200 200 
9.75232 400 300 200 
9.72492 400 400 200 
9.65432 400 500 200 
9.76085 400 600 200 
9.94411 400 700 200 
9.84085 400 800 200 
9.85184 400 900 200 
9.96034 400 1000 200 
9.37318 500 100 200 
9.79849 500 200 200 
9.46067 500 300 200 
9.33469 500 400 200 
9.60629 500 500 200 
9.5889 500 600 200 
9.80278 500 700 200 
9.79072 500 800 200 
9.83551 500 900 200 
9.96153 500 1000 200 
9.81024 600 100 200 
9.81707 600 200 200 
9.47008 600 300 200 
9.36591 600 400 200 
9.68105 600 500 200 
9.44031 600 600 200 
9.57258 600 700 200 
9.66989 600 800 200 
9.73496 600 900 200 
9.97633 600 1000 200 
9.39217 700 100 200 
9.89091 700 200 200 
9.87689 700 300 200 
9.4825 700 400 200 
9.50271 700 500 200 
9.73114 700 600 200 
9.74214 700 700 200 
9.73397 700 800 200 
9.75438 700 900 200 
9.99484 700 1000 200 
8.84786 800 100 200 
9.39769 800 200 200 
9.78657 800 300 200 
9.57785 800 400 200 
9.68876 800 500 200 
9.72191 800 600 200 
9.76684 800 700 200 
9.81517 800 800 200 
9.81432 800 900 200 
9.99385 800 1000 200 
9.09707 900 100 200 
9.09297 900 200 200 
9.47423 900 300 200 
9.53209 900 400 200 
9.54296 900 500 200 
9.59293 900 600 200 
9.81918 900 700 200 
9.94746 900 800 200 
9.95292 900 900 200 
9.99615 900 1000 200 
9.16449 1000 100 200 
9.20946 1000 200 200 
9.46731 1000 300 200 
9.58644 1000 400 200 
9.47302 1000 500 200 
9.4086 1000 600 200 
9.5937 1000 700 200 
9.82046 1000 800 200 
9.66984 1000 900 200 
9.96932 1000 1000 200 
9.16899 100 100 300 
9.37245 100 200 300 
9.3846 100 300 300 
9.08123 100 400 300 
8.99215 100 500 300 
9.11651 100 600 300 
9.11704 100 700 300 
9.11751 100 800 300 
9.28954 100 900 300 
9.4764 100 1000 300 
9.11439 200 100 300 
9.18485 200 200 300 
9.38002 200 300 300 
9.22528 200 400 300 
9.05873 200 500 300 
9.21019 200 600 300 
9.15639 200 700 300 
9.28626 200 800 300 
9.31306 200 900 300 
9.22249 200 1000 300 
8.83123 300 100 300 
9.14734 300 200 300 
9.1058 300 300 300 
8.81188 300 400 300 
8.91101 300 500 300 
9.27968 300 600 300 
9.45501 300 700 300 
9.51856 300 800 300 
9.61422 300 900 300 
9.48748 300 1000 300 
8.68985 400 100 300 
8.38072 400 200 300 
8.86747 400 300 300 
8.80454 400 400 300 
9.25845 400 500 300 
9.7959 400 600 300 
9.80928 400 700 300 
9.7014 400 800 300 
9.5532 400 900 300 
9.70248 400 1000 300 
8.36321 500 100 300 
8.74631 500 200 300 
8.44999 500 300 300 
8.0025 500 400 300 
8.57576 500 500 300 
9.00828 500 600 300 
9.21516 500 700 300 
9.48297 500 800 300 
9.44985 500 900 300 
9.64215 500 1000 300 
8.83008 600 100 300 
8.87716 600 200 300 
8.36577 600 300 300 
8.17644 600 400 300 
8.56065 600 500 300 
8.47672 600 600 300 
9.08875 600 700 300 
9.24481 600 800 300 
9.19945 600 900 300 
9.36866 600 1000 300 
8.10405 700 100 300 
8.70079 700 200 300 
8.81743 700 300 300 
8.21048 700 400 300 
8.38794 700 500 300 
8.93431 700 600 300 
9.13701 700 700 300 
9.24575 700 800 300 
9.16982 700 900 300 
9.53637 700 1000 300 
8.22875 800 100 300 
8.54266 800 200 300 
9.13954 800 300 300 
8.84604 800 400 300 
9.09914 800 500 300 
9.70207 800 600 300 
9.70017 800 700 300 
9.46248 800 800 300 
9.34165 800 900 300 
9.96878 800 1000 300 
8.44401 900 100 300 
8.84482 900 200 300 
8.88753 900 300 300 
8.88417 900 400 300 
9.11485 900 500 300 
9.36161 900 600 300 
9.75622 900 700 300 
9.9134 900 800 300 
9.28265 900 900 300 
9.45127 900 1000 300 
8.2332 1000 100 300 
8.22515 1000 200 300 
8.52111 1000 300 300 
8.78155 1000 400 300 
9.09896 1000 500 300 
9.1391 1000 600 300 
9.27015 1000 700 300 
9.22294 1000 800 300 
8.64714 1000 900 300 
9.12712 1000 1000 300 
8.29056 100 100 400 
8.32015 100 200 400 
8.51141 100 300 400 
8.76334 100 400 400 
8.75018 100 500 400 
8.86527 100 600 400 
8.89316 100 700 400 
8.8748 100 800 400 
8.85781 100 900 400 
8.99657 100 1000 400 
8.32068 200 100 400 
8.32163 200 200 400 
8.30327 200 300 400 
8.4342 200 400 400 
8.68412 200 500 400 
8.8075 200 600 400 
8.92565 200 700 400 
8.81468 200 800 400 
8.83685 200 900 400 
8.83326 200 1000 400 
8.45373 300 100 400 
8.21967 300 200 400 
8.17472 300 300 400 
8.32095 300 400 400 
8.46407 300 500 400 
8.68178 300 600 400 
8.98079 300 700 400 
9.18237 300 800 400 
9.053 300 900 400 
8.63736 300 1000 400 
8.11289 400 100 400 
7.69324 400 200 400 
8.03358 400 300 400 
8.01086 400 400 400 
8.33648 400 500 400 
9.01182 400 600 400 
8.88736 400 700 400 
9.38858 400 800 400 
9.35739 400 900 400 
9.04879 400 1000 400 
8.32718 500 100 400 
7.99895 500 200 400 
7.88487 500 300 400 
7.65873 500 400 400 
7.70269 500 500 400 
7.90448 500 600 400 
7.84484 500 700 400 
9.05175 500 800 400 
9.31416 500 900 400 
8.32973 500 1000 400 
8.20981 600 100 400 
8.0616 600 200 400 
8.03105 600 300 400 
7.74566 600 400 400 
7.77925 600 500 400 
7.96576 600 600 400 
8.05894 600 700 400 
9.21559 600 800 400 
8.40516 600 900 400 
7.61671 600 1000 400 
8.0589 700 100 400 
8.03486 700 200 400 
7.85426 700 300 400 
7.77725 700 400 400 
7.86958 700 500 400 
7.80619 700 600 400 
7.25005 700 700 400 
8.25915 700 800 400 
8.85199 700 900 400 
8.33626 700 1000 400 
8.11513 800 100 400 
8.11063 800 200 400 
8.10552 800 300 400 
7.97928 800 400 400 
8.12411 800 500 400 
8.78673 800 600 400 
8.41984 800 700 400 
8.14105 800 800 400 
8.66258 800 900 400 
8.32742 800 1000 400 
8.15582 900 100 400 
8.03743 900 200 400 
7.78895 900 300 400 
7.91679 900 400 400 
8.2587 900 500 400 
8.87832 900 600 400 
8.8572 900 700 400 
9.00923 900 800 400 
8.61632 900 900 400 
7.71146 900 1000 400 
7.94704 1000 100 400 
7.75784 1000 200 400 
7.73521 1000 300 400 
7.94089 1000 400 400 
8.82414 1000 500 400 
8.88593 1000 600 400 
8.73344 1000 700 400 
8.60977 1000 800 400 
8.61674 1000 900 400 
7.55356 1000 1000 400 
7.93042 100 100 500 
7.36434 100 200 500 
7.31677 100 300 500 
7.90715 100 400 500 
7.82943 100 500 500 
7.65566 100 600 500 
8.58828 100 700 500 
8.5092 100 800 500 
8.32098 100 900 500 
7.52985 100 1000 500 
8.30853 200 100 500 
7.59534 200 200 500 
7.02717 200 300 500 
7.15858 200 400 500 
8.38791 200 500 500 
7.89804 200 600 500 
8.07589 200 700 500 
8.42305 200 800 500 
8.3273 200 900 500 
7.67834 200 1000 500 
8.21701 300 100 500 
7.51857 300 200 500 
7.422 300 300 500 
7.32424 300 400 500 
8.08891 300 500 500 
7.56201 300 600 500 
7.91218 300 700 500 
8.74953 300 800 500 
8.3864 300 900 500 
8.19061 300 1000 500 
7.81575 400 100 500 
7.55132 400 200 500 
7.59695 400 300 500 
7.40492 400 400 500 
7.35757 400 500 500 
7.44218 400 600 500 
7.82251 400 700 500 
9.17733 400 800 500 
9.27795 400 900 500 
7.18298 400 1000 500 
8.05629 500 100 500 
7.71212 500 200 500 
7.67836 500 300 500 
7.64609 500 400 500 
7.53859 500 500 500 
6.85785 500 600 500 
6.70912 500 700 500 
7.77068 500 800 500 
7.31986 500 900 500 
5.21377 500 1000 500 
7.77166 600 100 500 
7.74963 600 200 500 
7.65364 600 300 500 
7.24847 600 400 500 
7.30865 600 500 500 
7.081 600 600 500 
6.36487 600 700 500 
6.98545 600 800 500 
5.48019 600 900 500 
5.31273 600 1000 500 
7.76519 700 100 500 
7.8531 700 200 500 
7.70181 700 300 500 
7.56655 700 400 500 
7.25868 700 500 500 
6.94601 700 600 500 
6.51868 700 700 500 
6.48415 700 800 500 
6.6234 700 900 500 
6.0723 700 1000 500 
7.73987 800 100 500 
7.6744 800 200 500 
7.52641 800 300 500 
7.36921 800 400 500 
7.30522 800 500 500 
7.37861 800 600 500 
6.5425 800 700 500 
6.40365 800 800 500 
6.81142 800 900 500 
5.58583 800 1000 500 
7.64816 900 100 500 
7.40124 900 200 500 
7.34107 900 300 500 
7.4175 900 400 500 
7.30647 900 500 500 
8.00478 900 600 500 
7.50541 900 700 500 
7.48257 900 800 500 
7.277 900 900 500 
5.24041 900 1000 500 
7.56842 1000 100 500 
7.50354 1000 200 500 
7.55002 1000 300 500 
7.37535 1000 400 500 
7.6509 1000 500 500 
8.1436 1000 600 500 
8.58875 1000 700 500 
8.53369 1000 800 500 
7.12301 1000 900 500 
4.27102 1000 1000 500 
7.13418 100 100 600 
7.31074 100 200 600 
6.33635 100 300 600 
6.11283 100 400 600 
5.55892 100 500 600 
5.52061 100 600 600 
6.33319 100 700 600 
6.66498 100 800 600 
6.72434 100 900 600 
4.91571 100 1000 600 
7.19224 200 100 600 
6.21178 200 200 600 
5.96398 200 300 600 
5.51556 200 400 600 
6.19518 200 500 600 
5.86838 200 600 600 
5.81598 200 700 600 
6.80329 200 800 600 
6.69246 200 900 600 
4.90582 200 1000 600 
6.59384 300 100 600 
6.59359 300 200 600 
6.24668 300 300 600 
5.67824 300 400 600 
6.2703 300 500 600 
5.88548 300 600 600 
5.88096 300 700 600 
6.90824 300 800 600 
7.57774 300 900 600 
6.08491 300 1000 600 
7.25462 400 100 600 
7.12692 400 200 600 
6.54886 400 300 600 
5.83801 400 400 600 
5.20699 400 500 600 
5.5968 400 600 600 
6.03444 400 700 600 
7.11325 400 800 600 
6.74495 400 900 600 
3.37437 400 1000 600 
7.10145 500 100 600 
7.24929 500 200 600 
6.74152 500 300 600 
6.51241 500 400 600 
6.22856 500 500 600 
5.70663 500 600 600 
5.71152 500 700 600 
5.94335 500 800 600 
5.30728 500 900 600 
4.27235 500 1000 600 
7.39042 600 100 600 
7.22654 600 200 600 
6.91705 600 300 600 
6.24999 600 400 600 
6.39935 600 500 600 
6.13438 600 600 600 
5.9227 600 700 600 
5.88084 600 800 600 
5.40267 600 900 600 
5.02955 600 1000 600 
7.43705 700 100 600 
7.44836 700 200 600 
7.66884 700 300 600 
6.99786 700 400 600 
6.61756 700 500 600 
6.54928 700 600 600 
6.36936 700 700 600 
5.66546 700 800 600 
5.43136 700 900 600 
4.66714 700 1000 600 
7.35729 800 100 600 
7.38599 800 200 600 
7.34179 800 300 600 
7.14134 800 400 600 
6.83984 800 500 600 
6.44499 800 600 600 
6.16725 800 700 600 
6.11164 800 800 600 
5.64828 800 900 600 
4.80922 800 1000 600 
7.21994 900 100 600 
7.27442 900 200 600 
7.26195 900 300 600 
7.15738 900 400 600 
7.30074 900 500 600 
6.88547 900 600 600 
6.02146 900 700 600 
6.11663 900 800 600 
5.75635 900 900 600 
4.30813 900 1000 600 
7.14506 1000 100 600 
7.09107 1000 200 600 
7.15615 1000 300 600 
7.12856 1000 400 600 
6.99068 1000 500 600 
6.55044 1000 600 600 
6.86329 1000 700 600 
7.24373 1000 800 600 
5.09173 1000 900 600 
2.87201 1000 1000 600 
5.12935 100 100 700 
5.31436 100 200 700 
4.99036 100 300 700 
5.19619 100 400 700 
5.30331 100 500 700 
5.28083 100 600 700 
5.04999 100 700 700 
5.06567 100 800 700 
4.95203 100 900 700 
4.34996 100 1000 700 
4.86681 200 100 700 
4.58705 200 200 700 
4.97081 200 300 700 
5.34918 200 400 700 
5.31379 200 500 700 
5.20165 200 600 700 
5.07157 200 700 700 
5.0773 200 800 700 
4.9963 200 900 700 
4.76434 200 1000 700 
4.23332 300 100 700 
5.08086 300 200 700 
5.13813 300 300 700 
5.46635 300 400 700 
4.9149 300 500 700 
5.00913 300 600 700 
5.04649 300 700 700 
5.0432 300 800 700 
5.39337 300 900 700 
4.25169 300 1000 700 
5.31265 400 100 700 
5.88469 400 200 700 
5.50647 400 300 700 
4.8946 400 400 700 
3.68575 400 500 700 
4.51888 400 600 700 
4.81696 400 700 700 
4.9916 400 800 700 
4.64389 400 900 700 
3.29025 400 1000 700 
5.08831 500 100 700 
5.49355 500 200 700 
5.01184 500 300 700 
4.99952 500 400 700 
5.00565 500 500 700 
5.52925 500 600 700 
5.57242 500 700 700 
5.52397 500 800 700 
4.41591 500 900 700 
3.35808 500 1000 700 
6.06662 600 100 700 
5.92821 600 200 700 
5.52157 600 300 700 
5.99502 600 400 700 
5.88271 600 500 700 
5.71381 600 600 700 
5.63731 600 700 700 
4.75657 600 800 700 
4.15581 600 900 700 
3.71131 600 1000 700 
6.14545 700 100 700 
6.75325 700 200 700 
6.27995 700 300 700 
5.93793 700 400 700 
5.84857 700 500 700 
5.95236 700 600 700 
5.07877 700 700 700 
2.87625 700 800 700 
3.81946 700 900 700 
3.65589 700 1000 700 
6.87204 800 100 700 
6.48057 800 200 700 
6.39394 800 300 700 
6.06015 800 400 700 
5.85307 800 500 700 
5.7264 800 600 700 
5.37147 800 700 700 
4.62223 800 800 700 
4.28159 800 900 700 
3.53207 800 1000 700 
7.05128 900 100 700 
6.95742 900 200 700 
6.91583 900 300 700 
6.21369 900 400 700 
6.13642 900 500 700 
5.8107 900 600 700 
5.7006 900 700 700 
5.39452 900 800 700 
4.36986 900 900 700 
3.37794 900 1000 700 
7.01146 1000 100 700 
6.84211 1000 200 700 
6.55827 1000 300 700 
6.10987 1000 400 700 
5.81379 1000 500 700 
5.43304 1000 600 700 
5.48904 1000 700 700 
5.57597 1000 800 700 
3.66032 1000 900 700 
2.76315 1000 1000 700 
3.85517 100 100 800 
4.4095 100 200 800 
4.52438 100 300 800 
5.04691 100 400 800 
5.17306 100 500 800 
4.74397 100 600 800 
5.01087 100 700 800 
4.37679 100 800 800 
3.20244 100 900 800 
2.81011 100 1000 800 
4.35012 200 100 800 
4.47156 200 200 800 
4.53966 200 300 800 
4.71363 200 400 800 
4.53607 200 500 800 
4.63034 200 600 800 
4.96812 200 700 800 
4.5049 200 800 800 
3.74435 200 900 800 
4.03824 200 1000 800 
4.04909 300 100 800 
4.35428 300 200 800 
4.27952 300 300 800 
4.25907 300 400 800 
3.56288 300 500 800 
3.72216 300 600 800 
4.19054 300 700 800 
4.29351 300 800 800 
3.64107 300 900 800 
3.19412 300 1000 800 
4.30179 400 100 800 
4.6031 400 200 800 
4.53336 400 300 800 
3.97888 400 400 800 
3.62964 400 500 800 
3.7068 400 600 800 
3.82866 400 700 800 
3.84269 400 800 800 
3.32851 400 900 800 
3.00451 400 1000 800 
4.29202 500 100 800 
4.25267 500 200 800 
4.03698 500 300 800 
3.42663 500 400 800 
3.48699 500 500 800 
3.91319 500 600 800 
4.58422 500 700 800 
3.80311 500 800 800 
2.59065 500 900 800 
2.43527 500 1000 800 
3.92539 600 100 800 
4.11907 600 200 800 
4.30026 600 300 800 
4.14876 600 400 800 
4.60181 600 500 800 
4.37739 600 600 800 
5.0558 600 700 800 
3.18163 600 800 800 
2.41288 600 900 800 
1.91826 600 1000 800 
2.57285 700 100 800 
4.34694 700 200 800 
4.46458 700 300 800 
4.55766 700 400 800 
5.48863 700 500 800 
4.37141 700 600 800 
3.59954 700 700 800 
2.63071 700 800 800 
2.62912 700 900 800 
2.77379 700 1000 800 
4.51287 800 100 800 
4.78206 800 200 800 
4.92986 800 300 800 
5.13415 800 400 800 
5.19993 800 500 800 
4.69797 800 600 800 
4.38926 800 700 800 
3.8589 800 800 800 
2.91857 800 900 800 
2.8044 800 1000 800 
6.62327 900 100 800 
5.71374 900 200 800 
5.76265 900 300 800 
5.16498 900 400 800 
5.13201 900 500 800 
5.06352 900 600 800 
5.34309 900 700 800 
5.06928 900 800 800 
3.65538 900 900 800 
2.78786 900 1000 800 
5.19792 1000 100 800 
5.01271 1000 200 800 
5.36256 1000 300 800 
5.23862 1000 400 800 
5.22603 1000 500 800 
5.28008 1000 600 800 
5.29964 1000 700 800 
5.19337 1000 800 800 
3.66993 1000 900 800 
2.71319 1000 1000 800 
2.22982 100 100 900 
3.20888 100 200 900 
3.20019 100 300 900 
4.17695 100 400 900 
3.5921 100 500 900 
3.44581 100 600 900 
3.76917 100 700 900 
2.0776 100 800 900 
2.02146 100 900 900 
2.17986 100 1000 900 
3.31683 200 100 900 
3.64819 200 200 900 
3.49484 200 300 900 
3.45484 200 400 900 
3.40115 200 500 900 
3.59904 200 600 900 
4.35011 200 700 900 
3.08678 200 800 900 
2.11137 200 900 900 
2.31904 200 1000 900 
2.51702 300 100 900 
3.46198 300 200 900 
4.20662 300 300 900 
3.47732 300 400 900 
3.36521 300 500 900 
3.08781 300 600 900 
3.37254 300 700 900 
3.55924 300 800 900 
2.4909 300 900 900 
1.24738 300 1000 900 
3.23135 400 100 900 
3.57849 400 200 900 
4.20055 400 300 900 
3.32211 400 400 900 
3.4372 400 500 900 
2.97211 400 600 900 
3.38243 400 700 900 
2.84278 400 800 900 
2.26833 400 900 900 
2.04433 400 1000 900 
3.52417 500 100 900 
3.2485 500 200 900 
3.24404 500 300 900 
2.54723 500 400 900 
2.93276 500 500 900 
1.8725 500 600 900 
2.67112 500 700 900 
1.8324 500 800 900 
1.87914 500 900 900 
1.91232 500 1000 900 
2.95982 600 100 900 
2.50483 600 200 900 
2.89624 600 300 900 
1.51506 600 400 900 
2.25432 600 500 900 
1.5105 600 600 900 
2.71483 600 700 900 
2.30086 600 800 900 
2.02787 600 900 900 
1.6927 600 1000 900 
2.28388 700 100 900 
2.42232 700 200 900 
3.253 700 300 900 
1.72617 700 400 900 
2.85478 700 500 900 
1.70834 700 600 900 
2.08263 700 700 900 
2.51168 700 800 900 
2.37857 700 900 900 
1.92668 700 1000 900 
1.33127 800 100 900 
3.05012 800 200 900 
4.06704 800 300 900 
4.14711 800 400 900 
3.88742 800 500 900 
3.31981 800 600 900 
2.96429 800 700 900 
3.00062 800 800 900 
2.94144 800 900 900 
2.45217 800 1000 900 
3.00288 900 100 900 
3.37955 900 200 900 
4.31175 900 300 900 
5.07293 900 400 900 
5.06551 900 500 900 
4.60024 900 600 900 
3.74279 900 700 900 
4.08613 900 800 900 
2.95486 900 900 900 
2.48626 900 1000 900 
1.0546 1000 100 900 
1.14279 1000 200 900 
3.20545 1000 300 900 
4.28798 1000 400 900 
4.90871 1000 500 900 
4.66723 1000 600 900 
4.55664 1000 700 900 
3.90866 1000 800 900 
2.71768 1000 900 900 
2.57883 1000 1000 900 
1 100 100 1000 
1 100 200 1000 
1 100 300 1000 
1 100 400 1000 
1 100 500 1000 
1 100 600 1000 
1 100 700 1000 
1 100 800 1000 
1 100 900 1000 
1 100 1000 1000 
1 200 100 1000 
1 200 200 1000 
1 200 300 1000 
1 200 400 1000 
1 200 500 1000 
1 200 600 1000 
1 200 700 1000 
1 200 800 1000 
1 200 900 1000 
1 200 1000 1000 
1 300 100 1000 
1 300 200 1000 
1 300 300 1000 
1 300 400 1000 
1 300 500 1000 
1 300 600 1000 
1 300 700 1000 
1 300 800 1000 
1 300 900 1000 
1 300 1000 1000 
1 400 100 1000 
1 400 200 1000 
1 400 300 1000 
1 400 400 1000 
1 400 500 1000 
1 400 600 1000 
1 400 700 1000 
1 400 800 1000 
1 400 900 1000 
1 400 1000 1000 
1 500 100 1000 
1 500 200 1000 
1 500 300 1000 
1 500 400 1000 
1 500 500 1000 
1 500 600 1000 
1 500 700 1000 
1 500 800 1000 
1 500 900 1000 
1 500 1000 1000 
1 600 100 1000 
1 600 200 1000 
1 600 300 1000 
1 600 400 1000 
1 600 500 1000 
1 600 600 1000 
1 600 700 1000 
1 600 800 1000 
1 600 900 1000 
1 600 1000 1000 
1 700 100 1000 
1 700 200 1000 
1 700 300 1000 
1 700 400 1000 
1 700 500 1000 
1 700 600 1000 
1 700 700 1000 
1 700 800 1000 
1 700 900 1000 
1 700 1000 1000 
1 800 100 1000 
1 800 200 1000 
1 800 300 1000 
1 800 400 1000 
1 800 500 1000 
1 800 600 1000 
1 800 700 1000 
1 800 800 1000 
1 800 900 1000 
1 800 1000 1000 
1 900 100 1000 
1 900 200 1000 
1 900 300 1000 
1 900 400 1000 
1 900 500 1000 
1 900 600 1000 
1 900 700 1000 
1 900 800 1000 
1 900 900 1000 
1 900 1000 1000 
1 1000 100 1000 
1 1000 200 1000 
1 1000 300 1000 
1 1000 400 1000 
1 1000 500 1000 
1 1000 600 1000 
1 1000 700 1000 
1 1000 800 1000 
1 1000 900 1000 
1 1000 1000 1000 
