1000	1.000000e+03	1.000000e+03	1.000000e+03	0.000000e+00
1	1.000000e+02	0.000000e+00	0.000000e+00	1	4	1.558521e+01	4.586134e+03	3.018990e-02	0.000000e+00
2	2.000000e+02	0.000000e+00	0.000000e+00	0	4	1.436587e+01	5.695316e+02	4.074410e-02	0.000000e+00
3	3.000000e+02	0.000000e+00	0.000000e+00	0	4	2.115577e+01	4.991708e+03	3.934768e-02	0.000000e+00
4	4.000000e+02	0.000000e+00	0.000000e+00	0	4	1.916383e+01	3.613869e+03	3.510941e-02	0.000000e+00
5	5.000000e+02	0.000000e+00	0.000000e+00	0	4	1.772228e+01	2.290310e+03	4.366306e-02	0.000000e+00
6	6.000000e+02	0.000000e+00	0.000000e+00	0	4	2.233761e+01	3.585073e+03	2.866316e-02	0.000000e+00
7	7.000000e+02	0.000000e+00	0.000000e+00	0	4	1.714852e+01	1.346615e+03	4.160476e-02	0.000000e+00
8	8.000000e+02	0.000000e+00	0.000000e+00	0	4	2.340984e+01	6.596431e+04	3.448897e-02	0.000000e+00
9	9.000000e+02	0.000000e+00	0.000000e+00	0	4	2.513445e+01	5.192612e+03	3.889384e-02	0.000000e+00
10	1.000000e+03	0.000000e+00	0.000000e+00	2	4	1.790902e+01	9.512618e+02	4.317783e-02	0.000000e+00
11	1.000000e+02	1.000000e+02	0.000000e+00	1	5	1.292811e+01	8.774214e+02	4.165678e-02	0.000000e+00
12	2.000000e+02	1.000000e+02	0.000000e+00	0	5	1.692880e+01	6.436775e+03	3.814575e-02	0.000000e+00
13	3.000000e+02	1.000000e+02	0.000000e+00	0	5	2.141286e+01	3.576557e+03	3.550842e-02	0.000000e+00
14	4.000000e+02	1.000000e+02	0.000000e+00	0	5	2.230776e+01	1.290125e+04	3.977048e-02	0.000000e+00
15	5.000000e+02	1.000000e+02	0.000000e+00	0	5	1.405901e+01	1.411820e+03	4.303142e-02	0.000000e+00
16	6.000000e+02	1.000000e+02	0.000000e+00	0	5	1.381705e+01	4.004064e+02	3.555757e-02	0.000000e+00
17	7.000000e+02	1.000000e+02	0.000000e+00	0	5	1.890645e+01	7.454711e+03	3.455898e-02	0.000000e+00
18	8.000000e+02	1.000000e+02	0.000000e+00	0	5	2.346416e+01	4.895438e+04	2.994602e-02	0.000000e+00
19	9.000000e+02	1.000000e+02	0.000000e+00	0	5	2.349741e+01	1.611815e+04	3.808384e-02	0.000000e+00
20	1.000000e+03	1.000000e+02	0.000000e+00	2	5	1.853494e+01	3.939546e+03	3.882796e-02	0.000000e+00
21	1.000000e+02	2.000000e+02	0.000000e+00	1	5	2.186090e+01	4.115938e+04	2.551035e-02	0.000000e+00
22	2.000000e+02	2.000000e+02	0.000000e+00	0	5	1.613407e+01	2.358341e+03	3.916138e-02	0.000000e+00
23	3.000000e+02	2.000000e+02	0.000000e+00	0	5	1.927631e+01	7.857659e+02	3.050759e-02	0.000000e+00
24	4.000000e+02	2.000000e+02	0.000000e+00	0	5	1.639973e+01	2.440293e+03	3.577312e-02	0.000000e+00
25	5.000000e+02	2.000000e+02	0.000000e+00	0	5	2.035560e+01	3.124939e+03	4.069387e-02	0.000000e+00
26	6.000000e+02	2.000000e+02	0.000000e+00	0	5	3.530304e+01	6.831222e+04	1.186854e-02	0.000000e+00
27	7.000000e+02	2.000000e+02	0.000000e+00	0	5	1.912616e+01	4.157618e+03	3.436024e-02	0.000000e+00
28	8.000000e+02	2.000000e+02	0.000000e+00	0	5	1.800209e+01	3.692391e+03	4.228040e-02	0.000000e+00
29	9.000000e+02	2.000000e+02	0.000000e+00	0	5	1.958333e+01	9.845445e+03	3.638110e-02	0.000000e+00
30	1.000000e+03	2.000000e+02	0.000000e+00	2	5	2.095543e+01	2.264397e+04	3.395249e-02	0.000000e+00
31	1.000000e+02	3.000000e+02	0.000000e+00	1	5	2.148440e+01	3.105955e+03	2.840667e-02	0.000000e+00
32	2.000000e+02	3.000000e+02	0.000000e+00	0	5	1.713933e+01	3.803897e+02	3.298454e-02	0.000000e+00
33	3.000000e+02	3.000000e+02	0.000000e+00	0	5	2.467385e+01	6.253806e+03	2.544071e-02	0.000000e+00
34	4.000000e+02	3.000000e+02	0.000000e+00	0	5	2.583898e+01	2.111362e+04	3.260412e-02	0.000000e+00
35	5.000000e+02	3.000000e+02	0.000000e+00	0	5	2.261509e+01	1.781524e+04	3.893865e-02	0.000000e+00
36	6.000000e+02	3.000000e+02	0.000000e+00	0	5	1.411676e+01	2.911740e+02	4.194928e-02	0.000000e+00
37	7.000000e+02	3.000000e+02	0.000000e+00	0	5	2.529274e+01	6.344888e+03	3.319928e-02	0.000000e+00
38	8.000000e+02	3.000000e+02	0.000000e+00	0	5	1.955135e+01	1.908785e+04	2.954754e-02	0.000000e+00
39	9.000000e+02	3.000000e+02	0.000000e+00	0	5	2.065098e+01	1.015073e+04	3.378688e-02	0.000000e+00
40	1.000000e+03	3.000000e+02	0.000000e+00	2	5	1.349618e+01	7.134265e+02	3.873603e-02	0.000000e+00
41	1.000000e+02	4.000000e+02	0.000000e+00	1	5	1.789796e+01	1.698557e+03	3.196126e-02	0.000000e+00
42	2.000000e+02	4.000000e+02	0.000000e+00	0	5	1.550494e+01	6.658607e+02	3.785128e-02	0.000000e+00
43	3.000000e+02	4.000000e+02	0.000000e+00	0	5	1.455467e+01	5.536082e+02	3.451720e-02	0.000000e+00
44	4.000000e+02	4.000000e+02	0.000000e+00	0	5	3.840098e+01	3.326981e+05	2.948937e-02	0.000000e+00
45	5.000000e+02	4.000000e+02	0.000000e+00	0	5	1.704047e+01	4.124446e+03	1.907968e-02	0.000000e+00
46	6.000000e+02	4.000000e+02	0.000000e+00	0	5	1.935758e+01	1.097248e+03	4.396042e-02	0.000000e+00
47	7.000000e+02	4.000000e+02	0.000000e+00	0	5	2.023852e+01	1.465282e+03	4.032824e-02	0.000000e+00
48	8.000000e+02	4.000000e+02	0.000000e+00	0	5	2.399324e+01	4.053664e+04	1.806462e-02	0.000000e+00
49	9.000000e+02	4.000000e+02	0.000000e+00	0	5	2.005307e+01	4.522374e+03	3.692976e-02	0.000000e+00
50	1.000000e+03	4.000000e+02	0.000000e+00	2	5	1.497861e+01	4.923696e+02	4.471042e-02	0.000000e+00
51	1.000000e+02	5.000000e+02	0.000000e+00	1	5	1.598190e+01	1.027623e+04	4.774938e-02	0.000000e+00
52	2.000000e+02	5.000000e+02	0.000000e+00	0	5	1.932091e+01	1.175763e+04	3.094874e-02	0.000000e+00
53	3.000000e+02	5.000000e+02	0.000000e+00	0	5	1.724553e+01	3.144719e+03	3.306459e-02	0.000000e+00
54	4.000000e+02	5.000000e+02	0.000000e+00	0	5	3.176295e+01	1.136426e+05	3.071424e-02	0.000000e+00
55	5.000000e+02	5.000000e+02	0.000000e+00	0	5	3.017796e+01	1.450253e+04	3.299085e-02	0.000000e+00
56	6.000000e+02	5.000000e+02	0.000000e+00	0	5	4.020983e+01	1.933642e+05	6.250000e-02	0.000000e+00
57	7.000000e+02	5.000000e+02	0.000000e+00	0	5	1.495863e+01	1.050346e+03	4.070104e-02	0.000000e+00
58	8.000000e+02	5.000000e+02	0.000000e+00	0	5	1.597910e+01	7.854969e+03	4.205310e-02	0.000000e+00
59	9.000000e+02	5.000000e+02	0.000000e+00	0	5	3.618020e+01	4.565624e+04	4.471187e-02	0.000000e+00
60	1.000000e+03	5.000000e+02	0.000000e+00	2	5	1.609523e+01	3.538276e+02	4.578137e-02	0.000000e+00
61	1.000000e+02	6.000000e+02	0.000000e+00	1	5	1.464405e+01	1.393913e+03	3.137257e-02	0.000000e+00
62	2.000000e+02	6.000000e+02	0.000000e+00	0	5	2.765055e+01	3.727052e+04	2.636146e-02	0.000000e+00
63	3.000000e+02	6.000000e+02	0.000000e+00	0	5	2.448442e+01	2.040447e+04	3.943813e-02	0.000000e+00
64	4.000000e+02	6.000000e+02	0.000000e+00	0	5	1.604723e+01	3.340535e+03	3.256144e-02	0.000000e+00
65	5.000000e+02	6.000000e+02	0.000000e+00	0	5	1.590627e+01	1.000772e+03	4.258360e-02	0.000000e+00
66	6.000000e+02	6.000000e+02	0.000000e+00	0	5	1.613336e+01	1.116323e+03	3.963887e-02	0.000000e+00
67	7.000000e+02	6.000000e+02	0.000000e+00	0	5	1.762066e+01	3.960849e+03	4.205453e-02	0.000000e+00
68	8.000000e+02	6.000000e+02	0.000000e+00	0	5	4.850411e+01	6.301274e+05	6.250000e-02	0.000000e+00
69	9.000000e+02	6.000000e+02	0.000000e+00	0	5	2.161372e+01	8.658873e+03	3.964810e-02	0.000000e+00
70	1.000000e+03	6.000000e+02	0.000000e+00	2	5	1.461812e+01	2.164842e+02	3.663232e-02	0.000000e+00
71	1.000000e+02	7.000000e+02	0.000000e+00	1	5	1.498391e+01	2.204544e+03	4.076975e-02	0.000000e+00
72	2.000000e+02	7.000000e+02	0.000000e+00	0	5	1.433625e+01	4.422564e+02	3.872179e-02	0.000000e+00
73	3.000000e+02	7.000000e+02	0.000000e+00	0	5	1.281985e+01	5.056323e+02	3.958099e-02	0.000000e+00
74	4.000000e+02	7.000000e+02	0.000000e+00	0	5	1.540451e+01	1.166712e+03	3.554312e-02	0.000000e+00
75	5.000000e+02	7.000000e+02	0.000000e+00	0	5	2.485628e+01	4.755562e+03	4.034126e-02	0.000000e+00
76	6.000000e+02	7.000000e+02	0.000000e+00	0	5	1.407462e+01	9.817783e+02	4.586540e-02	0.000000e+00
77	7.000000e+02	7.000000e+02	0.000000e+00	0	5	1.496116e+01	3.063660e+02	3.496112e-02	0.000000e+00
78	8.000000e+02	7.000000e+02	0.000000e+00	0	5	1.492145e+01	1.293515e+03	4.482028e-02	0.000000e+00
79	9.000000e+02	7.000000e+02	0.000000e+00	0	5	1.821127e+01	2.495702e+03	3.598952e-02	0.000000e+00
80	1.000000e+03	7.000000e+02	0.000000e+00	2	5	2.695389e+01	5.366580e+04	3.307433e-02	0.000000e+00
81	1.000000e+02	8.000000e+02	0.000000e+00	1	5	1.435223e+01	4.402389e+03	4.060499e-02	0.000000e+00
82	2.000000e+02	8.000000e+02	0.000000e+00	0	5	2.474044e+01	1.036758e+03	2.376932e-02	0.000000e+00
83	3.000000e+02	8.000000e+02	0.000000e+00	0	5	1.376845e+01	2.373949e+02	6.250000e-02	0.000000e+00
84	4.000000e+02	8.000000e+02	0.000000e+00	0	5	4.117378e+01	3.975392e+05	2.324285e-02	0.000000e+00
85	5.000000e+02	8.000000e+02	0.000000e+00	0	5	3.145980e+01	6.431740e+03	3.953325e-02	0.000000e+00
86	6.000000e+02	8.000000e+02	0.000000e+00	0	5	1.505112e+01	9.741165e+01	6.250000e-02	0.000000e+00
87	7.000000e+02	8.000000e+02	0.000000e+00	0	5	1.560484e+01	8.251002e+02	4.180690e-02	0.000000e+00
88	8.000000e+02	8.000000e+02	0.000000e+00	0	5	1.348657e+01	4.401196e+02	4.092185e-02	0.000000e+00
89	9.000000e+02	8.000000e+02	0.000000e+00	0	5	1.532482e+01	1.565723e+03	3.464188e-02	0.000000e+00
90	1.000000e+03	8.000000e+02	0.000000e+00	2	5	2.456137e+01	2.576593e+04	3.483725e-02	0.000000e+00
91	1.000000e+02	9.000000e+02	0.000000e+00	1	4	2.115844e+01	2.288140e+04	2.943174e-02	0.000000e+00
92	2.000000e+02	9.000000e+02	0.000000e+00	0	4	1.591403e+01	2.714979e+03	3.987251e-02	0.000000e+00
93	3.000000e+02	9.000000e+02	0.000000e+00	0	4	2.093408e+01	9.298587e+03	3.321994e-02	0.000000e+00
94	4.000000e+02	9.000000e+02	0.000000e+00	0	4	1.418179e+01	4.780812e+02	4.766161e-02	0.000000e+00
95	5.000000e+02	9.000000e+02	0.000000e+00	0	4	1.367722e+01	3.765947e+03	4.171325e-02	0.000000e+00
96	6.000000e+02	9.000000e+02	0.000000e+00	0	4	3.479796e+01	2.201676e+05	2.511252e-02	0.000000e+00
97	7.000000e+02	9.000000e+02	0.000000e+00	0	4	1.461327e+01	8.686600e+02	3.455044e-02	0.000000e+00
98	8.000000e+02	9.000000e+02	0.000000e+00	0	4	1.934398e+01	2.852530e+03	3.590155e-02	0.000000e+00
99	9.000000e+02	9.000000e+02	0.000000e+00	0	4	3.550153e+01	2.374186e+05	2.665290e-02	0.000000e+00
100	1.000000e+03	9.000000e+02	0.000000e+00	2	4	3.423857e+01	3.670836e+05	2.174025e-02	0.000000e+00
101	1.000000e+02	0.000000e+00	1.000000e+02	1	5	1.316230e+01	2.791753e+02	6.250000e-02	0.000000e+00
102	2.000000e+02	0.000000e+00	1.000000e+02	0	5	2.023449e+01	9.976006e+02	3.063542e-02	0.000000e+00
103	3.000000e+02	0.000000e+00	1.000000e+02	0	5	1.409920e+01	1.019659e+02	6.250000e-02	0.000000e+00
104	4.000000e+02	0.000000e+00	1.000000e+02	0	5	1.988540e+01	1.284437e+03	3.472399e-02	0.000000e+00
105	5.000000e+02	0.000000e+00	1.000000e+02	0	5	1.760078e+01	4.863866e+03	3.367498e-02	0.000000e+00
106	6.000000e+02	0.000000e+00	1.000000e+02	0	5	4.287450e+01	6.230860e+05	6.250000e-02	0.000000e+00
107	7.000000e+02	0.000000e+00	1.000000e+02	0	5	1.331666e+01	2.986717e+02	4.382527e-02	0.000000e+00
108	8.000000e+02	0.000000e+00	1.000000e+02	0	5	1.461022e+01	1.147696e+02	4.160866e-02	0.000000e+00
109	9.000000e+02	0.000000e+00	1.000000e+02	0	5	1.252652e+01	3.533626e+02	3.557964e-02	0.000000e+00
110	1.000000e+03	0.000000e+00	1.000000e+02	2	5	1.947779e+01	8.642670e+03	4.325926e-02	0.000000e+00
111	1.000000e+02	1.000000e+02	1.000000e+02	1	6	1.477198e+01	1.852385e+03	3.939267e-02	0.000000e+00
112	2.000000e+02	1.000000e+02	1.000000e+02	0	6	4.151240e+01	4.372043e+05	3.112743e-02	0.000000e+00
113	3.000000e+02	1.000000e+02	1.000000e+02	0	6	2.949780e+01	2.199188e+04	2.843963e-02	0.000000e+00
114	4.000000e+02	1.000000e+02	1.000000e+02	0	6	2.624777e+01	5.135743e+03	3.184724e-02	0.000000e+00
115	5.000000e+02	1.000000e+02	1.000000e+02	0	6	2.352476e+01	5.725345e+03	1.269699e-02	0.000000e+00
116	6.000000e+02	1.000000e+02	1.000000e+02	0	6	3.975103e+01	7.797907e+04	3.097797e-02	0.000000e+00
117	7.000000e+02	1.000000e+02	1.000000e+02	0	6	5.404774e+01	2.305215e+06	6.250000e-02	0.000000e+00
118	8.000000e+02	1.000000e+02	1.000000e+02	0	6	1.473547e+01	6.108153e+02	4.790293e-02	0.000000e+00
119	9.000000e+02	1.000000e+02	1.000000e+02	0	6	1.712125e+01	2.125347e+03	3.979074e-02	0.000000e+00
120	1.000000e+03	1.000000e+02	1.000000e+02	2	6	1.637942e+01	1.469438e+03	3.523007e-02	0.000000e+00
121	1.000000e+02	2.000000e+02	1.000000e+02	1	6	1.259581e+01	1.427012e+02	4.125989e-02	0.000000e+00
122	2.000000e+02	2.000000e+02	1.000000e+02	0	6	1.569634e+01	5.290848e+03	3.915027e-02	0.000000e+00
123	3.000000e+02	2.000000e+02	1.000000e+02	0	6	1.435740e+01	8.135488e+03	1.900534e-02	0.000000e+00
124	4.000000e+02	2.000000e+02	1.000000e+02	0	6	2.715760e+01	5.749666e+04	3.577157e-02	0.000000e+00
125	5.000000e+02	2.000000e+02	1.000000e+02	0	6	1.398251e+01	2.775168e+02	2.283029e-02	0.000000e+00
126	6.000000e+02	2.000000e+02	1.000000e+02	0	6	1.769083e+01	1.191026e+03	3.610802e-02	0.000000e+00
127	7.000000e+02	2.000000e+02	1.000000e+02	0	6	2.334298e+01	4.661677e+04	3.150198e-02	0.000000e+00
128	8.000000e+02	2.000000e+02	1.000000e+02	0	6	1.373870e+01	5.778706e+02	3.599684e-02	0.000000e+00
129	9.000000e+02	2.000000e+02	1.000000e+02	0	6	3.045213e+01	1.547182e+05	3.839445e-02	0.000000e+00
130	1.000000e+03	2.000000e+02	1.000000e+02	2	6	1.475883e+01	1.857601e+02	3.917492e-02	0.000000e+00
131	1.000000e+02	3.000000e+02	1.000000e+02	1	6	1.581345e+01	6.121625e+02	4.462934e-02	0.000000e+00
132	2.000000e+02	3.000000e+02	1.000000e+02	0	6	1.637257e+01	7.001736e+03	2.698517e-02	0.000000e+00
133	3.000000e+02	3.000000e+02	1.000000e+02	0	6	2.442537e+01	3.396474e+04	3.596188e-02	0.000000e+00
134	4.000000e+02	3.000000e+02	1.000000e+02	0	6	1.596493e+01	3.532843e+02	3.449516e-02	0.000000e+00
135	5.000000e+02	3.000000e+02	1.000000e+02	0	6	1.327987e+01	7.019056e+02	4.306197e-02	0.000000e+00
136	6.000000e+02	3.000000e+02	1.000000e+02	0	6	2.006473e+01	5.786123e+03	4.330610e-02	0.000000e+00
137	7.000000e+02	3.000000e+02	1.000000e+02	0	6	1.401576e+01	1.574703e+02	3.891522e-02	0.000000e+00
138	8.000000e+02	3.000000e+02	1.000000e+02	0	6	1.720274e+01	1.498811e+03	6.250000e-02	0.000000e+00
139	9.000000e+02	3.000000e+02	1.000000e+02	0	6	2.864949e+01	2.804739e+04	3.144750e-02	0.000000e+00
140	1.000000e+03	3.000000e+02	1.000000e+02	2	6	1.473154e+01	4.820679e+02	4.155902e-02	0.000000e+00
141	1.000000e+02	4.000000e+02	1.000000e+02	1	6	1.322314e+01	1.685204e+02	3.943829e-02	0.000000e+00
142	2.000000e+02	4.000000e+02	1.000000e+02	0	6	1.544416e+01	5.066417e+03	4.392399e-02	0.000000e+00
143	3.000000e+02	4.000000e+02	1.000000e+02	0	6	1.351808e+01	1.249244e+03	3.917330e-02	0.000000e+00
144	4.000000e+02	4.000000e+02	1.000000e+02	0	6	2.223971e+01	2.789686e+03	3.773433e-02	0.000000e+00
145	5.000000e+02	4.000000e+02	1.000000e+02	0	6	1.897005e+01	6.785369e+03	3.727664e-02	0.000000e+00
146	6.000000e+02	4.000000e+02	1.000000e+02	0	6	1.682228e+01	2.233261e+03	3.902460e-02	0.000000e+00
147	7.000000e+02	4.000000e+02	1.000000e+02	0	6	1.442786e+01	1.577642e+02	4.225472e-02	0.000000e+00
148	8.000000e+02	4.000000e+02	1.000000e+02	0	6	1.503218e+01	2.945666e+03	4.676562e-02	0.000000e+00
149	9.000000e+02	4.000000e+02	1.000000e+02	0	6	2.892927e+01	1.380291e+04	3.089399e-02	0.000000e+00
150	1.000000e+03	4.000000e+02	1.000000e+02	2	6	2.680329e+01	2.486080e+04	3.434260e-02	0.000000e+00
151	1.000000e+02	5.000000e+02	1.000000e+02	1	6	1.591237e+01	2.028795e+03	4.472213e-02	0.000000e+00
152	2.000000e+02	5.000000e+02	1.000000e+02	0	6	1.511930e+01	1.084984e+03	3.737719e-02	0.000000e+00
153	3.000000e+02	5.000000e+02	1.000000e+02	0	6	1.687599e+01	1.106357e+04	4.603940e-02	0.000000e+00
154	4.000000e+02	5.000000e+02	1.000000e+02	0	6	1.529344e+01	5.024425e+03	4.319675e-02	0.000000e+00
155	5.000000e+02	5.000000e+02	1.000000e+02	0	6	2.025929e+01	1.567767e+03	3.022597e-02	0.000000e+00
156	6.000000e+02	5.000000e+02	1.000000e+02	0	6	1.852525e+01	2.568488e+03	3.592562e-02	0.000000e+00
157	7.000000e+02	5.000000e+02	1.000000e+02	0	6	1.566348e+01	2.007189e+03	4.289850e-02	0.000000e+00
158	8.000000e+02	5.000000e+02	1.000000e+02	0	6	3.089080e+01	4.315306e+04	3.276895e-02	0.000000e+00
159	9.000000e+02	5.000000e+02	1.000000e+02	0	6	1.701210e+01	7.257711e+02	3.711855e-02	0.000000e+00
160	1.000000e+03	5.000000e+02	1.000000e+02	2	6	2.040126e+01	1.380479e+04	3.870981e-02	0.000000e+00
161	1.000000e+02	6.000000e+02	1.000000e+02	1	6	2.461059e+01	1.067827e+04	2.765528e-02	0.000000e+00
162	2.000000e+02	6.000000e+02	1.000000e+02	0	6	1.503099e+01	1.675331e+03	3.606672e-02	0.000000e+00
163	3.000000e+02	6.000000e+02	1.000000e+02	0	6	1.800048e+01	1.370007e+04	4.375766e-02	0.000000e+00
164	4.000000e+02	6.000000e+02	1.000000e+02	0	6	1.785858e+01	1.480233e+03	3.678109e-02	0.000000e+00
165	5.000000e+02	6.000000e+02	1.000000e+02	0	6	3.328319e+01	2.004985e+05	1.723274e-02	0.000000e+00
166	6.000000e+02	6.000000e+02	1.000000e+02	0	6	1.624712e+01	1.518580e+03	3.539117e-02	0.000000e+00
167	7.000000e+02	6.000000e+02	1.000000e+02	0	6	1.944105e+01	7.780905e+03	4.540161e-02	0.000000e+00
168	8.000000e+02	6.000000e+02	1.000000e+02	0	6	1.656711e+01	2.767337e+03	3.811836e-02	0.000000e+00
169	9.000000e+02	6.000000e+02	1.000000e+02	0	6	1.981941e+01	6.542752e+03	3.278149e-02	0.000000e+00
170	1.000000e+03	6.000000e+02	1.000000e+02	2	6	1.489254e+01	2.076538e+02	4.038921e-02	0.000000e+00
171	1.000000e+02	7.000000e+02	1.000000e+02	1	6	1.531362e+01	5.028872e+03	3.774865e-02	0.000000e+00
172	2.000000e+02	7.000000e+02	1.000000e+02	0	6	1.474771e+01	1.036589e+03	6.250000e-02	0.000000e+00
173	3.000000e+02	7.000000e+02	1.000000e+02	0	6	1.783924e+01	1.986650e+03	4.174522e-02	0.000000e+00
174	4.000000e+02	7.000000e+02	1.000000e+02	0	6	1.417710e+01	5.398726e+03	2.644748e-02	0.000000e+00
175	5.000000e+02	7.000000e+02	1.000000e+02	0	6	2.719048e+01	7.591848e+03	2.418990e-02	0.000000e+00
176	6.000000e+02	7.000000e+02	1.000000e+02	0	6	1.602930e+01	7.761565e+02	4.665734e-02	0.000000e+00
177	7.000000e+02	7.000000e+02	1.000000e+02	0	6	1.423907e+01	7.383572e+02	4.128597e-02	0.000000e+00
178	8.000000e+02	7.000000e+02	1.000000e+02	0	6	2.339093e+01	3.772539e+04	3.995307e-02	0.000000e+00
179	9.000000e+02	7.000000e+02	1.000000e+02	0	6	1.615809e+01	5.186100e+02	4.113937e-02	0.000000e+00
180	1.000000e+03	7.000000e+02	1.000000e+02	2	6	1.950396e+01	9.247412e+03	3.240393e-02	0.000000e+00
181	1.000000e+02	8.000000e+02	1.000000e+02	1	6	1.964862e+01	1.620853e+03	3.497262e-02	0.000000e+00
182	2.000000e+02	8.000000e+02	1.000000e+02	0	6	1.712676e+01	2.479286e+03	4.050862e-02	0.000000e+00
183	3.000000e+02	8.000000e+02	1.000000e+02	0	6	1.523444e+01	8.880447e+02	1.903562e-02	0.000000e+00
184	4.000000e+02	8.000000e+02	1.000000e+02	0	6	2.417909e+01	4.778660e+04	1.322080e-02	0.000000e+00
185	5.000000e+02	8.000000e+02	1.000000e+02	0	6	2.322787e+01	2.377809e+03	3.777691e-02	0.000000e+00
186	6.000000e+02	8.000000e+02	1.000000e+02	0	6	1.479390e+01	3.321999e+02	4.036580e-02	0.000000e+00
187	7.000000e+02	8.000000e+02	1.000000e+02	0	6	2.012803e+01	5.974888e+03	3.976804e-02	0.000000e+00
188	8.000000e+02	8.000000e+02	1.000000e+02	0	6	2.012174e+01	6.711167e+02	3.070443e-02	0.000000e+00
189	9.000000e+02	8.000000e+02	1.000000e+02	0	6	2.582322e+01	1.884355e+04	3.744746e-02	0.000000e+00
190	1.000000e+03	8.000000e+02	1.000000e+02	2	6	1.924555e+01	1.717091e+03	3.294329e-02	0.000000e+00
191	1.000000e+02	9.000000e+02	1.000000e+02	1	5	1.852892e+01	3.076090e+03	3.675157e-02	0.000000e+00
192	2.000000e+02	9.000000e+02	1.000000e+02	0	5	3.469110e+01	2.298038e+04	2.753672e-02	0.000000e+00
193	3.000000e+02	9.000000e+02	1.000000e+02	0	5	1.628308e+01	8.744299e+02	3.658856e-02	0.000000e+00
194	4.000000e+02	9.000000e+02	1.000000e+02	0	5	4.256821e+01	2.722464e+05	2.483707e-02	0.000000e+00
195	5.000000e+02	9.000000e+02	1.000000e+02	0	5	1.549576e+01	1.496401e+03	6.250000e-02	0.000000e+00
196	6.000000e+02	9.000000e+02	1.000000e+02	0	5	1.504392e+01	6.064091e+02	4.686262e-02	0.000000e+00
197	7.000000e+02	9.000000e+02	1.000000e+02	0	5	1.301627e+01	6.268969e+02	6.250000e-02	0.000000e+00
198	8.000000e+02	9.000000e+02	1.000000e+02	0	5	1.875059e+01	8.865476e+03	4.322815e-02	0.000000e+00
199	9.000000e+02	9.000000e+02	1.000000e+02	0	5	1.589001e+01	1.126777e+04	3.679361e-02	0.000000e+00
200	1.000000e+03	9.000000e+02	1.000000e+02	2	5	1.671881e+01	6.784591e+03	4.347991e-02	0.000000e+00
201	1.000000e+02	0.000000e+00	2.000000e+02	1	5	1.433314e+01	5.381541e+03	4.422233e-02	0.000000e+00
202	2.000000e+02	0.000000e+00	2.000000e+02	0	5	2.006997e+01	2.504968e+03	3.762343e-02	0.000000e+00
203	3.000000e+02	0.000000e+00	2.000000e+02	0	5	2.760291e+01	1.021985e+04	3.810620e-02	0.000000e+00
204	4.000000e+02	0.000000e+00	2.000000e+02	0	5	2.050853e+01	1.395836e+04	2.406312e-02	0.000000e+00
205	5.000000e+02	0.000000e+00	2.000000e+02	0	5	1.746176e+01	2.200625e+03	3.816150e-02	0.000000e+00
206	6.000000e+02	0.000000e+00	2.000000e+02	0	5	1.833265e+01	3.737030e+03	3.960727e-02	0.000000e+00
207	7.000000e+02	0.000000e+00	2.000000e+02	0	5	1.897090e+01	2.946756e+03	3.857809e-02	0.000000e+00
208	8.000000e+02	0.000000e+00	2.000000e+02	0	5	1.459262e+01	1.238766e+02	6.250000e-02	0.000000e+00
209	9.000000e+02	0.000000e+00	2.000000e+02	0	5	2.184697e+01	2.179694e+04	3.408145e-02	0.000000e+00
210	1.000000e+03	0.000000e+00	2.000000e+02	2	5	2.452983e+01	8.600477e+03	3.024416e-02	0.000000e+00
211	1.000000e+02	1.000000e+02	2.000000e+02	1	6	1.478552e+01	2.728709e+03	4.037115e-02	0.000000e+00
212	2.000000e+02	1.000000e+02	2.000000e+02	0	6	1.535105e+01	2.656140e+02	4.103531e-02	0.000000e+00
213	3.000000e+02	1.000000e+02	2.000000e+02	0	6	2.843887e+01	9.506528e+04	3.314249e-02	0.000000e+00
214	4.000000e+02	1.000000e+02	2.000000e+02	0	6	2.118012e+01	1.881927e+04	3.904390e-02	0.000000e+00
215	5.000000e+02	1.000000e+02	2.000000e+02	0	6	1.966401e+01	1.810910e+04	3.253401e-02	0.000000e+00
216	6.000000e+02	1.000000e+02	2.000000e+02	0	6	1.375871e+01	1.309503e+03	4.403199e-02	0.000000e+00
217	7.000000e+02	1.000000e+02	2.000000e+02	0	6	1.353642e+01	3.815025e+02	4.582018e-02	0.000000e+00
218	8.000000e+02	1.000000e+02	2.000000e+02	0	6	2.225706e+01	1.700466e+04	2.427677e-02	0.000000e+00
219	9.000000e+02	1.000000e+02	2.000000e+02	0	6	1.415264e+01	3.244846e+02	2.546540e-02	0.000000e+00
220	1.000000e+03	1.000000e+02	2.000000e+02	2	6	2.758092e+01	2.200926e+04	3.263918e-02	0.000000e+00
221	1.000000e+02	2.000000e+02	2.000000e+02	1	6	1.810307e+01	3.707195e+03	2.702745e-02	0.000000e+00
222	2.000000e+02	2.000000e+02	2.000000e+02	0	6	1.781867e+01	9.060950e+02	4.149722e-02	0.000000e+00
223	3.000000e+02	2.000000e+02	2.000000e+02	0	6	1.696189e+01	7.180200e+02	4.254407e-02	0.000000e+00
224	4.000000e+02	2.000000e+02	2.000000e+02	0	6	2.256188e+01	7.729615e+03	3.726463e-02	0.000000e+00
225	5.000000e+02	2.000000e+02	2.000000e+02	0	6	2.472488e+01	1.602077e+04	2.449457e-02	0.000000e+00
226	6.000000e+02	2.000000e+02	2.000000e+02	0	6	1.662676e+01	5.619469e+03	4.104666e-02	0.000000e+00
227	7.000000e+02	2.000000e+02	2.000000e+02	0	6	1.608275e+01	1.755076e+02	3.458077e-02	0.000000e+00
228	8.000000e+02	2.000000e+02	2.000000e+02	0	6	1.713570e+01	2.781929e+03	4.531926e-02	0.000000e+00
229	9.000000e+02	2.000000e+02	2.000000e+02	0	6	1.621538e+01	2.061157e+03	3.449103e-02	0.000000e+00
230	1.000000e+03	2.000000e+02	2.000000e+02	2	6	1.278811e+01	1.343901e+02	3.822319e-02	0.000000e+00
231	1.000000e+02	3.000000e+02	2.000000e+02	1	6	1.729338e+01	6.765820e+02	4.235147e-02	0.000000e+00
232	2.000000e+02	3.000000e+02	2.000000e+02	0	6	1.702085e+01	9.287037e+02	3.348611e-02	0.000000e+00
233	3.000000e+02	3.000000e+02	2.000000e+02	0	6	1.588209e+01	3.189935e+03	1.717886e-02	0.000000e+00
234	4.000000e+02	3.000000e+02	2.000000e+02	0	6	1.675108e+01	1.298989e+03	3.032147e-02	0.000000e+00
235	5.000000e+02	3.000000e+02	2.000000e+02	0	6	1.461734e+01	7.067244e+02	3.502371e-02	0.000000e+00
236	6.000000e+02	3.000000e+02	2.000000e+02	0	6	2.045361e+01	1.646887e+04	3.933474e-02	0.000000e+00
237	7.000000e+02	3.000000e+02	2.000000e+02	0	6	1.645172e+01	5.891103e+03	2.748735e-02	0.000000e+00
238	8.000000e+02	3.000000e+02	2.000000e+02	0	6	1.726059e+01	4.696748e+03	3.398330e-02	0.000000e+00
239	9.000000e+02	3.000000e+02	2.000000e+02	0	6	1.831552e+01	1.437171e+04	2.694762e-02	0.000000e+00
240	1.000000e+03	3.000000e+02	2.000000e+02	2	6	1.812926e+01	1.174081e+04	4.508243e-02	0.000000e+00
241	1.000000e+02	4.000000e+02	2.000000e+02	1	6	1.528649e+01	8.650035e+02	4.031307e-02	0.000000e+00
242	2.000000e+02	4.000000e+02	2.000000e+02	0	6	1.950644e+01	3.384298e+03	3.100502e-02	0.000000e+00
243	3.000000e+02	4.000000e+02	2.000000e+02	0	6	1.399006e+01	9.834856e+02	3.811299e-02	0.000000e+00
244	4.000000e+02	4.000000e+02	2.000000e+02	0	6	1.593104e+01	7.753659e+03	4.296205e-02	0.000000e+00
245	5.000000e+02	4.000000e+02	2.000000e+02	0	6	1.502745e+01	5.747198e+02	4.057711e-02	0.000000e+00
246	6.000000e+02	4.000000e+02	2.000000e+02	0	6	1.447678e+01	4.420460e+02	3.796952e-02	0.000000e+00
247	7.000000e+02	4.000000e+02	2.000000e+02	0	6	2.234293e+01	5.020595e+03	3.466468e-02	0.000000e+00
248	8.000000e+02	4.000000e+02	2.000000e+02	0	6	1.795685e+01	3.823756e+03	3.351004e-02	0.000000e+00
249	9.000000e+02	4.000000e+02	2.000000e+02	0	6	1.468069e+01	6.306953e+01	6.250000e-02	0.000000e+00
250	1.000000e+03	4.000000e+02	2.000000e+02	2	6	1.679106e+01	2.201833e+02	2.467096e-02	0.000000e+00
251	1.000000e+02	5.000000e+02	2.000000e+02	1	6	1.490286e+01	4.731231e+02	3.990037e-02	0.000000e+00
252	2.000000e+02	5.000000e+02	2.000000e+02	0	6	3.315230e+01	4.524759e+04	3.102866e-02	0.000000e+00
253	3.000000e+02	5.000000e+02	2.000000e+02	0	6	2.192975e+01	3.654481e+03	3.157141e-02	0.000000e+00
254	4.000000e+02	5.000000e+02	2.000000e+02	0	6	3.083764e+01	6.366791e+04	3.003341e-02	0.000000e+00
255	5.000000e+02	5.000000e+02	2.000000e+02	0	6	1.690152e+01	4.023546e+03	4.382977e-02	0.000000e+00
256	6.000000e+02	5.000000e+02	2.000000e+02	0	6	1.928995e+01	7.128995e+03	4.529958e-02	0.000000e+00
257	7.000000e+02	5.000000e+02	2.000000e+02	0	6	1.243974e+01	7.746014e+02	3.868125e-02	0.000000e+00
258	8.000000e+02	5.000000e+02	2.000000e+02	0	6	2.018875e+01	3.290650e+03	3.529277e-02	0.000000e+00
259	9.000000e+02	5.000000e+02	2.000000e+02	0	6	2.486524e+01	3.154526e+04	3.637638e-02	0.000000e+00
260	1.000000e+03	5.000000e+02	2.000000e+02	2	6	1.487447e+01	2.218830e+03	4.208532e-02	0.000000e+00
261	1.000000e+02	6.000000e+02	2.000000e+02	1	6	1.570703e+01	6.722096e+02	4.701347e-02	0.000000e+00
262	2.000000e+02	6.000000e+02	2.000000e+02	0	6	3.923275e+01	2.640239e+05	2.717559e-02	0.000000e+00
263	3.000000e+02	6.000000e+02	2.000000e+02	0	6	1.479866e+01	4.027096e+02	6.250000e-02	0.000000e+00
264	4.000000e+02	6.000000e+02	2.000000e+02	0	6	1.719209e+01	3.469361e+02	4.076668e-02	0.000000e+00
265	5.000000e+02	6.000000e+02	2.000000e+02	0	6	1.669585e+01	2.234755e+03	4.120363e-02	0.000000e+00
266	6.000000e+02	6.000000e+02	2.000000e+02	0	6	1.599336e+01	2.533212e+03	3.502622e-02	0.000000e+00
267	7.000000e+02	6.000000e+02	2.000000e+02	0	6	1.554318e+01	2.402156e+03	3.639161e-02	0.000000e+00
268	8.000000e+02	6.000000e+02	2.000000e+02	0	6	2.923830e+01	8.069676e+04	2.498499e-02	0.000000e+00
269	9.000000e+02	6.000000e+02	2.000000e+02	0	6	1.964206e+01	1.090802e+04	3.548226e-02	0.000000e+00
270	1.000000e+03	6.000000e+02	2.000000e+02	2	6	1.508569e+01	3.492762e+02	3.127847e-02	0.000000e+00
271	1.000000e+02	7.000000e+02	2.000000e+02	1	6	2.100014e+01	1.031253e+04	3.318958e-02	0.000000e+00
272	2.000000e+02	7.000000e+02	2.000000e+02	0	6	1.548661e+01	3.616156e+03	3.462198e-02	0.000000e+00
273	3.000000e+02	7.000000e+02	2.000000e+02	0	6	2.103518e+01	9.248490e+03	3.352326e-02	0.000000e+00
274	4.000000e+02	7.000000e+02	2.000000e+02	0	6	1.446375e+01	7.073675e+02	4.229206e-02	0.000000e+00
275	5.000000e+02	7.000000e+02	2.000000e+02	0	6	2.123494e+01	3.228757e+02	3.934855e-02	0.000000e+00
276	6.000000e+02	7.000000e+02	2.000000e+02	0	6	1.474718e+01	1.465647e+03	3.460360e-02	0.000000e+00
277	7.000000e+02	7.000000e+02	2.000000e+02	0	6	1.510363e+01	1.777196e+02	4.505445e-02	0.000000e+00
278	8.000000e+02	7.000000e+02	2.000000e+02	0	6	3.214057e+01	1.461210e+05	2.561633e-02	0.000000e+00
279	9.000000e+02	7.000000e+02	2.000000e+02	0	6	1.835881e+01	3.856598e+03	3.880155e-02	0.000000e+00
280	1.000000e+03	7.000000e+02	2.000000e+02	2	6	2.135589e+01	4.395845e+03	3.593179e-02	0.000000e+00
281	1.000000e+02	8.000000e+02	2.000000e+02	1	6	2.233036e+01	1.372775e+04	2.995625e-02	0.000000e+00
282	2.000000e+02	8.000000e+02	2.000000e+02	0	6	1.889183e+01	5.477277e+03	3.700623e-02	0.000000e+00
283	3.000000e+02	8.000000e+02	2.000000e+02	0	6	1.442565e+01	1.551031e+03	1.463341e-02	0.000000e+00
284	4.000000e+02	8.000000e+02	2.000000e+02	0	6	1.771950e+01	1.022705e+03	3.593619e-02	0.000000e+00
285	5.000000e+02	8.000000e+02	2.000000e+02	0	6	1.388425e+01	1.018682e+03	3.944003e-02	0.000000e+00
286	6.000000e+02	8.000000e+02	2.000000e+02	0	6	1.570996e+01	2.285247e+02	3.139506e-02	0.000000e+00
287	7.000000e+02	8.000000e+02	2.000000e+02	0	6	3.098819e+01	3.900812e+04	3.646207e-02	0.000000e+00
288	8.000000e+02	8.000000e+02	2.000000e+02	0	6	2.198777e+01	3.142186e+04	2.199619e-02	0.000000e+00
289	9.000000e+02	8.000000e+02	2.000000e+02	0	6	1.815329e+01	2.533658e+04	3.546082e-02	0.000000e+00
290	1.000000e+03	8.000000e+02	2.000000e+02	2	6	4.444973e+01	2.994517e+05	2.270991e-02	0.000000e+00
291	1.000000e+02	9.000000e+02	2.000000e+02	1	5	1.255318e+01	1.917642e+02	3.937326e-02	0.000000e+00
292	2.000000e+02	9.000000e+02	2.000000e+02	0	5	1.618344e+01	1.600296e+03	3.873673e-02	0.000000e+00
293	3.000000e+02	9.000000e+02	2.000000e+02	0	5	1.274346e+01	4.207329e+03	2.842407e-02	0.000000e+00
294	4.000000e+02	9.000000e+02	2.000000e+02	0	5	2.260484e+01	7.046992e+04	3.513135e-02	0.000000e+00
295	5.000000e+02	9.000000e+02	2.000000e+02	0	5	2.368812e+01	3.310605e+04	2.792525e-02	0.000000e+00
296	6.000000e+02	9.000000e+02	2.000000e+02	0	5	3.138769e+01	1.797282e+05	3.175161e-02	0.000000e+00
297	7.000000e+02	9.000000e+02	2.000000e+02	0	5	2.618844e+01	2.173712e+04	3.433350e-02	0.000000e+00
298	8.000000e+02	9.000000e+02	2.000000e+02	0	5	2.780238e+01	1.889126e+04	3.146522e-02	0.000000e+00
299	9.000000e+02	9.000000e+02	2.000000e+02	0	5	1.516155e+01	6.904058e+02	4.235716e-02	0.000000e+00
300	1.000000e+03	9.000000e+02	2.000000e+02	2	5	1.542491e+01	2.583239e+03	3.906462e-02	0.000000e+00
301	1.000000e+02	0.000000e+00	3.000000e+02	1	5	1.334135e+01	2.433188e+02	4.017246e-02	0.000000e+00
302	2.000000e+02	0.000000e+00	3.000000e+02	0	5	1.786763e+01	4.411679e+03	3.001476e-02	0.000000e+00
303	3.000000e+02	0.000000e+00	3.000000e+02	0	5	1.801171e+01	9.038599e+02	3.967115e-02	0.000000e+00
304	4.000000e+02	0.000000e+00	3.000000e+02	0	5	1.874943e+01	4.638285e+02	4.431623e-02	0.000000e+00
305	5.000000e+02	0.000000e+00	3.000000e+02	0	5	1.275494e+01	3.211851e+02	4.770765e-02	0.000000e+00
306	6.000000e+02	0.000000e+00	3.000000e+02	0	5	1.497461e+01	2.238645e+03	3.532369e-02	0.000000e+00
307	7.000000e+02	0.000000e+00	3.000000e+02	0	5	1.610775e+01	1.007821e+03	4.677117e-02	0.000000e+00
308	8.000000e+02	0.000000e+00	3.000000e+02	0	5	1.557838e+01	5.114598e+03	3.315703e-02	0.000000e+00
309	9.000000e+02	0.000000e+00	3.000000e+02	0	5	1.993230e+01	5.712010e+03	4.051795e-02	0.000000e+00
310	1.000000e+03	0.000000e+00	3.000000e+02	2	5	1.422326e+01	1.416653e+03	4.375978e-02	0.000000e+00
311	1.000000e+02	1.000000e+02	3.000000e+02	1	6	1.721893e+01	1.727645e+03	3.831272e-02	0.000000e+00
312	2.000000e+02	1.000000e+02	3.000000e+02	0	6	1.412717e+01	4.989479e+02	4.473309e-02	0.000000e+00
313	3.000000e+02	1.000000e+02	3.000000e+02	0	6	2.733175e+01	2.907666e+04	3.693329e-02	0.000000e+00
314	4.000000e+02	1.000000e+02	3.000000e+02	0	6	1.475598e+01	1.588524e+03	3.298596e-02	0.000000e+00
315	5.000000e+02	1.000000e+02	3.000000e+02	0	6	1.363069e+01	2.307761e+02	3.211356e-02	0.000000e+00
316	6.000000e+02	1.000000e+02	3.000000e+02	0	6	2.059178e+01	2.023201e+04	3.301236e-02	0.000000e+00
317	7.000000e+02	1.000000e+02	3.000000e+02	0	6	1.849190e+01	3.447998e+03	3.888112e-02	0.000000e+00
318	8.000000e+02	1.000000e+02	3.000000e+02	0	6	1.451226e+01	2.290575e+02	6.250000e-02	0.000000e+00
319	9.000000e+02	1.000000e+02	3.000000e+02	0	6	3.322346e+01	6.819478e+04	3.101369e-02	0.000000e+00
320	1.000000e+03	1.000000e+02	3.000000e+02	2	6	1.345922e+01	1.716813e+02	6.250000e-02	0.000000e+00
321	1.000000e+02	2.000000e+02	3.000000e+02	1	6	1.873278e+01	6.310840e+03	4.049002e-02	0.000000e+00
322	2.000000e+02	2.000000e+02	3.000000e+02	0	6	1.455768e+01	2.422813e+02	2.988766e-02	0.000000e+00
323	3.000000e+02	2.000000e+02	3.000000e+02	0	6	3.001021e+01	3.639956e+04	3.034224e-02	0.000000e+00
324	4.000000e+02	2.000000e+02	3.000000e+02	0	6	1.586815e+01	6.191914e+02	4.530854e-02	0.000000e+00
325	5.000000e+02	2.000000e+02	3.000000e+02	0	6	1.631151e+01	2.259585e+03	4.019024e-02	0.000000e+00
326	6.000000e+02	2.000000e+02	3.000000e+02	0	6	1.829312e+01	2.459080e+04	3.770388e-02	0.000000e+00
327	7.000000e+02	2.000000e+02	3.000000e+02	0	6	1.738302e+01	3.720255e+03	4.005547e-02	0.000000e+00
328	8.000000e+02	2.000000e+02	3.000000e+02	0	6	1.899686e+01	3.153045e+03	3.992164e-02	0.000000e+00
329	9.000000e+02	2.000000e+02	3.000000e+02	0	6	2.068545e+01	6.264961e+03	4.036879e-02	0.000000e+00
330	1.000000e+03	2.000000e+02	3.000000e+02	2	6	2.037691e+01	2.217314e+03	3.564659e-02	0.000000e+00
331	1.000000e+02	3.000000e+02	3.000000e+02	1	6	1.709929e+01	5.896844e+03	3.115969e-02	0.000000e+00
332	2.000000e+02	3.000000e+02	3.000000e+02	0	6	4.838032e+01	1.326341e+06	6.250000e-02	0.000000e+00
333	3.000000e+02	3.000000e+02	3.000000e+02	0	6	1.443054e+01	3.354556e+02	6.250000e-02	0.000000e+00
334	4.000000e+02	3.000000e+02	3.000000e+02	0	6	2.346945e+01	7.189093e+03	3.797090e-02	0.000000e+00
335	5.000000e+02	3.000000e+02	3.000000e+02	0	6	2.571597e+01	4.445228e+04	3.285421e-02	0.000000e+00
336	6.000000e+02	3.000000e+02	3.000000e+02	0	6	1.322578e+01	1.417434e+02	4.642209e-02	0.000000e+00
337	7.000000e+02	3.000000e+02	3.000000e+02	0	6	1.451735e+01	5.680304e+02	4.375642e-02	0.000000e+00
338	8.000000e+02	3.000000e+02	3.000000e+02	0	6	1.812046e+01	1.715850e+03	3.545261e-02	0.000000e+00
339	9.000000e+02	3.000000e+02	3.000000e+02	0	6	1.827574e+01	6.181565e+03	2.305518e-02	0.000000e+00
340	1.000000e+03	3.000000e+02	3.000000e+02	2	6	1.381472e+01	2.268827e+03	4.164279e-02	0.000000e+00
341	1.000000e+02	4.000000e+02	3.000000e+02	1	6	1.504985e+01	2.249428e+02	3.307714e-02	0.000000e+00
342	2.000000e+02	4.000000e+02	3.000000e+02	0	6	3.821781e+01	1.719561e+05	2.534103e-02	0.000000e+00
343	3.000000e+02	4.000000e+02	3.000000e+02	0	6	2.001899e+01	6.435344e+03	3.451688e-02	0.000000e+00
344	4.000000e+02	4.000000e+02	3.000000e+02	0	6	1.628538e+01	4.620723e+03	1.931958e-02	0.000000e+00
345	5.000000e+02	4.000000e+02	3.000000e+02	0	6	3.729234e+01	2.532718e+04	2.857754e-02	0.000000e+00
346	6.000000e+02	4.000000e+02	3.000000e+02	0	6	2.123247e+01	7.376937e+03	4.272875e-02	0.000000e+00
347	7.000000e+02	4.000000e+02	3.000000e+02	0	6	1.428622e+01	1.936455e+02	3.736077e-02	0.000000e+00
348	8.000000e+02	4.000000e+02	3.000000e+02	0	6	2.675925e+01	4.895295e+04	3.235156e-02	0.000000e+00
349	9.000000e+02	4.000000e+02	3.000000e+02	0	6	3.853807e+01	3.584812e+05	6.250000e-02	0.000000e+00
350	1.000000e+03	4.000000e+02	3.000000e+02	2	6	2.280195e+01	2.485817e+03	3.217120e-02	0.000000e+00
351	1.000000e+02	5.000000e+02	3.000000e+02	1	6	1.654298e+01	4.259166e+03	4.617162e-02	0.000000e+00
352	2.000000e+02	5.000000e+02	3.000000e+02	0	6	5.397662e+01	8.917102e+05	6.250000e-02	0.000000e+00
353	3.000000e+02	5.000000e+02	3.000000e+02	0	6	3.557908e+01	5.696810e+04	2.810279e-02	0.000000e+00
354	4.000000e+02	5.000000e+02	3.000000e+02	0	6	1.964594e+01	4.592885e+03	3.487899e-02	0.000000e+00
355	5.000000e+02	5.000000e+02	3.000000e+02	0	6	2.050769e+01	1.004640e+04	3.549166e-02	0.000000e+00
356	6.000000e+02	5.000000e+02	3.000000e+02	0	6	1.855555e+01	4.423938e+03	3.340459e-02	0.000000e+00
357	7.000000e+02	5.000000e+02	3.000000e+02	0	6	2.073601e+01	4.607498e+03	3.896940e-02	0.000000e+00
358	8.000000e+02	5.000000e+02	3.000000e+02	0	6	2.184572e+01	1.057028e+04	4.264408e-02	0.000000e+00
359	9.000000e+02	5.000000e+02	3.000000e+02	0	6	4.222158e+01	1.110398e+05	2.244052e-02	0.000000e+00
360	1.000000e+03	5.000000e+02	3.000000e+02	2	6	1.593723e+01	7.129603e+02	4.005162e-02	0.000000e+00
361	1.000000e+02	6.000000e+02	3.000000e+02	1	6	1.580517e+01	4.156032e+02	4.588583e-02	0.000000e+00
362	2.000000e+02	6.000000e+02	3.000000e+02	0	6	1.524816e+01	5.505364e+02	4.112428e-02	0.000000e+00
363	3.000000e+02	6.000000e+02	3.000000e+02	0	6	1.585823e+01	4.061163e+03	3.420146e-02	0.000000e+00
364	4.000000e+02	6.000000e+02	3.000000e+02	0	6	1.727761e+01	2.318077e+03	4.337255e-02	0.000000e+00
365	5.000000e+02	6.000000e+02	3.000000e+02	0	6	2.119983e+01	1.417011e+04	2.961974e-02	0.000000e+00
366	6.000000e+02	6.000000e+02	3.000000e+02	0	6	1.796268e+01	1.097991e+03	3.139865e-02	0.000000e+00
367	7.000000e+02	6.000000e+02	3.000000e+02	0	6	1.952239e+01	9.291931e+02	3.036222e-02	0.000000e+00
368	8.000000e+02	6.000000e+02	3.000000e+02	0	6	2.450795e+01	2.699296e+03	2.777906e-02	0.000000e+00
369	9.000000e+02	6.000000e+02	3.000000e+02	0	6	2.154380e+01	2.853624e+03	2.618301e-02	0.000000e+00
370	1.000000e+03	6.000000e+02	3.000000e+02	2	6	2.107042e+01	1.442769e+03	3.423700e-02	0.000000e+00
371	1.000000e+02	7.000000e+02	3.000000e+02	1	6	1.382995e+01	1.265521e+03	2.601613e-02	0.000000e+00
372	2.000000e+02	7.000000e+02	3.000000e+02	0	6	1.930504e+01	1.336783e+03	3.002200e-02	0.000000e+00
373	3.000000e+02	7.000000e+02	3.000000e+02	0	6	2.049123e+01	8.096108e+03	3.837337e-02	0.000000e+00
374	4.000000e+02	7.000000e+02	3.000000e+02	0	6	3.018892e+01	3.450984e+04	3.367741e-02	0.000000e+00
375	5.000000e+02	7.000000e+02	3.000000e+02	0	6	2.041292e+01	5.490123e+03	4.637059e-02	0.000000e+00
376	6.000000e+02	7.000000e+02	3.000000e+02	0	6	1.282119e+01	1.248641e+02	6.250000e-02	0.000000e+00
377	7.000000e+02	7.000000e+02	3.000000e+02	0	6	2.244926e+01	9.164518e+03	3.795695e-02	0.000000e+00
378	8.000000e+02	7.000000e+02	3.000000e+02	0	6	4.325654e+01	4.353099e+05	2.596297e-02	0.000000e+00
379	9.000000e+02	7.000000e+02	3.000000e+02	0	6	1.492209e+01	8.826412e+02	4.639129e-02	0.000000e+00
380	1.000000e+03	7.000000e+02	3.000000e+02	2	6	4.151697e+01	2.017727e+05	3.282555e-02	0.000000e+00
381	1.000000e+02	8.000000e+02	3.000000e+02	1	6	1.539463e+01	7.430462e+02	4.292110e-02	0.000000e+00
382	2.000000e+02	8.000000e+02	3.000000e+02	0	6	1.529876e+01	3.047678e+03	4.109313e-02	0.000000e+00
383	3.000000e+02	8.000000e+02	3.000000e+02	0	6	2.458013e+01	2.044144e+04	3.105290e-02	0.000000e+00
384	4.000000e+02	8.000000e+02	3.000000e+02	0	6	2.464334e+01	8.139896e+03	3.221535e-02	0.000000e+00
385	5.000000e+02	8.000000e+02	3.000000e+02	0	6	1.300157e+01	3.005611e+02	6.250000e-02	0.000000e+00
386	6.000000e+02	8.000000e+02	3.000000e+02	0	6	1.354724e+01	3.268415e+02	6.250000e-02	0.000000e+00
387	7.000000e+02	8.000000e+02	3.000000e+02	0	6	1.890026e+01	2.332814e+03	3.609768e-02	0.000000e+00
388	8.000000e+02	8.000000e+02	3.000000e+02	0	6	1.447132e+01	1.862443e+03	4.675334e-02	0.000000e+00
389	9.000000e+02	8.000000e+02	3.000000e+02	0	6	1.796815e+01	5.408361e+02	3.740390e-02	0.000000e+00
390	1.000000e+03	8.000000e+02	3.000000e+02	2	6	2.110212e+01	3.501330e+03	3.485709e-02	0.000000e+00
391	1.000000e+02	9.000000e+02	3.000000e+02	1	5	1.580469e+01	1.315163e+03	4.168143e-02	0.000000e+00
392	2.000000e+02	9.000000e+02	3.000000e+02	0	5	1.488508e+01	6.130453e+02	4.245749e-02	0.000000e+00
393	3.000000e+02	9.000000e+02	3.000000e+02	0	5	1.368208e+01	4.032601e+02	3.103224e-02	0.000000e+00
394	4.000000e+02	9.000000e+02	3.000000e+02	0	5	3.131659e+01	6.392161e+04	3.715573e-02	0.000000e+00
395	5.000000e+02	9.000000e+02	3.000000e+02	0	5	1.827410e+01	1.160871e+04	4.207807e-02	0.000000e+00
396	6.000000e+02	9.000000e+02	3.000000e+02	0	5	2.249725e+01	1.221583e+03	2.700597e-02	0.000000e+00
397	7.000000e+02	9.000000e+02	3.000000e+02	0	5	1.401275e+01	3.897654e+02	3.823600e-02	0.000000e+00
398	8.000000e+02	9.000000e+02	3.000000e+02	0	5	1.746430e+01	1.008580e+04	2.573814e-02	0.000000e+00
399	9.000000e+02	9.000000e+02	3.000000e+02	0	5	1.965556e+01	2.683070e+03	3.812047e-02	0.000000e+00
400	1.000000e+03	9.000000e+02	3.000000e+02	2	5	1.630074e+01	4.081704e+02	4.542980e-02	0.000000e+00
401	1.000000e+02	0.000000e+00	4.000000e+02	1	5	1.047068e+01	6.839233e+00	6.250000e-02	0.000000e+00
402	2.000000e+02	0.000000e+00	4.000000e+02	0	5	1.638230e+01	1.480983e+03	2.896087e-02	0.000000e+00
403	3.000000e+02	0.000000e+00	4.000000e+02	0	5	1.781661e+01	1.984254e+03	3.631565e-02	0.000000e+00
404	4.000000e+02	0.000000e+00	4.000000e+02	0	5	1.487859e+01	1.239781e+03	4.436370e-02	0.000000e+00
405	5.000000e+02	0.000000e+00	4.000000e+02	0	5	2.098899e+01	1.364084e+04	4.364425e-02	0.000000e+00
406	6.000000e+02	0.000000e+00	4.000000e+02	0	5	1.556191e+01	1.448599e+02	2.542613e-02	0.000000e+00
407	7.000000e+02	0.000000e+00	4.000000e+02	0	5	1.363532e+01	6.206698e+01	6.250000e-02	0.000000e+00
408	8.000000e+02	0.000000e+00	4.000000e+02	0	5	1.592056e+01	4.039418e+03	4.597399e-02	0.000000e+00
409	9.000000e+02	0.000000e+00	4.000000e+02	0	5	2.866440e+01	1.855663e+04	3.471716e-02	0.000000e+00
410	1.000000e+03	0.000000e+00	4.000000e+02	2	5	1.887856e+01	7.028780e+03	3.994423e-02	0.000000e+00
411	1.000000e+02	1.000000e+02	4.000000e+02	1	6	1.712833e+01	3.840412e+03	2.403012e-02	0.000000e+00
412	2.000000e+02	1.000000e+02	4.000000e+02	0	6	1.485125e+01	2.147250e+02	4.026378e-02	0.000000e+00
413	3.000000e+02	1.000000e+02	4.000000e+02	0	6	1.855858e+01	2.693799e+03	3.722146e-02	0.000000e+00
414	4.000000e+02	1.000000e+02	4.000000e+02	0	6	1.712643e+01	3.004140e+03	3.087219e-02	0.000000e+00
415	5.000000e+02	1.000000e+02	4.000000e+02	0	6	1.641992e+01	3.633358e+02	2.647735e-02	0.000000e+00
416	6.000000e+02	1.000000e+02	4.000000e+02	0	6	2.164911e+01	4.515068e+03	3.498260e-02	0.000000e+00
417	7.000000e+02	1.000000e+02	4.000000e+02	0	6	1.742326e+01	1.656716e+03	3.659785e-02	0.000000e+00
418	8.000000e+02	1.000000e+02	4.000000e+02	0	6	1.537459e+01	5.098535e+02	4.302301e-02	0.000000e+00
419	9.000000e+02	1.000000e+02	4.000000e+02	0	6	1.461016e+01	8.593221e+01	3.789412e-02	0.000000e+00
420	1.000000e+03	1.000000e+02	4.000000e+02	2	6	2.229864e+01	1.178646e+04	1.862290e-02	0.000000e+00
421	1.000000e+02	2.000000e+02	4.000000e+02	1	6	2.128465e+01	3.835527e+03	3.412750e-02	0.000000e+00
422	2.000000e+02	2.000000e+02	4.000000e+02	0	6	1.470092e+01	3.673225e+02	3.838267e-02	0.000000e+00
423	3.000000e+02	2.000000e+02	4.000000e+02	0	6	2.132726e+01	3.242828e+03	2.838447e-02	0.000000e+00
424	4.000000e+02	2.000000e+02	4.000000e+02	0	6	1.812023e+01	6.078211e+03	4.511259e-02	0.000000e+00
425	5.000000e+02	2.000000e+02	4.000000e+02	0	6	1.501989e+01	7.837204e+02	6.250000e-02	0.000000e+00
426	6.000000e+02	2.000000e+02	4.000000e+02	0	6	2.246922e+01	4.592954e+04	3.367548e-02	0.000000e+00
427	7.000000e+02	2.000000e+02	4.000000e+02	0	6	3.734184e+01	5.130806e+04	2.646134e-02	0.000000e+00
428	8.000000e+02	2.000000e+02	4.000000e+02	0	6	3.582582e+01	1.489225e+05	2.606098e-02	0.000000e+00
429	9.000000e+02	2.000000e+02	4.000000e+02	0	6	2.547418e+01	1.426443e+04	3.626972e-02	0.000000e+00
430	1.000000e+03	2.000000e+02	4.000000e+02	2	6	2.253607e+01	1.315531e+04	3.659275e-02	0.000000e+00
431	1.000000e+02	3.000000e+02	4.000000e+02	1	6	3.296076e+01	7.965748e+04	3.250667e-02	0.000000e+00
432	2.000000e+02	3.000000e+02	4.000000e+02	0	6	1.277638e+01	7.128344e+02	6.250000e-02	0.000000e+00
433	3.000000e+02	3.000000e+02	4.000000e+02	0	6	1.903614e+01	4.799043e+03	3.514326e-02	0.000000e+00
434	4.000000e+02	3.000000e+02	4.000000e+02	0	6	2.762282e+01	1.395878e+05	1.827454e-02	0.000000e+00
435	5.000000e+02	3.000000e+02	4.000000e+02	0	6	1.361924e+01	3.581176e+02	3.240968e-02	0.000000e+00
436	6.000000e+02	3.000000e+02	4.000000e+02	0	6	1.422548e+01	1.745149e+03	3.916921e-02	0.000000e+00
437	7.000000e+02	3.000000e+02	4.000000e+02	0	6	1.604927e+01	3.003206e+03	3.196416e-02	0.000000e+00
438	8.000000e+02	3.000000e+02	4.000000e+02	0	6	1.446073e+01	2.091234e+02	2.605090e-02	0.000000e+00
439	9.000000e+02	3.000000e+02	4.000000e+02	0	6	3.374768e+01	1.744757e+05	2.629484e-02	0.000000e+00
440	1.000000e+03	3.000000e+02	4.000000e+02	2	6	2.115048e+01	1.906256e+03	3.843032e-02	0.000000e+00
441	1.000000e+02	4.000000e+02	4.000000e+02	1	6	1.347654e+01	4.738028e+02	3.747141e-02	0.000000e+00
442	2.000000e+02	4.000000e+02	4.000000e+02	0	6	1.516932e+01	5.433984e+02	4.235023e-02	0.000000e+00
443	3.000000e+02	4.000000e+02	4.000000e+02	0	6	2.167706e+01	5.965761e+03	3.856914e-02	0.000000e+00
444	4.000000e+02	4.000000e+02	4.000000e+02	0	6	1.505236e+01	1.590532e+03	3.957781e-02	0.000000e+00
445	5.000000e+02	4.000000e+02	4.000000e+02	0	6	2.064881e+01	1.847486e+03	3.698052e-02	0.000000e+00
446	6.000000e+02	4.000000e+02	4.000000e+02	0	6	2.535914e+01	1.380894e+04	3.803317e-02	0.000000e+00
447	7.000000e+02	4.000000e+02	4.000000e+02	0	6	1.252652e+01	4.137830e+02	3.557964e-02	0.000000e+00
448	8.000000e+02	4.000000e+02	4.000000e+02	0	6	1.787070e+01	5.870504e+03	3.943826e-02	0.000000e+00
449	9.000000e+02	4.000000e+02	4.000000e+02	0	6	1.372179e+01	7.851865e+02	3.836422e-02	0.000000e+00
450	1.000000e+03	4.000000e+02	4.000000e+02	2	6	1.815569e+01	3.564022e+03	2.784588e-02	0.000000e+00
451	1.000000e+02	5.000000e+02	4.000000e+02	1	6	1.808577e+01	2.073411e+03	4.351904e-02	0.000000e+00
452	2.000000e+02	5.000000e+02	4.000000e+02	0	6	1.969570e+01	6.960750e+03	4.629807e-02	0.000000e+00
453	3.000000e+02	5.000000e+02	4.000000e+02	0	6	1.826088e+01	6.613785e+03	4.106177e-02	0.000000e+00
454	4.000000e+02	5.000000e+02	4.000000e+02	0	6	3.446523e+01	5.267778e+04	3.428089e-02	0.000000e+00
455	5.000000e+02	5.000000e+02	4.000000e+02	0	6	1.505753e+01	4.037851e+02	4.056319e-02	0.000000e+00
456	6.000000e+02	5.000000e+02	4.000000e+02	0	6	3.627330e+01	7.027951e+04	2.166477e-02	0.000000e+00
457	7.000000e+02	5.000000e+02	4.000000e+02	0	6	1.744077e+01	2.330324e+03	3.767384e-02	0.000000e+00
458	8.000000e+02	5.000000e+02	4.000000e+02	0	6	1.363501e+01	5.593029e+03	3.531486e-02	0.000000e+00
459	9.000000e+02	5.000000e+02	4.000000e+02	0	6	1.453083e+01	2.044471e+03	4.706838e-02	0.000000e+00
460	1.000000e+03	5.000000e+02	4.000000e+02	2	6	3.397341e+01	1.030744e+05	3.815203e-02	0.000000e+00
461	1.000000e+02	6.000000e+02	4.000000e+02	1	6	1.297946e+01	5.634758e+02	6.250000e-02	0.000000e+00
462	2.000000e+02	6.000000e+02	4.000000e+02	0	6	1.823394e+01	2.165112e+03	6.250000e-02	0.000000e+00
463	3.000000e+02	6.000000e+02	4.000000e+02	0	6	2.007147e+01	2.519159e+03	3.458096e-02	0.000000e+00
464	4.000000e+02	6.000000e+02	4.000000e+02	0	6	3.303072e+01	9.800912e+04	2.990113e-02	0.000000e+00
465	5.000000e+02	6.000000e+02	4.000000e+02	0	6	1.520251e+01	1.589317e+03	4.068403e-02	0.000000e+00
466	6.000000e+02	6.000000e+02	4.000000e+02	0	6	1.615859e+01	1.265664e+03	2.922010e-02	0.000000e+00
467	7.000000e+02	6.000000e+02	4.000000e+02	0	6	1.454819e+01	1.285821e+02	3.556018e-02	0.000000e+00
468	8.000000e+02	6.000000e+02	4.000000e+02	0	6	1.282586e+01	6.311070e+01	2.375973e-02	0.000000e+00
469	9.000000e+02	6.000000e+02	4.000000e+02	0	6	1.931181e+01	8.795192e+03	4.344970e-02	0.000000e+00
470	1.000000e+03	6.000000e+02	4.000000e+02	2	6	2.835614e+01	6.781285e+04	3.087845e-02	0.000000e+00
471	1.000000e+02	7.000000e+02	4.000000e+02	1	6	1.600122e+01	2.836495e+03	3.461182e-02	0.000000e+00
472	2.000000e+02	7.000000e+02	4.000000e+02	0	6	1.984398e+01	6.299869e+03	3.957099e-02	0.000000e+00
473	3.000000e+02	7.000000e+02	4.000000e+02	0	6	1.357823e+01	3.513158e+02	4.163264e-02	0.000000e+00
474	4.000000e+02	7.000000e+02	4.000000e+02	0	6	1.895431e+01	3.775901e+04	3.289809e-02	0.000000e+00
475	5.000000e+02	7.000000e+02	4.000000e+02	0	6	1.567982e+01	1.379318e+03	4.111441e-02	0.000000e+00
476	6.000000e+02	7.000000e+02	4.000000e+02	0	6	1.670680e+01	2.914820e+03	4.303038e-02	0.000000e+00
477	7.000000e+02	7.000000e+02	4.000000e+02	0	6	1.704801e+01	3.187798e+03	3.972486e-02	0.000000e+00
478	8.000000e+02	7.000000e+02	4.000000e+02	0	6	3.965954e+01	3.570982e+05	6.250000e-02	0.000000e+00
479	9.000000e+02	7.000000e+02	4.000000e+02	0	6	1.556310e+01	1.960962e+03	4.056970e-02	0.000000e+00
480	1.000000e+03	7.000000e+02	4.000000e+02	2	6	2.187161e+01	6.405148e+03	3.253299e-02	0.000000e+00
481	1.000000e+02	8.000000e+02	4.000000e+02	1	6	1.575946e+01	1.377110e+04	2.113572e-02	0.000000e+00
482	2.000000e+02	8.000000e+02	4.000000e+02	0	6	1.764354e+01	1.298553e+04	1.975109e-02	0.000000e+00
483	3.000000e+02	8.000000e+02	4.000000e+02	0	6	1.397419e+01	1.647280e+03	4.014619e-02	0.000000e+00
484	4.000000e+02	8.000000e+02	4.000000e+02	0	6	2.073622e+01	5.511442e+03	2.697071e-02	0.000000e+00
485	5.000000e+02	8.000000e+02	4.000000e+02	0	6	2.882548e+01	1.547578e+05	2.784077e-02	0.000000e+00
486	6.000000e+02	8.000000e+02	4.000000e+02	0	6	1.641403e+01	2.078129e+03	3.164907e-02	0.000000e+00
487	7.000000e+02	8.000000e+02	4.000000e+02	0	6	1.746789e+01	1.998182e+03	4.359624e-02	0.000000e+00
488	8.000000e+02	8.000000e+02	4.000000e+02	0	6	1.584040e+01	4.338787e+03	4.651610e-02	0.000000e+00
489	9.000000e+02	8.000000e+02	4.000000e+02	0	6	2.471963e+01	8.699873e+03	3.429681e-02	0.000000e+00
490	1.000000e+03	8.000000e+02	4.000000e+02	2	6	1.495421e+01	1.761798e+03	4.257395e-02	0.000000e+00
491	1.000000e+02	9.000000e+02	4.000000e+02	1	5	2.553664e+01	1.723298e+04	3.585102e-02	0.000000e+00
492	2.000000e+02	9.000000e+02	4.000000e+02	0	5	1.390014e+01	5.922201e+02	4.011450e-02	0.000000e+00
493	3.000000e+02	9.000000e+02	4.000000e+02	0	5	3.816375e+01	1.133379e+05	2.478250e-02	0.000000e+00
494	4.000000e+02	9.000000e+02	4.000000e+02	0	5	1.554348e+01	6.158737e+02	4.531691e-02	0.000000e+00
495	5.000000e+02	9.000000e+02	4.000000e+02	0	5	2.507536e+01	5.734969e+03	3.373993e-02	0.000000e+00
496	6.000000e+02	9.000000e+02	4.000000e+02	0	5	2.306533e+01	2.686680e+04	3.189847e-02	0.000000e+00
497	7.000000e+02	9.000000e+02	4.000000e+02	0	5	2.334828e+01	5.650399e+03	3.563116e-02	0.000000e+00
498	8.000000e+02	9.000000e+02	4.000000e+02	0	5	3.016158e+01	3.520445e+04	2.440445e-02	0.000000e+00
499	9.000000e+02	9.000000e+02	4.000000e+02	0	5	1.587190e+01	9.493934e+02	4.181586e-02	0.000000e+00
500	1.000000e+03	9.000000e+02	4.000000e+02	2	5	2.059965e+01	8.599372e+03	1.847770e-02	0.000000e+00
501	1.000000e+02	0.000000e+00	5.000000e+02	1	5	1.263929e+01	1.029449e+02	2.921690e-02	0.000000e+00
502	2.000000e+02	0.000000e+00	5.000000e+02	0	5	2.948440e+01	2.150096e+04	3.505431e-02	0.000000e+00
503	3.000000e+02	0.000000e+00	5.000000e+02	0	5	1.880635e+01	9.254240e+03	3.896939e-02	0.000000e+00
504	4.000000e+02	0.000000e+00	5.000000e+02	0	5	1.821246e+01	7.094357e+03	3.441583e-02	0.000000e+00
505	5.000000e+02	0.000000e+00	5.000000e+02	0	5	3.505848e+01	6.240484e+04	2.436543e-02	0.000000e+00
506	6.000000e+02	0.000000e+00	5.000000e+02	0	5	1.819316e+01	3.885767e+03	4.704381e-02	0.000000e+00
507	7.000000e+02	0.000000e+00	5.000000e+02	0	5	1.912055e+01	8.263769e+03	3.122403e-02	0.000000e+00
508	8.000000e+02	0.000000e+00	5.000000e+02	0	5	2.227626e+01	8.910699e+03	3.693907e-02	0.000000e+00
509	9.000000e+02	0.000000e+00	5.000000e+02	0	5	1.246734e+01	1.022304e+03	3.975468e-02	0.000000e+00
510	1.000000e+03	0.000000e+00	5.000000e+02	2	5	2.613088e+01	3.834775e+03	4.027587e-02	0.000000e+00
511	1.000000e+02	1.000000e+02	5.000000e+02	1	6	1.739664e+01	4.549950e+02	2.633130e-02	0.000000e+00
512	2.000000e+02	1.000000e+02	5.000000e+02	0	6	1.663173e+01	4.451187e+03	3.793719e-02	0.000000e+00
513	3.000000e+02	1.000000e+02	5.000000e+02	0	6	2.509159e+01	7.403514e+03	3.492356e-02	0.000000e+00
514	4.000000e+02	1.000000e+02	5.000000e+02	0	6	3.016158e+01	4.260490e+04	2.440445e-02	0.000000e+00
515	5.000000e+02	1.000000e+02	5.000000e+02	0	6	2.112338e+01	1.669800e+04	3.082485e-02	0.000000e+00
516	6.000000e+02	1.000000e+02	5.000000e+02	0	6	1.376306e+01	1.632952e+03	4.420894e-02	0.000000e+00
517	7.000000e+02	1.000000e+02	5.000000e+02	0	6	1.617106e+01	5.819308e+03	3.953480e-02	0.000000e+00
518	8.000000e+02	1.000000e+02	5.000000e+02	0	6	2.075190e+01	2.415094e+04	2.481789e-02	0.000000e+00
519	9.000000e+02	1.000000e+02	5.000000e+02	0	6	1.602601e+01	3.326222e+03	1.225672e-02	0.000000e+00
520	1.000000e+03	1.000000e+02	5.000000e+02	2	6	2.264667e+01	1.795451e+04	3.625200e-02	0.000000e+00
521	1.000000e+02	2.000000e+02	5.000000e+02	1	6	1.392286e+01	4.761003e+02	4.463896e-02	0.000000e+00
522	2.000000e+02	2.000000e+02	5.000000e+02	0	6	2.709620e+01	2.447241e+04	3.228402e-02	0.000000e+00
523	3.000000e+02	2.000000e+02	5.000000e+02	0	6	1.475418e+01	8.758679e+02	3.871291e-02	0.000000e+00
524	4.000000e+02	2.000000e+02	5.000000e+02	0	6	1.580458e+01	4.813010e+02	3.194243e-02	0.000000e+00
525	5.000000e+02	2.000000e+02	5.000000e+02	0	6	2.062336e+01	1.477836e+03	3.015521e-02	0.000000e+00
526	6.000000e+02	2.000000e+02	5.000000e+02	0	6	2.076528e+01	4.598648e+03	4.465409e-02	0.000000e+00
527	7.000000e+02	2.000000e+02	5.000000e+02	0	6	2.960130e+01	3.778815e+04	2.416611e-02	0.000000e+00
528	8.000000e+02	2.000000e+02	5.000000e+02	0	6	1.591297e+01	7.844204e+02	3.180012e-02	0.000000e+00
529	9.000000e+02	2.000000e+02	5.000000e+02	0	6	1.556551e+01	2.092233e+03	6.250000e-02	0.000000e+00
530	1.000000e+03	2.000000e+02	5.000000e+02	2	6	1.463639e+01	5.315884e+03	3.017551e-02	0.000000e+00
531	1.000000e+02	3.000000e+02	5.000000e+02	1	6	2.204216e+01	8.166896e+03	3.227808e-02	0.000000e+00
532	2.000000e+02	3.000000e+02	5.000000e+02	0	6	1.585389e+01	2.367629e+02	3.244434e-02	0.000000e+00
533	3.000000e+02	3.000000e+02	5.000000e+02	0	6	1.645792e+01	8.312206e+03	2.642395e-02	0.000000e+00
534	4.000000e+02	3.000000e+02	5.000000e+02	0	6	1.416890e+01	4.433074e+02	3.431993e-02	0.000000e+00
535	5.000000e+02	3.000000e+02	5.000000e+02	0	6	1.673491e+01	2.675292e+03	4.302438e-02	0.000000e+00
536	6.000000e+02	3.000000e+02	5.000000e+02	0	6	1.637542e+01	2.205721e+03	4.601088e-02	0.000000e+00
537	7.000000e+02	3.000000e+02	5.000000e+02	0	6	1.623631e+01	4.254491e+02	3.836772e-02	0.000000e+00
538	8.000000e+02	3.000000e+02	5.000000e+02	0	6	1.774155e+01	1.766421e+03	3.324580e-02	0.000000e+00
539	9.000000e+02	3.000000e+02	5.000000e+02	0	6	4.021015e+01	2.509073e+05	2.659599e-02	0.000000e+00
540	1.000000e+03	3.000000e+02	5.000000e+02	2	6	1.630757e+01	1.388788e+03	4.298827e-02	0.000000e+00
541	1.000000e+02	4.000000e+02	5.000000e+02	1	6	1.748570e+01	4.544613e+03	4.099389e-02	0.000000e+00
542	2.000000e+02	4.000000e+02	5.000000e+02	0	6	1.980948e+01	9.361674e+03	3.425047e-02	0.000000e+00
543	3.000000e+02	4.000000e+02	5.000000e+02	0	6	2.792543e+01	3.923444e+04	3.337305e-02	0.000000e+00
544	4.000000e+02	4.000000e+02	5.000000e+02	0	6	1.821225e+01	7.782138e+02	3.498400e-02	0.000000e+00
545	5.000000e+02	4.000000e+02	5.000000e+02	0	6	2.812719e+01	1.963950e+04	3.358743e-02	0.000000e+00
546	6.000000e+02	4.000000e+02	5.000000e+02	0	6	1.386669e+01	6.066884e+02	4.128129e-02	0.000000e+00
547	7.000000e+02	4.000000e+02	5.000000e+02	0	6	1.514364e+01	2.418115e+02	3.654124e-02	0.000000e+00
548	8.000000e+02	4.000000e+02	5.000000e+02	0	6	1.391941e+01	1.413701e+03	4.079020e-02	0.000000e+00
549	9.000000e+02	4.000000e+02	5.000000e+02	0	6	2.519730e+01	6.000727e+03	2.944449e-02	0.000000e+00
550	1.000000e+03	4.000000e+02	5.000000e+02	2	6	1.394212e+01	1.909784e+02	3.420664e-02	0.000000e+00
551	1.000000e+02	5.000000e+02	5.000000e+02	1	6	1.998834e+01	5.192584e+03	3.380667e-02	0.000000e+00
552	2.000000e+02	5.000000e+02	5.000000e+02	0	6	1.809958e+01	2.312401e+04	3.689387e-02	0.000000e+00
553	3.000000e+02	5.000000e+02	5.000000e+02	0	6	2.006664e+01	7.511279e+03	3.706585e-02	0.000000e+00
554	4.000000e+02	5.000000e+02	5.000000e+02	0	6	1.274650e+01	1.502924e+02	4.688523e-02	0.000000e+00
555	5.000000e+02	5.000000e+02	5.000000e+02	0	6	1.636382e+01	2.432851e+03	4.332861e-02	0.000000e+00
556	6.000000e+02	5.000000e+02	5.000000e+02	0	6	2.644099e+01	6.506636e+04	2.373701e-02	0.000000e+00
557	7.000000e+02	5.000000e+02	5.000000e+02	0	6	1.586062e+01	3.844368e+03	4.112642e-02	0.000000e+00
558	8.000000e+02	5.000000e+02	5.000000e+02	0	6	1.988799e+01	1.105261e+04	3.937785e-02	0.000000e+00
559	9.000000e+02	5.000000e+02	5.000000e+02	0	6	1.929876e+01	3.812354e+03	2.894634e-02	0.000000e+00
560	1.000000e+03	5.000000e+02	5.000000e+02	2	6	1.686369e+01	2.046138e+03	4.108847e-02	0.000000e+00
561	1.000000e+02	6.000000e+02	5.000000e+02	1	6	1.788242e+01	4.945630e+03	3.826714e-02	0.000000e+00
562	2.000000e+02	6.000000e+02	5.000000e+02	0	6	2.079453e+01	7.016003e+03	3.210458e-02	0.000000e+00
563	3.000000e+02	6.000000e+02	5.000000e+02	0	6	1.835453e+01	1.062946e+04	2.506752e-02	0.000000e+00
564	4.000000e+02	6.000000e+02	5.000000e+02	0	6	4.500369e+01	2.733697e+05	2.611525e-02	0.000000e+00
565	5.000000e+02	6.000000e+02	5.000000e+02	0	6	2.480408e+01	2.438229e+04	3.524095e-02	0.000000e+00
566	6.000000e+02	6.000000e+02	5.000000e+02	0	6	4.378743e+01	1.925834e+05	2.599934e-02	0.000000e+00
567	7.000000e+02	6.000000e+02	5.000000e+02	0	6	1.568387e+01	1.316722e+03	4.409875e-02	0.000000e+00
568	8.000000e+02	6.000000e+02	5.000000e+02	0	6	2.094693e+01	9.231648e+03	3.068290e-02	0.000000e+00
569	9.000000e+02	6.000000e+02	5.000000e+02	0	6	1.621099e+01	2.234779e+03	3.883750e-02	0.000000e+00
570	1.000000e+03	6.000000e+02	5.000000e+02	2	6	1.606112e+01	3.448497e+03	3.129459e-02	0.000000e+00
571	1.000000e+02	7.000000e+02	5.000000e+02	1	6	1.882047e+01	7.158154e+03	3.448769e-02	0.000000e+00
572	2.000000e+02	7.000000e+02	5.000000e+02	0	6	1.300227e+01	6.926855e+02	3.816384e-02	0.000000e+00
573	3.000000e+02	7.000000e+02	5.000000e+02	0	6	1.639803e+01	2.563469e+03	3.076302e-02	0.000000e+00
574	4.000000e+02	7.000000e+02	5.000000e+02	0	6	1.589387e+01	2.076302e+03	4.438018e-02	0.000000e+00
575	5.000000e+02	7.000000e+02	5.000000e+02	0	6	1.551538e+01	2.818691e+02	6.250000e-02	0.000000e+00
576	6.000000e+02	7.000000e+02	5.000000e+02	0	6	2.082823e+01	1.246974e+04	3.121405e-02	0.000000e+00
577	7.000000e+02	7.000000e+02	5.000000e+02	0	6	1.468248e+01	1.349254e+03	4.577068e-02	0.000000e+00
578	8.000000e+02	7.000000e+02	5.000000e+02	0	6	1.476266e+01	6.317664e+02	3.997689e-02	0.000000e+00
579	9.000000e+02	7.000000e+02	5.000000e+02	0	6	1.859098e+01	3.150437e+03	3.790378e-02	0.000000e+00
580	1.000000e+03	7.000000e+02	5.000000e+02	2	6	1.524957e+01	7.772847e+02	3.973957e-02	0.000000e+00
581	1.000000e+02	8.000000e+02	5.000000e+02	1	6	1.680528e+01	2.567770e+04	2.475799e-02	0.000000e+00
582	2.000000e+02	8.000000e+02	5.000000e+02	0	6	1.594921e+01	2.507818e+03	3.942596e-02	0.000000e+00
583	3.000000e+02	8.000000e+02	5.000000e+02	0	6	1.585902e+01	4.858867e+02	3.836343e-02	0.000000e+00
584	4.000000e+02	8.000000e+02	5.000000e+02	0	6	1.390491e+01	2.897366e+02	3.436063e-02	0.000000e+00
585	5.000000e+02	8.000000e+02	5.000000e+02	0	6	1.357899e+01	1.810955e+03	3.844967e-02	0.000000e+00
586	6.000000e+02	8.000000e+02	5.000000e+02	0	6	1.424237e+01	4.928982e+02	3.197727e-02	0.000000e+00
587	7.000000e+02	8.000000e+02	5.000000e+02	0	6	1.632599e+01	2.385432e+02	4.239317e-02	0.000000e+00
588	8.000000e+02	8.000000e+02	5.000000e+02	0	6	1.857495e+01	3.098253e+03	3.274154e-02	0.000000e+00
589	9.000000e+02	8.000000e+02	5.000000e+02	0	6	1.427848e+01	1.694662e+03	3.957929e-02	0.000000e+00
590	1.000000e+03	8.000000e+02	5.000000e+02	2	6	1.512750e+01	8.736273e+01	6.250000e-02	0.000000e+00
591	1.000000e+02	9.000000e+02	5.000000e+02	1	5	1.607487e+01	1.507724e+03	1.537805e-02	0.000000e+00
592	2.000000e+02	9.000000e+02	5.000000e+02	0	5	2.040226e+01	3.043268e+03	4.789608e-02	0.000000e+00
593	3.000000e+02	9.000000e+02	5.000000e+02	0	5	1.844345e+01	3.081721e+03	3.498738e-02	0.000000e+00
594	4.000000e+02	9.000000e+02	5.000000e+02	0	5	1.959704e+01	5.661367e+03	3.350103e-02	0.000000e+00
595	5.000000e+02	9.000000e+02	5.000000e+02	0	5	1.539154e+01	1.224608e+03	3.602149e-02	0.000000e+00
596	6.000000e+02	9.000000e+02	5.000000e+02	0	5	2.528787e+01	4.446323e+04	2.521845e-02	0.000000e+00
597	7.000000e+02	9.000000e+02	5.000000e+02	0	5	1.779146e+01	5.410527e+03	4.793947e-02	0.000000e+00
598	8.000000e+02	9.000000e+02	5.000000e+02	0	5	1.292569e+01	3.122669e+02	3.387701e-02	0.000000e+00
599	9.000000e+02	9.000000e+02	5.000000e+02	0	5	3.008496e+01	1.721714e+04	2.867819e-02	0.000000e+00
600	1.000000e+03	9.000000e+02	5.000000e+02	2	5	1.756482e+01	8.373177e+03	3.342726e-02	0.000000e+00
601	1.000000e+02	0.000000e+00	6.000000e+02	1	5	1.834695e+01	1.125243e+04	1.915814e-02	0.000000e+00
602	2.000000e+02	0.000000e+00	6.000000e+02	0	5	1.596192e+01	1.204794e+04	3.365665e-02	0.000000e+00
603	3.000000e+02	0.000000e+00	6.000000e+02	0	5	1.380395e+01	3.662164e+02	4.459218e-02	0.000000e+00
604	4.000000e+02	0.000000e+00	6.000000e+02	0	5	1.472714e+01	3.337213e+03	3.935303e-02	0.000000e+00
605	5.000000e+02	0.000000e+00	6.000000e+02	0	5	1.838251e+01	2.055268e+03	4.747063e-02	0.000000e+00
606	6.000000e+02	0.000000e+00	6.000000e+02	0	5	1.596371e+01	1.798989e+03	4.031862e-02	0.000000e+00
607	7.000000e+02	0.000000e+00	6.000000e+02	0	5	2.191646e+01	1.195796e+04	3.259311e-02	0.000000e+00
608	8.000000e+02	0.000000e+00	6.000000e+02	0	5	1.704716e+01	2.488957e+03	3.362035e-02	0.000000e+00
609	9.000000e+02	0.000000e+00	6.000000e+02	0	5	2.356918e+01	5.737778e+03	2.265114e-02	0.000000e+00
610	1.000000e+03	0.000000e+00	6.000000e+02	2	5	2.385918e+01	3.699270e+04	3.125609e-02	0.000000e+00
611	1.000000e+02	1.000000e+02	6.000000e+02	1	6	1.632655e+01	6.732576e+03	2.818549e-02	0.000000e+00
612	2.000000e+02	1.000000e+02	6.000000e+02	0	6	2.517130e+01	6.490866e+03	3.097978e-02	0.000000e+00
613	3.000000e+02	1.000000e+02	6.000000e+02	0	6	1.843712e+01	5.743874e+03	4.062289e-02	0.000000e+00
614	4.000000e+02	1.000000e+02	6.000000e+02	0	6	1.299178e+01	1.394483e+03	3.417088e-02	0.000000e+00
615	5.000000e+02	1.000000e+02	6.000000e+02	0	6	1.797370e+01	6.112067e+03	3.547719e-02	0.000000e+00
616	6.000000e+02	1.000000e+02	6.000000e+02	0	6	1.833551e+01	5.097873e+03	3.869782e-02	0.000000e+00
617	7.000000e+02	1.000000e+02	6.000000e+02	0	6	1.600835e+01	9.558128e+01	2.475769e-02	0.000000e+00
618	8.000000e+02	1.000000e+02	6.000000e+02	0	6	1.629699e+01	4.200103e+03	2.578733e-02	0.000000e+00
619	9.000000e+02	1.000000e+02	6.000000e+02	0	6	1.767940e+01	3.950125e+03	3.949042e-02	0.000000e+00
620	1.000000e+03	1.000000e+02	6.000000e+02	2	6	1.618093e+01	2.760890e+03	4.797472e-02	0.000000e+00
621	1.000000e+02	2.000000e+02	6.000000e+02	1	6	1.440923e+01	1.911698e+01	3.241260e-02	0.000000e+00
622	2.000000e+02	2.000000e+02	6.000000e+02	0	6	1.740394e+01	3.998623e+03	3.772706e-02	0.000000e+00
623	3.000000e+02	2.000000e+02	6.000000e+02	0	6	1.508045e+01	5.569126e+02	1.186118e-02	0.000000e+00
624	4.000000e+02	2.000000e+02	6.000000e+02	0	6	1.670107e+01	1.138091e+03	4.014674e-02	0.000000e+00
625	5.000000e+02	2.000000e+02	6.000000e+02	0	6	2.587193e+01	2.168780e+04	3.426690e-02	0.000000e+00
626	6.000000e+02	2.000000e+02	6.000000e+02	0	6	2.445391e+01	5.168870e+04	3.555151e-02	0.000000e+00
627	7.000000e+02	2.000000e+02	6.000000e+02	0	6	1.292981e+01	4.867147e+01	3.067523e-02	0.000000e+00
628	8.000000e+02	2.000000e+02	6.000000e+02	0	6	1.957341e+01	6.189808e+03	3.758950e-02	0.000000e+00
629	9.000000e+02	2.000000e+02	6.000000e+02	0	6	1.380644e+01	1.501607e+02	6.250000e-02	0.000000e+00
630	1.000000e+03	2.000000e+02	6.000000e+02	2	6	2.274839e+01	3.212492e+04	3.337477e-02	0.000000e+00
631	1.000000e+02	3.000000e+02	6.000000e+02	1	6	1.487566e+01	2.129645e+02	4.119030e-02	0.000000e+00
632	2.000000e+02	3.000000e+02	6.000000e+02	0	6	2.601003e+01	1.940884e+04	2.315596e-02	0.000000e+00
633	3.000000e+02	3.000000e+02	6.000000e+02	0	6	1.736675e+01	1.829768e+03	3.555802e-02	0.000000e+00
634	4.000000e+02	3.000000e+02	6.000000e+02	0	6	1.537103e+01	7.510508e+02	3.020887e-02	0.000000e+00
635	5.000000e+02	3.000000e+02	6.000000e+02	0	6	1.941496e+01	5.227356e+03	3.228629e-02	0.000000e+00
636	6.000000e+02	3.000000e+02	6.000000e+02	0	6	1.420618e+01	1.227347e+03	2.382508e-02	0.000000e+00
637	7.000000e+02	3.000000e+02	6.000000e+02	0	6	1.516597e+01	3.235540e+03	6.250000e-02	0.000000e+00
638	8.000000e+02	3.000000e+02	6.000000e+02	0	6	1.889963e+01	8.285945e+03	3.644761e-02	0.000000e+00
639	9.000000e+02	3.000000e+02	6.000000e+02	0	6	1.977874e+01	2.187322e+03	3.758882e-02	0.000000e+00
640	1.000000e+03	3.000000e+02	6.000000e+02	2	6	1.432248e+01	1.221037e+03	3.373903e-02	0.000000e+00
641	1.000000e+02	4.000000e+02	6.000000e+02	1	6	1.559643e+01	6.619847e+02	3.942168e-02	0.000000e+00
642	2.000000e+02	4.000000e+02	6.000000e+02	0	6	2.318079e+01	4.538259e+03	3.310326e-02	0.000000e+00
643	3.000000e+02	4.000000e+02	6.000000e+02	0	6	2.531581e+01	6.090277e+03	3.874023e-02	0.000000e+00
644	4.000000e+02	4.000000e+02	6.000000e+02	0	6	1.955537e+01	2.642838e+03	3.934196e-02	0.000000e+00
645	5.000000e+02	4.000000e+02	6.000000e+02	0	6	1.405896e+01	1.929623e+03	4.527974e-02	0.000000e+00
646	6.000000e+02	4.000000e+02	6.000000e+02	0	6	1.718880e+01	2.009175e+03	3.934749e-02	0.000000e+00
647	7.000000e+02	4.000000e+02	6.000000e+02	0	6	1.656967e+01	4.141233e+03	2.183764e-02	0.000000e+00
648	8.000000e+02	4.000000e+02	6.000000e+02	0	6	2.787980e+01	5.898618e+04	3.859899e-02	0.000000e+00
649	9.000000e+02	4.000000e+02	6.000000e+02	0	6	1.952484e+01	2.381766e+04	3.699703e-02	0.000000e+00
650	1.000000e+03	4.000000e+02	6.000000e+02	2	6	1.980228e+01	5.513476e+03	3.727887e-02	0.000000e+00
651	1.000000e+02	5.000000e+02	6.000000e+02	1	6	1.773683e+01	8.318026e+02	3.013695e-02	0.000000e+00
652	2.000000e+02	5.000000e+02	6.000000e+02	0	6	1.991179e+01	5.491228e+03	3.517411e-02	0.000000e+00
653	3.000000e+02	5.000000e+02	6.000000e+02	0	6	1.689745e+01	8.335974e+02	3.391700e-02	0.000000e+00
654	4.000000e+02	5.000000e+02	6.000000e+02	0	6	1.992245e+01	9.900820e+03	4.542446e-02	0.000000e+00
655	5.000000e+02	5.000000e+02	6.000000e+02	0	6	1.579351e+01	6.515301e+02	2.973339e-02	0.000000e+00
656	6.000000e+02	5.000000e+02	6.000000e+02	0	6	3.541131e+01	1.207134e+05	2.569912e-02	0.000000e+00
657	7.000000e+02	5.000000e+02	6.000000e+02	0	6	1.462949e+01	2.929971e+02	4.053314e-02	0.000000e+00
658	8.000000e+02	5.000000e+02	6.000000e+02	0	6	2.449574e+01	6.776121e+04	2.778201e-02	0.000000e+00
659	9.000000e+02	5.000000e+02	6.000000e+02	0	6	3.012566e+01	3.388364e+04	4.538488e-02	0.000000e+00
660	1.000000e+03	5.000000e+02	6.000000e+02	2	6	1.773784e+01	4.942848e+03	4.392968e-02	0.000000e+00
661	1.000000e+02	6.000000e+02	6.000000e+02	1	6	2.018948e+01	2.446301e+03	3.192868e-02	0.000000e+00
662	2.000000e+02	6.000000e+02	6.000000e+02	0	6	1.572940e+01	6.932045e+03	3.088381e-02	0.000000e+00
663	3.000000e+02	6.000000e+02	6.000000e+02	0	6	3.108615e+01	1.436472e+05	3.565036e-02	0.000000e+00
664	4.000000e+02	6.000000e+02	6.000000e+02	0	6	2.519019e+01	3.228094e+04	3.123977e-02	0.000000e+00
665	5.000000e+02	6.000000e+02	6.000000e+02	0	6	1.885242e+01	3.146696e+03	4.089234e-02	0.000000e+00
666	6.000000e+02	6.000000e+02	6.000000e+02	0	6	2.628821e+01	1.230902e+04	3.329528e-02	0.000000e+00
667	7.000000e+02	6.000000e+02	6.000000e+02	0	6	2.283427e+01	2.269793e+03	3.871436e-02	0.000000e+00
668	8.000000e+02	6.000000e+02	6.000000e+02	0	6	1.730124e+01	2.042733e+03	4.149628e-02	0.000000e+00
669	9.000000e+02	6.000000e+02	6.000000e+02	0	6	1.507896e+01	9.817776e+03	4.066522e-02	0.000000e+00
670	1.000000e+03	6.000000e+02	6.000000e+02	2	6	1.699119e+01	1.913811e+03	4.228335e-02	0.000000e+00
671	1.000000e+02	7.000000e+02	6.000000e+02	1	6	2.293704e+01	9.686285e+03	3.809208e-02	0.000000e+00
672	2.000000e+02	7.000000e+02	6.000000e+02	0	6	1.613018e+01	1.122669e+03	4.650936e-02	0.000000e+00
673	3.000000e+02	7.000000e+02	6.000000e+02	0	6	1.284257e+01	1.041014e+02	4.270201e-02	0.000000e+00
674	4.000000e+02	7.000000e+02	6.000000e+02	0	6	3.255234e+01	1.167091e+05	2.225804e-02	0.000000e+00
675	5.000000e+02	7.000000e+02	6.000000e+02	0	6	2.326363e+01	3.342144e+04	3.158695e-02	0.000000e+00
676	6.000000e+02	7.000000e+02	6.000000e+02	0	6	1.246303e+01	4.675953e+02	3.309590e-02	0.000000e+00
677	7.000000e+02	7.000000e+02	6.000000e+02	0	6	2.075419e+01	8.260631e+03	3.754928e-02	0.000000e+00
678	8.000000e+02	7.000000e+02	6.000000e+02	0	6	1.862093e+01	5.530839e+03	4.734272e-02	0.000000e+00
679	9.000000e+02	7.000000e+02	6.000000e+02	0	6	1.335955e+01	6.566611e+02	1.293325e-02	0.000000e+00
680	1.000000e+03	7.000000e+02	6.000000e+02	2	6	3.437264e+01	8.383414e+04	3.033813e-02	0.000000e+00
681	1.000000e+02	8.000000e+02	6.000000e+02	1	6	1.987165e+01	9.724531e+02	2.889638e-02	0.000000e+00
682	2.000000e+02	8.000000e+02	6.000000e+02	0	6	1.270110e+01	2.611581e+02	3.240188e-02	0.000000e+00
683	3.000000e+02	8.000000e+02	6.000000e+02	0	6	6.091481e+01	2.074499e+06	6.250000e-02	0.000000e+00
684	4.000000e+02	8.000000e+02	6.000000e+02	0	6	1.313254e+01	2.760684e+02	3.180696e-02	0.000000e+00
685	5.000000e+02	8.000000e+02	6.000000e+02	0	6	1.781348e+01	1.012179e+04	2.687523e-02	0.000000e+00
686	6.000000e+02	8.000000e+02	6.000000e+02	0	6	1.696716e+01	5.871470e+02	2.503655e-02	0.000000e+00
687	7.000000e+02	8.000000e+02	6.000000e+02	0	6	2.240314e+01	2.080951e+04	4.219363e-02	0.000000e+00
688	8.000000e+02	8.000000e+02	6.000000e+02	0	6	3.514971e+01	5.768389e+04	2.656175e-02	0.000000e+00
689	9.000000e+02	8.000000e+02	6.000000e+02	0	6	2.459651e+01	6.250804e+04	3.020358e-02	0.000000e+00
690	1.000000e+03	8.000000e+02	6.000000e+02	2	6	1.819730e+01	3.393819e+03	3.376301e-02	0.000000e+00
691	1.000000e+02	9.000000e+02	6.000000e+02	1	5	2.736782e+01	1.962092e+04	2.554174e-02	0.000000e+00
692	2.000000e+02	9.000000e+02	6.000000e+02	0	5	1.664615e+01	2.869299e+03	2.986229e-02	0.000000e+00
693	3.000000e+02	9.000000e+02	6.000000e+02	0	5	3.099178e+01	2.059949e+04	2.858951e-02	0.000000e+00
694	4.000000e+02	9.000000e+02	6.000000e+02	0	5	2.296247e+01	1.645431e+04	3.138298e-02	0.000000e+00
695	5.000000e+02	9.000000e+02	6.000000e+02	0	5	1.554391e+01	3.262064e+03	4.390081e-02	0.000000e+00
696	6.000000e+02	9.000000e+02	6.000000e+02	0	5	1.476393e+01	2.843528e+03	3.882883e-02	0.000000e+00
697	7.000000e+02	9.000000e+02	6.000000e+02	0	5	1.716784e+01	7.429845e+03	1.837801e-02	0.000000e+00
698	8.000000e+02	9.000000e+02	6.000000e+02	0	5	2.730542e+01	1.281319e+04	2.573917e-02	0.000000e+00
699	9.000000e+02	9.000000e+02	6.000000e+02	0	5	1.369374e+01	7.942078e+02	4.240998e-02	0.000000e+00
700	1.000000e+03	9.000000e+02	6.000000e+02	2	5	2.183533e+01	6.276138e+03	4.497904e-02	0.000000e+00
701	1.000000e+02	0.000000e+00	7.000000e+02	1	5	1.647190e+01	5.816037e+02	3.443368e-02	0.000000e+00
702	2.000000e+02	0.000000e+00	7.000000e+02	0	5	2.134136e+01	2.982143e+03	3.637344e-02	0.000000e+00
703	3.000000e+02	0.000000e+00	7.000000e+02	0	5	1.881647e+01	1.805776e+03	2.568219e-02	0.000000e+00
704	4.000000e+02	0.000000e+00	7.000000e+02	0	5	1.638624e+01	3.629105e+03	4.602345e-02	0.000000e+00
705	5.000000e+02	0.000000e+00	7.000000e+02	0	5	1.470963e+01	4.565909e+03	3.087231e-02	0.000000e+00
706	6.000000e+02	0.000000e+00	7.000000e+02	0	5	1.710854e+01	1.137952e+03	2.790605e-02	0.000000e+00
707	7.000000e+02	0.000000e+00	7.000000e+02	0	5	2.800345e+01	3.571846e+04	3.257833e-02	0.000000e+00
708	8.000000e+02	0.000000e+00	7.000000e+02	0	5	3.289847e+01	3.407039e+04	3.058799e-02	0.000000e+00
709	9.000000e+02	0.000000e+00	7.000000e+02	0	5	2.812309e+01	3.379092e+04	3.177298e-02	0.000000e+00
710	1.000000e+03	0.000000e+00	7.000000e+02	2	5	3.031321e+01	7.579660e+04	2.887312e-02	0.000000e+00
711	1.000000e+02	1.000000e+02	7.000000e+02	1	6	4.702427e+01	3.626066e+05	6.250000e-02	0.000000e+00
712	2.000000e+02	1.000000e+02	7.000000e+02	0	6	1.344735e+01	1.201744e+03	4.290690e-02	0.000000e+00
713	3.000000e+02	1.000000e+02	7.000000e+02	0	6	1.680131e+01	3.767198e+03	4.644398e-02	0.000000e+00
714	4.000000e+02	1.000000e+02	7.000000e+02	0	6	1.634405e+01	1.585819e+03	3.248167e-02	0.000000e+00
715	5.000000e+02	1.000000e+02	7.000000e+02	0	6	3.443298e+01	1.855834e+05	3.167393e-02	0.000000e+00
716	6.000000e+02	1.000000e+02	7.000000e+02	0	6	1.485250e+01	1.544227e+04	2.355055e-02	0.000000e+00
717	7.000000e+02	1.000000e+02	7.000000e+02	0	6	1.589768e+01	4.439977e+02	6.250000e-02	0.000000e+00
718	8.000000e+02	1.000000e+02	7.000000e+02	0	6	1.384045e+01	4.655823e+02	4.381438e-02	0.000000e+00
719	9.000000e+02	1.000000e+02	7.000000e+02	0	6	1.770985e+01	9.885736e+03	3.395915e-02	0.000000e+00
720	1.000000e+03	1.000000e+02	7.000000e+02	2	6	2.586695e+01	2.633882e+04	3.109182e-02	0.000000e+00
721	1.000000e+02	2.000000e+02	7.000000e+02	1	6	2.398515e+01	4.597466e+03	3.427550e-02	0.000000e+00
722	2.000000e+02	2.000000e+02	7.000000e+02	0	6	1.914824e+01	4.214688e+03	3.147934e-02	0.000000e+00
723	3.000000e+02	2.000000e+02	7.000000e+02	0	6	1.375147e+01	1.643545e+02	4.730598e-02	0.000000e+00
724	4.000000e+02	2.000000e+02	7.000000e+02	0	6	1.754420e+01	1.325228e+03	4.114805e-02	0.000000e+00
725	5.000000e+02	2.000000e+02	7.000000e+02	0	6	1.521293e+01	2.556660e+02	3.175254e-02	0.000000e+00
726	6.000000e+02	2.000000e+02	7.000000e+02	0	6	1.470492e+01	1.203063e+02	6.250000e-02	0.000000e+00
727	7.000000e+02	2.000000e+02	7.000000e+02	0	6	1.999981e+01	1.533980e+03	3.840225e-02	0.000000e+00
728	8.000000e+02	2.000000e+02	7.000000e+02	0	6	1.978429e+01	1.852480e+03	3.657414e-02	0.000000e+00
729	9.000000e+02	2.000000e+02	7.000000e+02	0	6	3.752522e+01	7.200141e+04	2.510507e-02	0.000000e+00
730	1.000000e+03	2.000000e+02	7.000000e+02	2	6	2.236283e+01	1.354249e+04	4.015318e-02	0.000000e+00
731	1.000000e+02	3.000000e+02	7.000000e+02	1	6	1.664476e+01	1.077750e+03	2.865382e-02	0.000000e+00
732	2.000000e+02	3.000000e+02	7.000000e+02	0	6	3.056678e+01	1.235166e+05	2.118542e-02	0.000000e+00
733	3.000000e+02	3.000000e+02	7.000000e+02	0	6	1.344591e+01	7.848639e+02	1.425381e-02	0.000000e+00
734	4.000000e+02	3.000000e+02	7.000000e+02	0	6	1.793960e+01	5.987091e+03	3.974143e-02	0.000000e+00
735	5.000000e+02	3.000000e+02	7.000000e+02	0	6	1.269908e+01	1.526912e+02	4.689025e-02	0.000000e+00
736	6.000000e+02	3.000000e+02	7.000000e+02	0	6	1.894391e+01	5.209819e+03	3.965079e-02	0.000000e+00
737	7.000000e+02	3.000000e+02	7.000000e+02	0	6	1.280614e+01	9.738798e+01	3.950399e-02	0.000000e+00
738	8.000000e+02	3.000000e+02	7.000000e+02	0	6	1.435583e+01	9.466682e+01	6.250000e-02	0.000000e+00
739	9.000000e+02	3.000000e+02	7.000000e+02	0	6	1.871081e+01	8.961984e+03	2.625405e-02	0.000000e+00
740	1.000000e+03	3.000000e+02	7.000000e+02	2	6	2.453715e+01	2.113430e+04	2.883896e-02	0.000000e+00
741	1.000000e+02	4.000000e+02	7.000000e+02	1	6	1.571216e+01	5.357412e+02	3.447772e-02	0.000000e+00
742	2.000000e+02	4.000000e+02	7.000000e+02	0	6	1.923290e+01	7.770201e+03	4.297162e-02	0.000000e+00
743	3.000000e+02	4.000000e+02	7.000000e+02	0	6	1.600093e+01	2.035322e+03	3.825886e-02	0.000000e+00
744	4.000000e+02	4.000000e+02	7.000000e+02	0	6	1.667642e+01	3.036026e+03	3.912122e-02	0.000000e+00
745	5.000000e+02	4.000000e+02	7.000000e+02	0	6	1.442423e+01	1.070787e+03	3.947685e-02	0.000000e+00
746	6.000000e+02	4.000000e+02	7.000000e+02	0	6	2.560311e+01	3.291769e+04	2.562130e-02	0.000000e+00
747	7.000000e+02	4.000000e+02	7.000000e+02	0	6	1.398187e+01	1.179505e+03	3.466856e-02	0.000000e+00
748	8.000000e+02	4.000000e+02	7.000000e+02	0	6	1.840251e+01	1.053118e+04	3.084821e-02	0.000000e+00
749	9.000000e+02	4.000000e+02	7.000000e+02	0	6	3.121286e+01	1.922226e+05	2.547213e-02	0.000000e+00
750	1.000000e+03	4.000000e+02	7.000000e+02	2	6	1.719176e+01	2.735435e+03	3.335798e-02	0.000000e+00
751	1.000000e+02	5.000000e+02	7.000000e+02	1	6	2.258234e+01	1.214164e+04	3.271878e-02	0.000000e+00
752	2.000000e+02	5.000000e+02	7.000000e+02	0	6	1.731475e+01	7.919406e+03	2.157176e-02	0.000000e+00
753	3.000000e+02	5.000000e+02	7.000000e+02	0	6	2.277907e+01	3.204965e+03	3.301341e-02	0.000000e+00
754	4.000000e+02	5.000000e+02	7.000000e+02	0	6	1.728708e+01	3.577621e+03	3.834410e-02	0.000000e+00
755	5.000000e+02	5.000000e+02	7.000000e+02	0	6	2.442257e+01	3.867652e+03	3.830204e-02	0.000000e+00
756	6.000000e+02	5.000000e+02	7.000000e+02	0	6	2.265063e+01	4.927187e+03	3.978434e-02	0.000000e+00
757	7.000000e+02	5.000000e+02	7.000000e+02	0	6	1.985961e+01	2.845007e+03	4.365493e-02	0.000000e+00
758	8.000000e+02	5.000000e+02	7.000000e+02	0	6	3.062587e+01	5.049151e+04	3.171080e-02	0.000000e+00
759	9.000000e+02	5.000000e+02	7.000000e+02	0	6	2.386004e+01	1.395541e+04	2.170103e-02	0.000000e+00
760	1.000000e+03	5.000000e+02	7.000000e+02	2	6	2.526010e+01	6.790050e+03	2.574726e-02	0.000000e+00
761	1.000000e+02	6.000000e+02	7.000000e+02	1	6	1.372437e+01	7.845540e+02	4.121615e-02	0.000000e+00
762	2.000000e+02	6.000000e+02	7.000000e+02	0	6	1.382023e+01	1.114490e+03	2.003187e-02	0.000000e+00
763	3.000000e+02	6.000000e+02	7.000000e+02	0	6	3.300961e+01	8.410963e+04	3.425920e-02	0.000000e+00
764	4.000000e+02	6.000000e+02	7.000000e+02	0	6	1.559507e+01	4.983103e+03	2.222761e-02	0.000000e+00
765	5.000000e+02	6.000000e+02	7.000000e+02	0	6	2.181094e+01	6.558302e+03	3.597831e-02	0.000000e+00
766	6.000000e+02	6.000000e+02	7.000000e+02	0	6	2.940830e+01	1.761514e+04	3.264194e-02	0.000000e+00
767	7.000000e+02	6.000000e+02	7.000000e+02	0	6	1.465645e+01	3.724509e+03	4.039061e-02	0.000000e+00
768	8.000000e+02	6.000000e+02	7.000000e+02	0	6	1.578380e+01	1.403482e+03	4.265044e-02	0.000000e+00
769	9.000000e+02	6.000000e+02	7.000000e+02	0	6	1.698244e+01	7.139892e+03	3.118846e-02	0.000000e+00
770	1.000000e+03	6.000000e+02	7.000000e+02	2	6	1.688116e+01	1.200543e+02	3.100487e-02	0.000000e+00
771	1.000000e+02	7.000000e+02	7.000000e+02	1	6	1.546545e+01	1.125610e+03	2.837146e-02	0.000000e+00
772	2.000000e+02	7.000000e+02	7.000000e+02	0	6	1.403332e+01	1.180563e+03	4.616474e-02	0.000000e+00
773	3.000000e+02	7.000000e+02	7.000000e+02	0	6	1.678817e+01	3.208974e+02	4.335426e-02	0.000000e+00
774	4.000000e+02	7.000000e+02	7.000000e+02	0	6	2.559410e+01	2.137535e+04	2.845636e-02	0.000000e+00
775	5.000000e+02	7.000000e+02	7.000000e+02	0	6	3.798138e+01	1.284815e+05	3.488507e-02	0.000000e+00
776	6.000000e+02	7.000000e+02	7.000000e+02	0	6	2.134136e+01	8.288055e+03	3.944831e-02	0.000000e+00
777	7.000000e+02	7.000000e+02	7.000000e+02	0	6	1.774717e+01	3.060654e+03	4.087789e-02	0.000000e+00
778	8.000000e+02	7.000000e+02	7.000000e+02	0	6	1.270342e+01	1.950200e+02	2.954531e-02	0.000000e+00
779	9.000000e+02	7.000000e+02	7.000000e+02	0	6	2.527247e+01	1.102051e+04	3.940078e-02	0.000000e+00
780	1.000000e+03	7.000000e+02	7.000000e+02	2	6	2.019850e+01	7.348378e+03	4.299276e-02	0.000000e+00
781	1.000000e+02	8.000000e+02	7.000000e+02	1	6	2.368812e+01	4.382197e+04	2.792525e-02	0.000000e+00
782	2.000000e+02	8.000000e+02	7.000000e+02	0	6	1.775413e+01	2.398768e+03	4.600820e-02	0.000000e+00
783	3.000000e+02	8.000000e+02	7.000000e+02	0	6	1.826059e+01	6.649520e+02	3.311523e-02	0.000000e+00
784	4.000000e+02	8.000000e+02	7.000000e+02	0	6	1.467851e+01	5.695613e+02	3.615603e-02	0.000000e+00
785	5.000000e+02	8.000000e+02	7.000000e+02	0	6	2.526863e+01	1.858550e+03	3.465485e-02	0.000000e+00
786	6.000000e+02	8.000000e+02	7.000000e+02	0	6	1.360243e+01	2.390104e+03	4.624414e-02	0.000000e+00
787	7.000000e+02	8.000000e+02	7.000000e+02	0	6	1.405269e+01	5.913499e+01	2.810937e-02	0.000000e+00
788	8.000000e+02	8.000000e+02	7.000000e+02	0	6	1.688900e+01	3.204680e+03	3.170403e-02	0.000000e+00
789	9.000000e+02	8.000000e+02	7.000000e+02	0	6	1.711327e+01	1.797513e+03	3.589291e-02	0.000000e+00
790	1.000000e+03	8.000000e+02	7.000000e+02	2	6	2.742048e+01	2.991423e+04	2.642420e-02	0.000000e+00
791	1.000000e+02	9.000000e+02	7.000000e+02	1	5	1.852472e+01	3.119040e+03	3.859199e-02	0.000000e+00
792	2.000000e+02	9.000000e+02	7.000000e+02	0	5	2.404497e+01	1.138293e+04	4.227764e-02	0.000000e+00
793	3.000000e+02	9.000000e+02	7.000000e+02	0	5	1.993898e+01	6.145797e+03	4.442142e-02	0.000000e+00
794	4.000000e+02	9.000000e+02	7.000000e+02	0	5	2.440871e+01	4.396509e+04	3.642507e-02	0.000000e+00
795	5.000000e+02	9.000000e+02	7.000000e+02	0	5	2.272506e+01	1.010643e+04	2.735132e-02	0.000000e+00
796	6.000000e+02	9.000000e+02	7.000000e+02	0	5	1.248087e+01	2.661711e+02	4.250767e-02	0.000000e+00
797	7.000000e+02	9.000000e+02	7.000000e+02	0	5	1.896695e+01	7.778227e+03	3.680144e-02	0.000000e+00
798	8.000000e+02	9.000000e+02	7.000000e+02	0	5	1.345922e+01	1.437448e+02	6.250000e-02	0.000000e+00
799	9.000000e+02	9.000000e+02	7.000000e+02	0	5	6.895727e+01	1.699595e+06	6.250000e-02	0.000000e+00
800	1.000000e+03	9.000000e+02	7.000000e+02	2	5	1.754135e+01	3.734379e+03	3.862925e-02	0.000000e+00
801	1.000000e+02	0.000000e+00	8.000000e+02	1	5	1.631575e+01	1.919895e+03	3.553793e-02	0.000000e+00
802	2.000000e+02	0.000000e+00	8.000000e+02	0	5	1.348366e+01	8.019014e+01	6.250000e-02	0.000000e+00
803	3.000000e+02	0.000000e+00	8.000000e+02	0	5	1.549576e+01	1.544378e+03	6.250000e-02	0.000000e+00
804	4.000000e+02	0.000000e+00	8.000000e+02	0	5	1.925827e+01	1.214155e+03	2.984002e-02	0.000000e+00
805	5.000000e+02	0.000000e+00	8.000000e+02	0	5	2.663803e+01	6.522530e+04	2.693787e-02	0.000000e+00
806	6.000000e+02	0.000000e+00	8.000000e+02	0	5	3.253828e+01	6.577268e+04	3.347243e-02	0.000000e+00
807	7.000000e+02	0.000000e+00	8.000000e+02	0	5	5.476445e+01	9.999129e+05	6.250000e-02	0.000000e+00
808	8.000000e+02	0.000000e+00	8.000000e+02	0	5	1.930382e+01	8.830994e+02	3.760162e-02	0.000000e+00
809	9.000000e+02	0.000000e+00	8.000000e+02	0	5	1.951073e+01	5.966388e+03	4.410548e-02	0.000000e+00
810	1.000000e+03	0.000000e+00	8.000000e+02	2	5	1.345374e+01	4.148267e+02	3.550595e-02	0.000000e+00
811	1.000000e+02	1.000000e+02	8.000000e+02	1	6	1.943296e+01	2.348742e+03	3.707438e-02	0.000000e+00
812	2.000000e+02	1.000000e+02	8.000000e+02	0	6	3.039091e+01	2.520899e+04	3.442237e-02	0.000000e+00
813	3.000000e+02	1.000000e+02	8.000000e+02	0	6	2.596868e+01	9.434291e+03	3.258001e-02	0.000000e+00
814	4.000000e+02	1.000000e+02	8.000000e+02	0	6	1.970363e+01	4.884369e+03	4.027377e-02	0.000000e+00
815	5.000000e+02	1.000000e+02	8.000000e+02	0	6	3.288726e+01	4.577562e+04	3.652570e-02	0.000000e+00
816	6.000000e+02	1.000000e+02	8.000000e+02	0	6	1.417055e+01	1.796127e+02	3.578625e-02	0.000000e+00
817	7.000000e+02	1.000000e+02	8.000000e+02	0	6	1.306677e+01	1.895784e+02	3.879768e-02	0.000000e+00
818	8.000000e+02	1.000000e+02	8.000000e+02	0	6	2.168986e+01	5.215604e+03	3.961686e-02	0.000000e+00
819	9.000000e+02	1.000000e+02	8.000000e+02	0	6	2.612290e+01	1.210225e+04	3.570417e-02	0.000000e+00
820	1.000000e+03	1.000000e+02	8.000000e+02	2	6	2.848082e+01	8.422754e+04	2.776815e-02	0.000000e+00
821	1.000000e+02	2.000000e+02	8.000000e+02	1	6	1.499384e+01	2.310361e+02	3.308767e-02	0.000000e+00
822	2.000000e+02	2.000000e+02	8.000000e+02	0	6	2.311987e+01	7.082311e+03	2.643314e-02	0.000000e+00
823	3.000000e+02	2.000000e+02	8.000000e+02	0	6	2.134957e+01	1.711836e+04	2.910105e-02	0.000000e+00
824	4.000000e+02	2.000000e+02	8.000000e+02	0	6	3.701107e+01	4.722452e+04	2.834453e-02	0.000000e+00
825	5.000000e+02	2.000000e+02	8.000000e+02	0	6	3.788039e+01	1.827977e+05	3.030997e-02	0.000000e+00
826	6.000000e+02	2.000000e+02	8.000000e+02	0	6	2.255898e+01	3.090092e+04	3.273760e-02	0.000000e+00
827	7.000000e+02	2.000000e+02	8.000000e+02	0	6	1.534560e+01	4.288616e+02	3.960111e-02	0.000000e+00
828	8.000000e+02	2.000000e+02	8.000000e+02	0	6	1.318848e+01	2.375374e+02	6.250000e-02	0.000000e+00
829	9.000000e+02	2.000000e+02	8.000000e+02	0	6	2.343908e+01	2.522203e+04	3.700921e-02	0.000000e+00
830	1.000000e+03	2.000000e+02	8.000000e+02	2	6	1.769856e+01	9.009707e+02	6.250000e-02	0.000000e+00
831	1.000000e+02	3.000000e+02	8.000000e+02	1	6	1.948567e+01	1.390456e+04	1.975557e-02	0.000000e+00
832	2.000000e+02	3.000000e+02	8.000000e+02	0	6	1.384198e+01	1.154270e+03	4.436690e-02	0.000000e+00
833	3.000000e+02	3.000000e+02	8.000000e+02	0	6	2.172391e+01	4.724956e+03	3.331136e-02	0.000000e+00
834	4.000000e+02	3.000000e+02	8.000000e+02	0	6	1.662547e+01	7.490460e+02	4.321265e-02	0.000000e+00
835	5.000000e+02	3.000000e+02	8.000000e+02	0	6	2.917603e+01	5.879965e+03	3.109701e-02	0.000000e+00
836	6.000000e+02	3.000000e+02	8.000000e+02	0	6	2.616297e+01	1.838598e+04	3.987760e-02	0.000000e+00
837	7.000000e+02	3.000000e+02	8.000000e+02	0	6	1.266572e+01	2.763719e+02	4.120649e-02	0.000000e+00
838	8.000000e+02	3.000000e+02	8.000000e+02	0	6	1.393651e+01	6.737158e+02	3.700983e-02	0.000000e+00
839	9.000000e+02	3.000000e+02	8.000000e+02	0	6	3.675897e+01	2.363524e+05	2.675571e-02	0.000000e+00
840	1.000000e+03	3.000000e+02	8.000000e+02	2	6	1.394215e+01	1.539665e+02	6.250000e-02	0.000000e+00
841	1.000000e+02	4.000000e+02	8.000000e+02	1	6	1.314094e+01	8.330477e+02	6.250000e-02	0.000000e+00
842	2.000000e+02	4.000000e+02	8.000000e+02	0	6	1.696115e+01	5.036838e+03	4.631577e-02	0.000000e+00
843	3.000000e+02	4.000000e+02	8.000000e+02	0	6	1.837930e+01	2.310075e+03	3.793037e-02	0.000000e+00
844	4.000000e+02	4.000000e+02	8.000000e+02	0	6	1.387977e+01	1.741667e+02	3.688768e-02	0.000000e+00
845	5.000000e+02	4.000000e+02	8.000000e+02	0	6	1.656312e+01	1.512879e+03	4.189549e-02	0.000000e+00
846	6.000000e+02	4.000000e+02	8.000000e+02	0	6	2.100478e+01	4.342203e+04	3.299956e-02	0.000000e+00
847	7.000000e+02	4.000000e+02	8.000000e+02	0	6	1.649404e+01	3.556502e+03	4.418564e-02	0.000000e+00
848	8.000000e+02	4.000000e+02	8.000000e+02	0	6	2.532373e+01	8.371727e+03	3.412894e-02	0.000000e+00
849	9.000000e+02	4.000000e+02	8.000000e+02	0	6	1.761412e+01	2.150721e+03	2.993346e-02	0.000000e+00
850	1.000000e+03	4.000000e+02	8.000000e+02	2	6	3.247328e+01	1.024000e+05	2.944805e-02	0.000000e+00
851	1.000000e+02	5.000000e+02	8.000000e+02	1	6	1.271086e+01	1.570688e+02	6.250000e-02	0.000000e+00
852	2.000000e+02	5.000000e+02	8.000000e+02	0	6	1.635101e+01	1.361136e+03	4.191407e-02	0.000000e+00
853	3.000000e+02	5.000000e+02	8.000000e+02	0	6	1.739436e+01	1.497886e+03	3.525655e-02	0.000000e+00
854	4.000000e+02	5.000000e+02	8.000000e+02	0	6	1.431093e+01	2.113071e+02	6.250000e-02	0.000000e+00
855	5.000000e+02	5.000000e+02	8.000000e+02	0	6	1.521178e+01	3.161535e+03	3.404157e-02	0.000000e+00
856	6.000000e+02	5.000000e+02	8.000000e+02	0	6	1.873668e+01	9.433531e+03	3.189812e-02	0.000000e+00
857	7.000000e+02	5.000000e+02	8.000000e+02	0	6	1.895431e+01	2.402905e+04	3.289809e-02	0.000000e+00
858	8.000000e+02	5.000000e+02	8.000000e+02	0	6	1.851761e+01	3.184248e+03	3.772683e-02	0.000000e+00
859	9.000000e+02	5.000000e+02	8.000000e+02	0	6	2.126673e+01	2.770001e+04	2.028498e-02	0.000000e+00
860	1.000000e+03	5.000000e+02	8.000000e+02	2	6	1.322776e+01	2.219540e+02	3.302787e-02	0.000000e+00
861	1.000000e+02	6.000000e+02	8.000000e+02	1	6	1.778212e+01	6.933721e+03	3.366920e-02	0.000000e+00
862	2.000000e+02	6.000000e+02	8.000000e+02	0	6	2.530447e+01	1.471805e+04	2.908770e-02	0.000000e+00
863	3.000000e+02	6.000000e+02	8.000000e+02	0	6	1.271175e+01	6.437589e+02	4.232818e-02	0.000000e+00
864	4.000000e+02	6.000000e+02	8.000000e+02	0	6	1.648138e+01	1.131571e+03	4.602714e-02	0.000000e+00
865	5.000000e+02	6.000000e+02	8.000000e+02	0	6	3.415786e+01	7.711195e+04	4.407090e-02	0.000000e+00
866	6.000000e+02	6.000000e+02	8.000000e+02	0	6	1.853682e+01	1.624774e+03	4.748391e-02	0.000000e+00
867	7.000000e+02	6.000000e+02	8.000000e+02	0	6	1.636289e+01	2.056095e+03	4.425314e-02	0.000000e+00
868	8.000000e+02	6.000000e+02	8.000000e+02	0	6	1.381741e+01	1.970598e+02	3.858010e-02	0.000000e+00
869	9.000000e+02	6.000000e+02	8.000000e+02	0	6	1.687969e+01	1.776341e+03	4.037914e-02	0.000000e+00
870	1.000000e+03	6.000000e+02	8.000000e+02	2	6	4.298050e+01	2.035816e+04	1.826056e-02	0.000000e+00
871	1.000000e+02	7.000000e+02	8.000000e+02	1	6	2.428310e+01	3.732944e+04	3.320214e-02	0.000000e+00
872	2.000000e+02	7.000000e+02	8.000000e+02	0	6	1.500955e+01	3.796836e+03	3.812103e-02	0.000000e+00
873	3.000000e+02	7.000000e+02	8.000000e+02	0	6	1.357340e+01	3.469827e+02	3.727463e-02	0.000000e+00
874	4.000000e+02	7.000000e+02	8.000000e+02	0	6	2.141796e+01	2.485823e+03	4.254673e-02	0.000000e+00
875	5.000000e+02	7.000000e+02	8.000000e+02	0	6	2.501993e+01	3.620202e+03	2.836363e-02	0.000000e+00
876	6.000000e+02	7.000000e+02	8.000000e+02	0	6	2.043522e+01	8.297738e+03	2.839944e-02	0.000000e+00
877	7.000000e+02	7.000000e+02	8.000000e+02	0	6	1.504686e+01	1.596337e+03	4.501953e-02	0.000000e+00
878	8.000000e+02	7.000000e+02	8.000000e+02	0	6	1.391899e+01	1.119152e+03	4.312623e-02	0.000000e+00
879	9.000000e+02	7.000000e+02	8.000000e+02	0	6	1.886591e+01	2.184190e+03	4.086370e-02	0.000000e+00
880	1.000000e+03	7.000000e+02	8.000000e+02	2	6	1.603818e+01	3.364730e+02	3.764376e-02	0.000000e+00
881	1.000000e+02	8.000000e+02	8.000000e+02	1	6	1.816243e+01	2.590715e+03	3.273449e-02	0.000000e+00
882	2.000000e+02	8.000000e+02	8.000000e+02	0	6	2.019619e+01	4.233050e+03	3.783500e-02	0.000000e+00
883	3.000000e+02	8.000000e+02	8.000000e+02	0	6	2.064319e+01	1.064274e+04	3.496272e-02	0.000000e+00
884	4.000000e+02	8.000000e+02	8.000000e+02	0	6	3.782614e+01	4.133653e+05	6.250000e-02	0.000000e+00
885	5.000000e+02	8.000000e+02	8.000000e+02	0	6	1.621599e+01	2.639842e+03	3.216267e-02	0.000000e+00
886	6.000000e+02	8.000000e+02	8.000000e+02	0	6	1.509149e+01	8.083924e+03	2.138034e-02	0.000000e+00
887	7.000000e+02	8.000000e+02	8.000000e+02	0	6	1.570226e+01	6.270817e+03	2.139435e-02	0.000000e+00
888	8.000000e+02	8.000000e+02	8.000000e+02	0	6	1.471455e+01	1.741545e+02	3.089288e-02	0.000000e+00
889	9.000000e+02	8.000000e+02	8.000000e+02	0	6	1.530714e+01	3.423439e+02	3.622111e-02	0.000000e+00
890	1.000000e+03	8.000000e+02	8.000000e+02	2	6	2.432157e+01	1.250220e+04	3.376039e-02	0.000000e+00
891	1.000000e+02	9.000000e+02	8.000000e+02	1	5	2.247731e+01	7.351273e+03	3.780294e-02	0.000000e+00
892	2.000000e+02	9.000000e+02	8.000000e+02	0	5	2.565061e+01	2.008722e+04	4.052417e-02	0.000000e+00
893	3.000000e+02	9.000000e+02	8.000000e+02	0	5	1.951195e+01	1.814262e+04	3.292802e-02	0.000000e+00
894	4.000000e+02	9.000000e+02	8.000000e+02	0	5	3.072033e+01	1.751948e+04	3.725875e-02	0.000000e+00
895	5.000000e+02	9.000000e+02	8.000000e+02	0	5	1.277420e+01	7.321192e+02	4.680293e-02	0.000000e+00
896	6.000000e+02	9.000000e+02	8.000000e+02	0	5	3.044749e+01	6.115028e+04	2.835847e-02	0.000000e+00
897	7.000000e+02	9.000000e+02	8.000000e+02	0	5	1.670886e+01	1.016628e+04	3.429767e-02	0.000000e+00
898	8.000000e+02	9.000000e+02	8.000000e+02	0	5	1.842418e+01	1.598776e+03	4.434867e-02	0.000000e+00
899	9.000000e+02	9.000000e+02	8.000000e+02	0	5	1.829663e+01	1.420987e+04	2.906163e-02	0.000000e+00
900	1.000000e+03	9.000000e+02	8.000000e+02	2	5	1.671171e+01	1.223847e+03	4.442955e-02	0.000000e+00
901	1.000000e+02	0.000000e+00	9.000000e+02	1	4	1.811540e+01	2.121507e+03	2.338266e-02	0.000000e+00
902	2.000000e+02	0.000000e+00	9.000000e+02	0	4	1.818568e+01	1.715171e+03	3.476777e-02	0.000000e+00
903	3.000000e+02	0.000000e+00	9.000000e+02	0	4	2.476653e+01	1.339825e+04	2.813443e-02	0.000000e+00
904	4.000000e+02	0.000000e+00	9.000000e+02	0	4	1.443031e+01	1.279747e+03	4.167504e-02	0.000000e+00
905	5.000000e+02	0.000000e+00	9.000000e+02	0	4	2.512875e+01	9.653987e+03	3.932054e-02	0.000000e+00
906	6.000000e+02	0.000000e+00	9.000000e+02	0	4	2.576109e+01	5.947124e+03	2.552281e-02	0.000000e+00
907	7.000000e+02	0.000000e+00	9.000000e+02	0	4	2.514075e+01	1.504123e+04	4.276351e-02	0.000000e+00
908	8.000000e+02	0.000000e+00	9.000000e+02	0	4	1.504984e+01	9.285769e+01	6.250000e-02	0.000000e+00
909	9.000000e+02	0.000000e+00	9.000000e+02	0	4	2.697859e+01	1.002313e+04	3.693963e-02	0.000000e+00
910	1.000000e+03	0.000000e+00	9.000000e+02	2	4	2.101266e+01	7.285549e+03	3.284781e-02	0.000000e+00
911	1.000000e+02	1.000000e+02	9.000000e+02	1	5	1.800149e+01	1.485058e+03	4.199546e-02	0.000000e+00
912	2.000000e+02	1.000000e+02	9.000000e+02	0	5	1.421811e+01	8.745478e+02	4.373305e-02	0.000000e+00
913	3.000000e+02	1.000000e+02	9.000000e+02	0	5	1.486196e+01	1.838145e+02	4.481653e-02	0.000000e+00
914	4.000000e+02	1.000000e+02	9.000000e+02	0	5	1.810094e+01	2.954546e+03	3.911932e-02	0.000000e+00
915	5.000000e+02	1.000000e+02	9.000000e+02	0	5	4.153911e+01	2.397672e+05	2.525567e-02	0.000000e+00
916	6.000000e+02	1.000000e+02	9.000000e+02	0	5	1.932870e+01	2.098120e+03	3.967460e-02	0.000000e+00
917	7.000000e+02	1.000000e+02	9.000000e+02	0	5	2.140291e+01	1.722311e+04	1.939729e-02	0.000000e+00
918	8.000000e+02	1.000000e+02	9.000000e+02	0	5	2.739485e+01	2.333844e+04	2.838367e-02	0.000000e+00
919	9.000000e+02	1.000000e+02	9.000000e+02	0	5	1.474266e+01	9.535701e+02	4.786509e-02	0.000000e+00
920	1.000000e+03	1.000000e+02	9.000000e+02	2	5	2.112384e+01	2.197153e+04	3.329102e-02	0.000000e+00
921	1.000000e+02	2.000000e+02	9.000000e+02	1	5	1.715856e+01	3.008434e+03	3.467522e-02	0.000000e+00
922	2.000000e+02	2.000000e+02	9.000000e+02	0	5	2.626185e+01	4.571823e+04	2.752752e-02	0.000000e+00
923	3.000000e+02	2.000000e+02	9.000000e+02	0	5	1.931986e+01	1.455909e+04	3.512387e-02	0.000000e+00
924	4.000000e+02	2.000000e+02	9.000000e+02	0	5	1.521401e+01	9.349189e+02	3.776217e-02	0.000000e+00
925	5.000000e+02	2.000000e+02	9.000000e+02	0	5	1.707786e+01	3.616614e+03	3.521212e-02	0.000000e+00
926	6.000000e+02	2.000000e+02	9.000000e+02	0	5	2.677186e+01	6.997738e+04	2.880310e-02	0.000000e+00
927	7.000000e+02	2.000000e+02	9.000000e+02	0	5	1.988602e+01	2.136803e+04	3.683386e-02	0.000000e+00
928	8.000000e+02	2.000000e+02	9.000000e+02	0	5	1.548520e+01	1.653557e+03	4.488521e-02	0.000000e+00
929	9.000000e+02	2.000000e+02	9.000000e+02	0	5	1.527234e+01	1.855542e+02	2.743716e-02	0.000000e+00
930	1.000000e+03	2.000000e+02	9.000000e+02	2	5	1.818482e+01	1.914285e+03	3.804626e-02	0.000000e+00
931	1.000000e+02	3.000000e+02	9.000000e+02	1	5	1.950131e+01	3.715281e+03	3.957818e-02	0.000000e+00
932	2.000000e+02	3.000000e+02	9.000000e+02	0	5	2.376673e+01	6.432446e+03	3.377948e-02	0.000000e+00
933	3.000000e+02	3.000000e+02	9.000000e+02	0	5	1.752617e+01	2.956150e+03	3.575411e-02	0.000000e+00
934	4.000000e+02	3.000000e+02	9.000000e+02	0	5	1.792500e+01	3.690533e+03	4.409113e-02	0.000000e+00
935	5.000000e+02	3.000000e+02	9.000000e+02	0	5	1.910314e+01	1.041836e+04	3.683083e-02	0.000000e+00
936	6.000000e+02	3.000000e+02	9.000000e+02	0	5	1.335546e+01	1.917348e+02	3.552853e-02	0.000000e+00
937	7.000000e+02	3.000000e+02	9.000000e+02	0	5	1.519251e+01	1.217720e+02	6.250000e-02	0.000000e+00
938	8.000000e+02	3.000000e+02	9.000000e+02	0	5	1.246881e+01	1.217911e+02	3.419989e-02	0.000000e+00
939	9.000000e+02	3.000000e+02	9.000000e+02	0	5	2.246655e+01	1.488700e+03	3.249342e-02	0.000000e+00
940	1.000000e+03	3.000000e+02	9.000000e+02	2	5	1.777438e+01	4.136478e+03	3.507945e-02	0.000000e+00
941	1.000000e+02	4.000000e+02	9.000000e+02	1	5	1.390911e+01	1.204298e+02	6.250000e-02	0.000000e+00
942	2.000000e+02	4.000000e+02	9.000000e+02	0	5	2.700249e+01	2.080772e+04	4.207555e-02	0.000000e+00
943	3.000000e+02	4.000000e+02	9.000000e+02	0	5	1.449263e+01	2.883281e+02	4.194117e-02	0.000000e+00
944	4.000000e+02	4.000000e+02	9.000000e+02	0	5	6.740339e+01	1.135286e+06	6.250000e-02	0.000000e+00
945	5.000000e+02	4.000000e+02	9.000000e+02	0	5	3.095321e+01	5.431125e+04	3.775988e-02	0.000000e+00
946	6.000000e+02	4.000000e+02	9.000000e+02	0	5	1.683234e+01	4.279035e+02	4.473394e-02	0.000000e+00
947	7.000000e+02	4.000000e+02	9.000000e+02	0	5	2.127727e+01	1.129507e+04	3.394310e-02	0.000000e+00
948	8.000000e+02	4.000000e+02	9.000000e+02	0	5	1.307830e+01	4.141670e+02	3.741672e-02	0.000000e+00
949	9.000000e+02	4.000000e+02	9.000000e+02	0	5	1.564144e+01	4.471233e+04	1.919617e-02	0.000000e+00
950	1.000000e+03	4.000000e+02	9.000000e+02	2	5	1.362987e+01	5.457501e+02	3.618293e-02	0.000000e+00
951	1.000000e+02	5.000000e+02	9.000000e+02	1	5	1.436360e+01	1.610929e+03	4.238505e-02	0.000000e+00
952	2.000000e+02	5.000000e+02	9.000000e+02	0	5	1.819921e+01	1.227044e+03	4.117074e-02	0.000000e+00
953	3.000000e+02	5.000000e+02	9.000000e+02	0	5	1.793855e+01	4.426599e+03	4.169353e-02	0.000000e+00
954	4.000000e+02	5.000000e+02	9.000000e+02	0	5	1.880717e+01	1.476605e+03	3.546951e-02	0.000000e+00
955	5.000000e+02	5.000000e+02	9.000000e+02	0	5	1.738624e+01	4.708887e+03	3.893840e-02	0.000000e+00
956	6.000000e+02	5.000000e+02	9.000000e+02	0	5	1.746454e+01	7.315753e+03	4.379350e-02	0.000000e+00
957	7.000000e+02	5.000000e+02	9.000000e+02	0	5	1.463019e+01	6.368616e+02	1.034714e-02	0.000000e+00
958	8.000000e+02	5.000000e+02	9.000000e+02	0	5	3.106772e+01	7.490762e+04	3.274041e-02	0.000000e+00
959	9.000000e+02	5.000000e+02	9.000000e+02	0	5	1.605667e+01	5.243623e+03	3.206761e-02	0.000000e+00
960	1.000000e+03	5.000000e+02	9.000000e+02	2	5	2.925575e+01	1.903516e+04	3.257641e-02	0.000000e+00
961	1.000000e+02	6.000000e+02	9.000000e+02	1	5	1.725987e+01	1.341378e+04	3.346329e-02	0.000000e+00
962	2.000000e+02	6.000000e+02	9.000000e+02	0	5	2.424848e+01	4.229887e+04	1.917349e-02	0.000000e+00
963	3.000000e+02	6.000000e+02	9.000000e+02	0	5	1.993214e+01	2.322721e+04	3.313105e-02	0.000000e+00
964	4.000000e+02	6.000000e+02	9.000000e+02	0	5	1.544763e+01	4.826814e+03	3.104991e-02	0.000000e+00
965	5.000000e+02	6.000000e+02	9.000000e+02	0	5	1.581341e+01	7.167525e+02	3.214160e-02	0.000000e+00
966	6.000000e+02	6.000000e+02	9.000000e+02	0	5	2.479112e+01	6.519924e+03	3.360727e-02	0.000000e+00
967	7.000000e+02	6.000000e+02	9.000000e+02	0	5	1.473309e+01	1.356961e+03	3.975033e-02	0.000000e+00
968	8.000000e+02	6.000000e+02	9.000000e+02	0	5	2.065951e+01	9.195479e+03	4.770535e-02	0.000000e+00
969	9.000000e+02	6.000000e+02	9.000000e+02	0	5	2.400223e+01	4.942832e+03	3.428551e-02	0.000000e+00
970	1.000000e+03	6.000000e+02	9.000000e+02	2	5	1.493704e+01	5.829861e+02	2.455155e-02	0.000000e+00
971	1.000000e+02	7.000000e+02	9.000000e+02	1	5	2.409313e+01	1.329926e+04	2.852092e-02	0.000000e+00
972	2.000000e+02	7.000000e+02	9.000000e+02	0	5	1.727060e+01	2.131260e+03	4.790410e-02	0.000000e+00
973	3.000000e+02	7.000000e+02	9.000000e+02	0	5	1.795816e+01	5.629828e+03	4.237905e-02	0.000000e+00
974	4.000000e+02	7.000000e+02	9.000000e+02	0	5	1.310362e+01	9.031483e+02	3.483930e-02	0.000000e+00
975	5.000000e+02	7.000000e+02	9.000000e+02	0	5	1.290512e+01	4.891242e+02	3.664096e-02	0.000000e+00
976	6.000000e+02	7.000000e+02	9.000000e+02	0	5	2.309777e+01	2.088142e+04	3.883118e-02	0.000000e+00
977	7.000000e+02	7.000000e+02	9.000000e+02	0	5	3.541659e+01	6.843485e+04	3.621639e-02	0.000000e+00
978	8.000000e+02	7.000000e+02	9.000000e+02	0	5	1.331022e+01	1.572492e+02	3.413273e-02	0.000000e+00
979	9.000000e+02	7.000000e+02	9.000000e+02	0	5	1.936326e+01	3.013993e+03	3.716782e-02	0.000000e+00
980	1.000000e+03	7.000000e+02	9.000000e+02	2	5	1.427596e+01	2.006148e+02	6.250000e-02	0.000000e+00
981	1.000000e+02	8.000000e+02	9.000000e+02	1	5	1.256893e+01	3.418608e+02	4.293970e-02	0.000000e+00
982	2.000000e+02	8.000000e+02	9.000000e+02	0	5	2.516928e+01	8.300115e+03	3.175125e-02	0.000000e+00
983	3.000000e+02	8.000000e+02	9.000000e+02	0	5	4.169907e+01	3.299588e+04	1.926756e-02	0.000000e+00
984	4.000000e+02	8.000000e+02	9.000000e+02	0	5	1.562571e+01	2.869609e+03	3.647264e-02	0.000000e+00
985	5.000000e+02	8.000000e+02	9.000000e+02	0	5	1.495863e+01	1.103369e+03	4.070104e-02	0.000000e+00
986	6.000000e+02	8.000000e+02	9.000000e+02	0	5	2.180357e+01	8.462258e+03	3.992167e-02	0.000000e+00
987	7.000000e+02	8.000000e+02	9.000000e+02	0	5	1.949581e+01	1.453253e+03	3.568057e-02	0.000000e+00
988	8.000000e+02	8.000000e+02	9.000000e+02	0	5	2.664228e+01	1.306685e+04	2.989109e-02	0.000000e+00
989	9.000000e+02	8.000000e+02	9.000000e+02	0	5	1.965615e+01	9.385368e+03	4.113133e-02	0.000000e+00
990	1.000000e+03	8.000000e+02	9.000000e+02	2	5	1.641751e+01	6.225963e+03	3.415772e-02	0.000000e+00
991	1.000000e+02	9.000000e+02	9.000000e+02	1	4	3.523169e+01	2.900475e+04	2.690154e-02	0.000000e+00
992	2.000000e+02	9.000000e+02	9.000000e+02	0	4	1.588707e+01	1.179192e+03	3.469528e-02	0.000000e+00
993	3.000000e+02	9.000000e+02	9.000000e+02	0	4	1.271935e+01	2.252070e+02	3.993125e-02	0.000000e+00
994	4.000000e+02	9.000000e+02	9.000000e+02	0	4	1.916206e+01	4.463165e+03	3.155531e-02	0.000000e+00
995	5.000000e+02	9.000000e+02	9.000000e+02	0	4	1.516983e+01	8.170454e+02	4.393760e-02	0.000000e+00
996	6.000000e+02	9.000000e+02	9.000000e+02	0	4	2.562253e+01	1.725339e+04	4.762235e-02	0.000000e+00
997	7.000000e+02	9.000000e+02	9.000000e+02	0	4	3.202962e+01	2.205039e+04	3.936217e-02	0.000000e+00
998	8.000000e+02	9.000000e+02	9.000000e+02	0	4	1.245021e+01	4.777748e+02	3.756057e-02	0.000000e+00
999	9.000000e+02	9.000000e+02	9.000000e+02	0	4	1.580639e+01	7.725115e+02	4.203080e-02	0.000000e+00
1000	1.000000e+03	9.000000e+02	9.000000e+02	2	4	1.528542e+01	8.439707e+02	4.148426e-02	0.000000e+00
