10 100 100 100 
10 100 200 100 
10 100 300 100 
10 100 400 100 
10 100 500 100 
10 100 600 100 
10 100 700 100 
10 100 800 100 
10 100 900 100 
10 100 1000 100 
10 200 100 100 
10 200 200 100 
10 200 300 100 
10 200 400 100 
10 200 500 100 
10 200 600 100 
10 200 700 100 
10 200 800 100 
10 200 900 100 
10 200 1000 100 
10 300 100 100 
10 300 200 100 
10 300 300 100 
10 300 400 100 
10 300 500 100 
10 300 600 100 
10 300 700 100 
10 300 800 100 
10 300 900 100 
10 300 1000 100 
10 400 100 100 
10 400 200 100 
10 400 300 100 
10 400 400 100 
10 400 500 100 
10 400 600 100 
10 400 700 100 
10 400 800 100 
10 400 900 100 
10 400 1000 100 
10 500 100 100 
10 500 200 100 
10 500 300 100 
10 500 400 100 
10 500 500 100 
10 500 600 100 
10 500 700 100 
10 500 800 100 
10 500 900 100 
10 500 1000 100 
10 600 100 100 
10 600 200 100 
10 600 300 100 
10 600 400 100 
10 600 500 100 
10 600 600 100 
10 600 700 100 
10 600 800 100 
10 600 900 100 
10 600 1000 100 
10 700 100 100 
10 700 200 100 
10 700 300 100 
10 700 400 100 
10 700 500 100 
10 700 600 100 
10 700 700 100 
10 700 800 100 
10 700 900 100 
10 700 1000 100 
10 800 100 100 
10 800 200 100 
10 800 300 100 
10 800 400 100 
10 800 500 100 
10 800 600 100 
10 800 700 100 
10 800 800 100 
10 800 900 100 
10 800 1000 100 
10 900 100 100 
10 900 200 100 
10 900 300 100 
10 900 400 100 
10 900 500 100 
10 900 600 100 
10 900 700 100 
10 900 800 100 
10 900 900 100 
10 900 1000 100 
10 1000 100 100 
10 1000 200 100 
10 1000 300 100 
10 1000 400 100 
10 1000 500 100 
10 1000 600 100 
10 1000 700 100 
10 1000 800 100 
10 1000 900 100 
10 1000 1000 100 
9.43398 100 100 200 
9.43398 100 200 200 
9.43398 100 300 200 
9.43398 100 400 200 
9.43398 100 500 200 
9.43398 100 600 200 
9.43398 100 700 200 
9.43398 100 800 200 
9.43398 100 900 200 
9.43398 100 1000 200 
9.43398 200 100 200 
9.43398 200 200 200 
9.43398 200 300 200 
9.43398 200 400 200 
9.43398 200 500 200 
9.43398 200 600 200 
9.43398 200 700 200 
9.43398 200 800 200 
9.43398 200 900 200 
9.43398 200 1000 200 
9.43398 300 100 200 
9.43398 300 200 200 
9.43398 300 300 200 
9.43398 300 400 200 
9.43398 300 500 200 
9.43398 300 600 200 
9.43398 300 700 200 
9.43398 300 800 200 
9.43398 300 900 200 
9.43398 300 1000 200 
9.43398 400 100 200 
9.43398 400 200 200 
9.43398 400 300 200 
9.43398 400 400 200 
9.43398 400 500 200 
9.43398 400 600 200 
9.43398 400 700 200 
9.43398 400 800 200 
9.43398 400 900 200 
9.43398 400 1000 200 
9.43398 500 100 200 
9.43398 500 200 200 
9.43398 500 300 200 
9.43398 500 400 200 
9.43398 500 500 200 
9.43398 500 600 200 
9.43398 500 700 200 
9.43398 500 800 200 
9.43398 500 900 200 
9.43398 500 1000 200 
9.43398 600 100 200 
9.43398 600 200 200 
9.43398 600 300 200 
9.43398 600 400 200 
9.43398 600 500 200 
9.43398 600 600 200 
9.43398 600 700 200 
9.43398 600 800 200 
9.43398 600 900 200 
9.43398 600 1000 200 
9.43398 700 100 200 
9.43398 700 200 200 
9.43398 700 300 200 
9.43398 700 400 200 
9.43398 700 500 200 
9.43398 700 600 200 
9.43398 700 700 200 
9.43398 700 800 200 
9.43398 700 900 200 
9.43398 700 1000 200 
9.43398 800 100 200 
9.43398 800 200 200 
9.43398 800 300 200 
9.43398 800 400 200 
9.43398 800 500 200 
9.43398 800 600 200 
9.43398 800 700 200 
9.43398 800 800 200 
9.43398 800 900 200 
9.43398 800 1000 200 
9.43398 900 100 200 
9.43398 900 200 200 
9.43398 900 300 200 
9.43398 900 400 200 
9.43398 900 500 200 
9.43398 900 600 200 
9.43398 900 700 200 
9.43398 900 800 200 
9.43398 900 900 200 
9.43398 900 1000 200 
9.43398 1000 100 200 
9.43398 1000 200 200 
9.43398 1000 300 200 
9.43398 1000 400 200 
9.43398 1000 500 200 
9.43398 1000 600 200 
9.43398 1000 700 200 
9.43398 1000 800 200 
9.43398 1000 900 200 
9.43398 1000 1000 200 
8.83176 100 100 300 
8.83176 100 200 300 
8.83176 100 300 300 
8.83176 100 400 300 
8.83176 100 500 300 
8.83176 100 600 300 
8.83176 100 700 300 
8.83176 100 800 300 
8.83176 100 900 300 
8.83176 100 1000 300 
8.83176 200 100 300 
8.83176 200 200 300 
8.83176 200 300 300 
8.83176 200 400 300 
8.83176 200 500 300 
8.83176 200 600 300 
8.83176 200 700 300 
8.83176 200 800 300 
8.83176 200 900 300 
8.83176 200 1000 300 
8.83176 300 100 300 
8.83176 300 200 300 
8.83176 300 300 300 
8.83176 300 400 300 
8.83176 300 500 300 
8.83176 300 600 300 
8.83176 300 700 300 
8.83176 300 800 300 
8.83176 300 900 300 
8.83176 300 1000 300 
8.83176 400 100 300 
8.83176 400 200 300 
8.83176 400 300 300 
8.83176 400 400 300 
8.83176 400 500 300 
8.83176 400 600 300 
8.83176 400 700 300 
8.83176 400 800 300 
8.83176 400 900 300 
8.83176 400 1000 300 
8.83176 500 100 300 
8.83176 500 200 300 
8.83176 500 300 300 
8.83176 500 400 300 
8.83176 500 500 300 
8.83176 500 600 300 
8.83176 500 700 300 
8.83176 500 800 300 
8.83176 500 900 300 
8.83176 500 1000 300 
8.83176 600 100 300 
8.83176 600 200 300 
8.83176 600 300 300 
8.83176 600 400 300 
8.83176 600 500 300 
8.83176 600 600 300 
8.83176 600 700 300 
8.83176 600 800 300 
8.83176 600 900 300 
8.83176 600 1000 300 
8.83176 700 100 300 
8.83176 700 200 300 
8.83176 700 300 300 
8.83176 700 400 300 
8.83176 700 500 300 
8.83176 700 600 300 
8.83176 700 700 300 
8.83176 700 800 300 
8.83176 700 900 300 
8.83176 700 1000 300 
8.83176 800 100 300 
8.83176 800 200 300 
8.83176 800 300 300 
8.83176 800 400 300 
8.83176 800 500 300 
8.83176 800 600 300 
8.83176 800 700 300 
8.83176 800 800 300 
8.83176 800 900 300 
8.83176 800 1000 300 
8.83176 900 100 300 
8.83176 900 200 300 
8.83176 900 300 300 
8.83176 900 400 300 
8.83176 900 500 300 
8.83176 900 600 300 
8.83176 900 700 300 
8.83176 900 800 300 
8.83176 900 900 300 
8.83176 900 1000 300 
8.83176 1000 100 300 
8.83176 1000 200 300 
8.83176 1000 300 300 
8.83176 1000 400 300 
8.83176 1000 500 300 
8.83176 1000 600 300 
8.83176 1000 700 300 
8.83176 1000 800 300 
8.83176 1000 900 300 
8.83176 1000 1000 300 
8.18535 100 100 400 
8.18535 100 200 400 
8.18535 100 300 400 
8.18535 100 400 400 
8.18535 100 500 400 
8.18535 100 600 400 
8.18535 100 700 400 
8.18535 100 800 400 
8.18535 100 900 400 
8.18535 100 1000 400 
8.18535 200 100 400 
8.18535 200 200 400 
8.18535 200 300 400 
8.18535 200 400 400 
8.18535 200 500 400 
8.18535 200 600 400 
8.18535 200 700 400 
8.18535 200 800 400 
8.18535 200 900 400 
8.18535 200 1000 400 
8.18535 300 100 400 
8.18535 300 200 400 
8.18535 300 300 400 
8.18535 300 400 400 
8.18535 300 500 400 
8.18535 300 600 400 
8.18535 300 700 400 
8.18535 300 800 400 
8.18535 300 900 400 
8.18535 300 1000 400 
8.18535 400 100 400 
8.18535 400 200 400 
8.18535 400 300 400 
8.18535 400 400 400 
8.18535 400 500 400 
8.18535 400 600 400 
8.18535 400 700 400 
8.18535 400 800 400 
8.18535 400 900 400 
8.18535 400 1000 400 
8.18535 500 100 400 
8.18535 500 200 400 
8.18535 500 300 400 
8.18535 500 400 400 
8.18535 500 500 400 
8.18535 500 600 400 
8.18535 500 700 400 
8.18535 500 800 400 
8.18535 500 900 400 
8.18535 500 1000 400 
8.18535 600 100 400 
8.18535 600 200 400 
8.18535 600 300 400 
8.18535 600 400 400 
8.18535 600 500 400 
8.18535 600 600 400 
8.18535 600 700 400 
8.18535 600 800 400 
8.18535 600 900 400 
8.18535 600 1000 400 
8.18535 700 100 400 
8.18535 700 200 400 
8.18535 700 300 400 
8.18535 700 400 400 
8.18535 700 500 400 
8.18535 700 600 400 
8.18535 700 700 400 
8.18535 700 800 400 
8.18535 700 900 400 
8.18535 700 1000 400 
8.18535 800 100 400 
8.18535 800 200 400 
8.18535 800 300 400 
8.18535 800 400 400 
8.18535 800 500 400 
8.18535 800 600 400 
8.18535 800 700 400 
8.18535 800 800 400 
8.18535 800 900 400 
8.18535 800 1000 400 
8.18535 900 100 400 
8.18535 900 200 400 
8.18535 900 300 400 
8.18535 900 400 400 
8.18535 900 500 400 
8.18535 900 600 400 
8.18535 900 700 400 
8.18535 900 800 400 
8.18535 900 900 400 
8.18535 900 1000 400 
8.18535 1000 100 400 
8.18535 1000 200 400 
8.18535 1000 300 400 
8.18535 1000 400 400 
8.18535 1000 500 400 
8.18535 1000 600 400 
8.18535 1000 700 400 
8.18535 1000 800 400 
8.18535 1000 900 400 
8.18535 1000 1000 400 
7.48331 100 100 500 
7.48331 100 200 500 
7.48331 100 300 500 
7.48331 100 400 500 
7.48331 100 500 500 
7.48331 100 600 500 
7.48331 100 700 500 
7.48331 100 800 500 
7.48331 100 900 500 
7.48331 100 1000 500 
7.48331 200 100 500 
7.48331 200 200 500 
7.48331 200 300 500 
7.48331 200 400 500 
7.48331 200 500 500 
7.48331 200 600 500 
7.48331 200 700 500 
7.48331 200 800 500 
7.48331 200 900 500 
7.48331 200 1000 500 
7.48331 300 100 500 
7.48331 300 200 500 
7.48331 300 300 500 
7.48331 300 400 500 
7.48331 300 500 500 
7.48331 300 600 500 
7.48331 300 700 500 
7.48331 300 800 500 
7.48331 300 900 500 
7.48331 300 1000 500 
7.48331 400 100 500 
7.48331 400 200 500 
7.48331 400 300 500 
7.48331 400 400 500 
7.48331 400 500 500 
7.48331 400 600 500 
7.48331 400 700 500 
7.48331 400 800 500 
7.48331 400 900 500 
7.48331 400 1000 500 
7.48331 500 100 500 
7.48331 500 200 500 
7.48331 500 300 500 
7.48331 500 400 500 
7.48331 500 500 500 
7.48331 500 600 500 
7.48331 500 700 500 
7.48331 500 800 500 
7.48331 500 900 500 
7.48331 500 1000 500 
7.48331 600 100 500 
7.48331 600 200 500 
7.48331 600 300 500 
7.48331 600 400 500 
7.48331 600 500 500 
7.48331 600 600 500 
7.48331 600 700 500 
7.48331 600 800 500 
7.48331 600 900 500 
7.48331 600 1000 500 
7.48331 700 100 500 
7.48331 700 200 500 
7.48331 700 300 500 
7.48331 700 400 500 
7.48331 700 500 500 
7.48331 700 600 500 
7.48331 700 700 500 
7.48331 700 800 500 
7.48331 700 900 500 
7.48331 700 1000 500 
7.48331 800 100 500 
7.48331 800 200 500 
7.48331 800 300 500 
7.48331 800 400 500 
7.48331 800 500 500 
7.48331 800 600 500 
7.48331 800 700 500 
7.48331 800 800 500 
7.48331 800 900 500 
7.48331 800 1000 500 
7.48331 900 100 500 
7.48331 900 200 500 
7.48331 900 300 500 
7.48331 900 400 500 
7.48331 900 500 500 
7.48331 900 600 500 
7.48331 900 700 500 
7.48331 900 800 500 
7.48331 900 900 500 
7.48331 900 1000 500 
7.48331 1000 100 500 
7.48331 1000 200 500 
7.48331 1000 300 500 
7.48331 1000 400 500 
7.48331 1000 500 500 
7.48331 1000 600 500 
7.48331 1000 700 500 
7.48331 1000 800 500 
7.48331 1000 900 500 
7.48331 1000 1000 500 
6.7082 100 100 600 
6.7082 100 200 600 
6.7082 100 300 600 
6.7082 100 400 600 
6.7082 100 500 600 
6.7082 100 600 600 
6.7082 100 700 600 
6.7082 100 800 600 
6.7082 100 900 600 
6.7082 100 1000 600 
6.7082 200 100 600 
6.7082 200 200 600 
6.7082 200 300 600 
6.7082 200 400 600 
6.7082 200 500 600 
6.7082 200 600 600 
6.7082 200 700 600 
6.7082 200 800 600 
6.7082 200 900 600 
6.7082 200 1000 600 
6.7082 300 100 600 
6.7082 300 200 600 
6.7082 300 300 600 
6.7082 300 400 600 
6.7082 300 500 600 
6.7082 300 600 600 
6.7082 300 700 600 
6.7082 300 800 600 
6.7082 300 900 600 
6.7082 300 1000 600 
6.7082 400 100 600 
6.7082 400 200 600 
6.7082 400 300 600 
6.7082 400 400 600 
6.7082 400 500 600 
6.7082 400 600 600 
6.7082 400 700 600 
6.7082 400 800 600 
6.7082 400 900 600 
6.7082 400 1000 600 
6.7082 500 100 600 
6.7082 500 200 600 
6.7082 500 300 600 
6.7082 500 400 600 
6.7082 500 500 600 
6.7082 500 600 600 
6.7082 500 700 600 
6.7082 500 800 600 
6.7082 500 900 600 
6.7082 500 1000 600 
6.7082 600 100 600 
6.7082 600 200 600 
6.7082 600 300 600 
6.7082 600 400 600 
6.7082 600 500 600 
6.7082 600 600 600 
6.7082 600 700 600 
6.7082 600 800 600 
6.7082 600 900 600 
6.7082 600 1000 600 
6.7082 700 100 600 
6.7082 700 200 600 
6.7082 700 300 600 
6.7082 700 400 600 
6.7082 700 500 600 
6.7082 700 600 600 
6.7082 700 700 600 
6.7082 700 800 600 
6.7082 700 900 600 
6.7082 700 1000 600 
6.7082 800 100 600 
6.7082 800 200 600 
6.7082 800 300 600 
6.7082 800 400 600 
6.7082 800 500 600 
6.7082 800 600 600 
6.7082 800 700 600 
6.7082 800 800 600 
6.7082 800 900 600 
6.7082 800 1000 600 
6.7082 900 100 600 
6.7082 900 200 600 
6.7082 900 300 600 
6.7082 900 400 600 
6.7082 900 500 600 
6.7082 900 600 600 
6.7082 900 700 600 
6.7082 900 800 600 
6.7082 900 900 600 
6.7082 900 1000 600 
6.7082 1000 100 600 
6.7082 1000 200 600 
6.7082 1000 300 600 
6.7082 1000 400 600 
6.7082 1000 500 600 
6.7082 1000 600 600 
6.7082 1000 700 600 
6.7082 1000 800 600 
6.7082 1000 900 600 
6.7082 1000 1000 600 
5.83095 100 100 700 
5.83095 100 200 700 
5.83095 100 300 700 
5.83095 100 400 700 
5.83095 100 500 700 
5.83095 100 600 700 
5.83095 100 700 700 
5.83095 100 800 700 
5.83095 100 900 700 
5.83095 100 1000 700 
5.83095 200 100 700 
5.83095 200 200 700 
5.83095 200 300 700 
5.83095 200 400 700 
5.83095 200 500 700 
5.83095 200 600 700 
5.83095 200 700 700 
5.83095 200 800 700 
5.83095 200 900 700 
5.83095 200 1000 700 
5.83095 300 100 700 
5.83095 300 200 700 
5.83095 300 300 700 
5.83095 300 400 700 
5.83095 300 500 700 
5.83095 300 600 700 
5.83095 300 700 700 
5.83095 300 800 700 
5.83095 300 900 700 
5.83095 300 1000 700 
5.83095 400 100 700 
5.83095 400 200 700 
5.83095 400 300 700 
5.83095 400 400 700 
5.83095 400 500 700 
5.83095 400 600 700 
5.83095 400 700 700 
5.83095 400 800 700 
5.83095 400 900 700 
5.83095 400 1000 700 
5.83095 500 100 700 
5.83095 500 200 700 
5.83095 500 300 700 
5.83095 500 400 700 
5.83095 500 500 700 
5.83095 500 600 700 
5.83095 500 700 700 
5.83095 500 800 700 
5.83095 500 900 700 
5.83095 500 1000 700 
5.83095 600 100 700 
5.83095 600 200 700 
5.83095 600 300 700 
5.83095 600 400 700 
5.83095 600 500 700 
5.83095 600 600 700 
5.83095 600 700 700 
5.83095 600 800 700 
5.83095 600 900 700 
5.83095 600 1000 700 
5.83095 700 100 700 
5.83095 700 200 700 
5.83095 700 300 700 
5.83095 700 400 700 
5.83095 700 500 700 
5.83095 700 600 700 
5.83095 700 700 700 
5.83095 700 800 700 
5.83095 700 900 700 
5.83095 700 1000 700 
5.83095 800 100 700 
5.83095 800 200 700 
5.83095 800 300 700 
5.83095 800 400 700 
5.83095 800 500 700 
5.83095 800 600 700 
5.83095 800 700 700 
5.83095 800 800 700 
5.83095 800 900 700 
5.83095 800 1000 700 
5.83095 900 100 700 
5.83095 900 200 700 
5.83095 900 300 700 
5.83095 900 400 700 
5.83095 900 500 700 
5.83095 900 600 700 
5.83095 900 700 700 
5.83095 900 800 700 
5.83095 900 900 700 
5.83095 900 1000 700 
5.83095 1000 100 700 
5.83095 1000 200 700 
5.83095 1000 300 700 
5.83095 1000 400 700 
5.83095 1000 500 700 
5.83095 1000 600 700 
5.83095 1000 700 700 
5.83095 1000 800 700 
5.83095 1000 900 700 
5.83095 1000 1000 700 
4.79583 100 100 800 
4.79583 100 200 800 
4.79583 100 300 800 
4.79583 100 400 800 
4.79583 100 500 800 
4.79583 100 600 800 
4.79583 100 700 800 
4.79583 100 800 800 
4.79583 100 900 800 
4.79583 100 1000 800 
4.79583 200 100 800 
4.79583 200 200 800 
4.79583 200 300 800 
4.79583 200 400 800 
4.79583 200 500 800 
4.79583 200 600 800 
4.79583 200 700 800 
4.79583 200 800 800 
4.79583 200 900 800 
4.79583 200 1000 800 
4.79583 300 100 800 
4.79583 300 200 800 
4.79583 300 300 800 
4.79583 300 400 800 
4.79583 300 500 800 
4.79583 300 600 800 
4.79583 300 700 800 
4.79583 300 800 800 
4.79583 300 900 800 
4.79583 300 1000 800 
4.79583 400 100 800 
4.79583 400 200 800 
4.79583 400 300 800 
4.79583 400 400 800 
4.79583 400 500 800 
4.79583 400 600 800 
4.79583 400 700 800 
4.79583 400 800 800 
4.79583 400 900 800 
4.79583 400 1000 800 
4.79583 500 100 800 
4.79583 500 200 800 
4.79583 500 300 800 
4.79583 500 400 800 
4.79583 500 500 800 
4.79583 500 600 800 
4.79583 500 700 800 
4.79583 500 800 800 
4.79583 500 900 800 
4.79583 500 1000 800 
4.79583 600 100 800 
4.79583 600 200 800 
4.79583 600 300 800 
4.79583 600 400 800 
4.79583 600 500 800 
4.79583 600 600 800 
4.79583 600 700 800 
4.79583 600 800 800 
4.79583 600 900 800 
4.79583 600 1000 800 
4.79583 700 100 800 
4.79583 700 200 800 
4.79583 700 300 800 
4.79583 700 400 800 
4.79583 700 500 800 
4.79583 700 600 800 
4.79583 700 700 800 
4.79583 700 800 800 
4.79583 700 900 800 
4.79583 700 1000 800 
4.79583 800 100 800 
4.79583 800 200 800 
4.79583 800 300 800 
4.79583 800 400 800 
4.79583 800 500 800 
4.79583 800 600 800 
4.79583 800 700 800 
4.79583 800 800 800 
4.79583 800 900 800 
4.79583 800 1000 800 
4.79583 900 100 800 
4.79583 900 200 800 
4.79583 900 300 800 
4.79583 900 400 800 
4.79583 900 500 800 
4.79583 900 600 800 
4.79583 900 700 800 
4.79583 900 800 800 
4.79583 900 900 800 
4.79583 900 1000 800 
4.79583 1000 100 800 
4.79583 1000 200 800 
4.79583 1000 300 800 
4.79583 1000 400 800 
4.79583 1000 500 800 
4.79583 1000 600 800 
4.79583 1000 700 800 
4.79583 1000 800 800 
4.79583 1000 900 800 
4.79583 1000 1000 800 
3.4641 100 100 900 
3.4641 100 200 900 
3.4641 100 300 900 
3.4641 100 400 900 
3.4641 100 500 900 
3.4641 100 600 900 
3.4641 100 700 900 
3.4641 100 800 900 
3.4641 100 900 900 
3.4641 100 1000 900 
3.4641 200 100 900 
3.4641 200 200 900 
3.4641 200 300 900 
3.4641 200 400 900 
3.4641 200 500 900 
3.4641 200 600 900 
3.4641 200 700 900 
3.4641 200 800 900 
3.4641 200 900 900 
3.4641 200 1000 900 
3.4641 300 100 900 
3.4641 300 200 900 
3.4641 300 300 900 
3.4641 300 400 900 
3.4641 300 500 900 
3.4641 300 600 900 
3.4641 300 700 900 
3.4641 300 800 900 
3.4641 300 900 900 
3.4641 300 1000 900 
3.4641 400 100 900 
3.4641 400 200 900 
3.4641 400 300 900 
3.4641 400 400 900 
3.4641 400 500 900 
3.4641 400 600 900 
3.4641 400 700 900 
3.4641 400 800 900 
3.4641 400 900 900 
3.4641 400 1000 900 
3.4641 500 100 900 
3.4641 500 200 900 
3.4641 500 300 900 
3.4641 500 400 900 
3.4641 500 500 900 
3.4641 500 600 900 
3.4641 500 700 900 
3.4641 500 800 900 
3.4641 500 900 900 
3.4641 500 1000 900 
3.4641 600 100 900 
3.4641 600 200 900 
3.4641 600 300 900 
3.4641 600 400 900 
3.4641 600 500 900 
3.4641 600 600 900 
3.4641 600 700 900 
3.4641 600 800 900 
3.4641 600 900 900 
3.4641 600 1000 900 
3.4641 700 100 900 
3.4641 700 200 900 
3.4641 700 300 900 
3.4641 700 400 900 
3.4641 700 500 900 
3.4641 700 600 900 
3.4641 700 700 900 
3.4641 700 800 900 
3.4641 700 900 900 
3.4641 700 1000 900 
3.4641 800 100 900 
3.4641 800 200 900 
3.4641 800 300 900 
3.4641 800 400 900 
3.4641 800 500 900 
3.4641 800 600 900 
3.4641 800 700 900 
3.4641 800 800 900 
3.4641 800 900 900 
3.4641 800 1000 900 
3.4641 900 100 900 
3.4641 900 200 900 
3.4641 900 300 900 
3.4641 900 400 900 
3.4641 900 500 900 
3.4641 900 600 900 
3.4641 900 700 900 
3.4641 900 800 900 
3.4641 900 900 900 
3.4641 900 1000 900 
3.4641 1000 100 900 
3.4641 1000 200 900 
3.4641 1000 300 900 
3.4641 1000 400 900 
3.4641 1000 500 900 
3.4641 1000 600 900 
3.4641 1000 700 900 
3.4641 1000 800 900 
3.4641 1000 900 900 
3.4641 1000 1000 900 
1 100 100 1000 
1 100 200 1000 
1 100 300 1000 
1 100 400 1000 
1 100 500 1000 
1 100 600 1000 
1 100 700 1000 
1 100 800 1000 
1 100 900 1000 
1 100 1000 1000 
1 200 100 1000 
1 200 200 1000 
1 200 300 1000 
1 200 400 1000 
1 200 500 1000 
1 200 600 1000 
1 200 700 1000 
1 200 800 1000 
1 200 900 1000 
1 200 1000 1000 
1 300 100 1000 
1 300 200 1000 
1 300 300 1000 
1 300 400 1000 
1 300 500 1000 
1 300 600 1000 
1 300 700 1000 
1 300 800 1000 
1 300 900 1000 
1 300 1000 1000 
1 400 100 1000 
1 400 200 1000 
1 400 300 1000 
1 400 400 1000 
1 400 500 1000 
1 400 600 1000 
1 400 700 1000 
1 400 800 1000 
1 400 900 1000 
1 400 1000 1000 
1 500 100 1000 
1 500 200 1000 
1 500 300 1000 
1 500 400 1000 
1 500 500 1000 
1 500 600 1000 
1 500 700 1000 
1 500 800 1000 
1 500 900 1000 
1 500 1000 1000 
1 600 100 1000 
1 600 200 1000 
1 600 300 1000 
1 600 400 1000 
1 600 500 1000 
1 600 600 1000 
1 600 700 1000 
1 600 800 1000 
1 600 900 1000 
1 600 1000 1000 
1 700 100 1000 
1 700 200 1000 
1 700 300 1000 
1 700 400 1000 
1 700 500 1000 
1 700 600 1000 
1 700 700 1000 
1 700 800 1000 
1 700 900 1000 
1 700 1000 1000 
1 800 100 1000 
1 800 200 1000 
1 800 300 1000 
1 800 400 1000 
1 800 500 1000 
1 800 600 1000 
1 800 700 1000 
1 800 800 1000 
1 800 900 1000 
1 800 1000 1000 
1 900 100 1000 
1 900 200 1000 
1 900 300 1000 
1 900 400 1000 
1 900 500 1000 
1 900 600 1000 
1 900 700 1000 
1 900 800 1000 
1 900 900 1000 
1 900 1000 1000 
1 1000 100 1000 
1 1000 200 1000 
1 1000 300 1000 
1 1000 400 1000 
1 1000 500 1000 
1 1000 600 1000 
1 1000 700 1000 
1 1000 800 1000 
1 1000 900 1000 
1 1000 1000 1000 
