14.764353
10.434614
27.003831
47.704941
24.631186
28.319933
10.283286
28.438290
78.317825
63.368088
48.241422
12.661728
70.000826
64.300177
14.291822
38.906504
10.457587
12.881863
19.740092
14.073642
51.468241
58.833189
20.964859
19.842604
12.741789
12.002284
46.430020
36.224954
11.289388
27.980136
23.676146
62.960201
46.960455
36.423908
32.707999
79.681676
87.155474
20.673442
16.770214
55.992108
11.487235
21.877192
11.645988
19.866666
11.655064
18.672265
55.196939
71.900588
55.511784
33.381516
37.546630
21.731651
14.406560
25.489673
48.549470
11.467367
10.463275
52.820627
19.061708
45.256894
48.748995
76.689969
23.608148
21.591067
57.290516
52.107711
40.671082
57.864843
39.755689
81.274762
20.490185
49.139820
79.819814
20.511573
37.189781
21.926414
26.906986
11.772181
10.431613
51.545498
26.406073
38.108397
49.326235
24.550314
22.017610
14.413091
55.668811
60.844920
48.699665
67.045454
40.267096
44.749918
15.172735
52.476089
20.499286
25.583456
19.845624
33.851914
41.216537
34.388697
19.816769
16.005139
62.523136
19.151778
25.597758
12.197326
19.103467
12.047546
20.924200
46.079078
84.540631
38.307586
17.856518
41.037654
38.456020
59.829001
31.415747
72.867953
24.385249
18.505153
30.437989
74.827675
47.596682
28.840237
29.062923
40.325829
26.125828
32.585056
83.978076
76.601338
61.917481
13.170918
33.001559
21.961819
72.982859
19.627375
76.304698
16.715600
24.641032
81.762975
35.907190
76.553525
31.766808
16.351785
46.454411
30.606481
29.565098
13.440862
13.686629
76.096520
81.007573
82.933494
21.561242
11.051665
32.817191
48.927552
40.266218
11.222449
16.521824
45.731858
11.274975
62.746733
87.661572
17.056182
11.251282
85.707458
52.427143
26.487475
27.887888
73.618822
21.471419
11.228466
37.379559
19.580001
43.340801
79.464444
21.689842
17.027045
11.222912
60.653972
11.858520
80.264339
45.758521
72.938047
58.322912
15.098371
14.626945
82.040729
18.703097
55.260790
14.467593
19.026743
42.577973
17.078757
50.655809
67.662497
19.909232
19.011250
10.624119
24.760730
11.531129
34.321555
43.954199
33.853098
36.555765
36.233353
71.440365
31.235932
64.930026
21.295616
13.560996
16.138113
55.594650
16.409378
53.057169
71.471921
32.148378
13.636847
38.163489
22.582277
72.414040
16.198932
16.571471
28.134352
28.818047
15.003174
22.335152
42.083076
27.429389
11.388889
24.375039
24.401178
26.116533
10.534385
18.035886
79.929241
68.252659
78.114968
51.457930
25.367464
77.526146
19.090526
35.730612
35.285195
25.736752
17.149891
20.342645
39.816985
18.425546
21.035156
21.392532
20.098149
60.222614
32.245490
10.409486
49.505504
29.356047
53.820642
28.880538
19.508930
61.719985
14.547003
18.201329
28.242349
64.703126
12.839620
20.701402
31.317505
43.035616
12.565423
51.044281
33.030087
30.316234
22.648491
19.667888
69.450056
88.658350
14.605387
15.784334
41.978105
52.116099
59.464186
19.163241
15.703557
11.710365
22.430422
33.429611
66.621908
10.747707
12.151071
40.718371
42.375401
13.088530
12.328396
10.629759
40.326878
18.262731
16.810280
41.749646
13.000636
31.600374
12.184433
11.538697
42.116572
55.385757
26.958154
23.699879
45.295386
11.798685
18.201574
71.878290
79.654004
10.873576
10.067251
52.505754
26.356357
51.867603
39.822541
26.136739
46.148519
36.619452
10.349385
27.172145
68.094408
53.989387
40.877780
38.004260
58.611273
18.715236
23.296805
38.764260
59.192857
19.952378
14.396091
17.969266
25.639138
12.384318
38.568420
70.421463
20.856752
81.069311
24.600935
31.554815
85.101366
46.153888
29.567392
50.961500
27.593667
47.350268
16.154388
11.820509
36.194577
30.745811
26.857833
12.902409
76.986796
12.743909
83.237488
19.813895
18.339690
77.982277
81.885826
45.206609
80.849332
14.597980
64.224474
37.725372
18.884142
35.981018
12.676892
55.432696
39.726354
12.615546
16.061833
18.731149
27.617806
16.442426
18.964801
32.644434
13.747483
50.820529
26.282606
23.951820
34.234273
14.066763
69.615039
12.838164
32.338384
82.738846
13.519263
45.022032
84.789218
89.098082
21.104354
38.352604
78.423277
38.250240
66.663214
44.899366
10.838266
21.005244
69.988310
27.328551
25.366264
19.264535
14.128812
42.148055
23.358297
68.110373
10.987495
66.899166
12.222497
59.538987
26.705295
49.350808
26.300573
14.092475
79.509561
39.778576
15.896560
35.987398
15.721327
23.689306
35.886793
37.079558
12.639958
15.158097
26.718038
30.251954
64.313484
34.476194
57.937333
22.115887
15.001889
18.256299
10.560469
21.854609
39.176486
62.100019
16.589337
45.719964
50.720663
44.273628
82.430573
34.712302
25.891396
31.626641
10.104692
10.148097
28.820916
22.442893
13.397503
21.400956
39.689653
30.686397
23.411462
52.760920
11.232710
68.750212
43.109836
24.593526
44.323742
77.844968
40.869778
42.099039
45.350340
73.649672
69.260220
18.243519
10.502026
18.183439
21.849749
17.043627
26.664079
77.614654
15.054250
22.678899
60.845517
13.285116
21.314054
32.602877
52.680292
64.997266
17.356394
80.297623
25.414138
13.282493
14.105868
25.551122
57.979079
11.619828
15.988120
56.667680
59.518280
15.401839
11.302974
40.797689
55.677602
11.145626
30.674794
13.596028
36.328979
12.763228
13.305765
31.883454
79.285013
10.644334
12.409390
15.465671
58.356321
16.784924
17.960295
25.118063
64.248971
18.278740
27.500001
27.691862
29.193656
26.019093
57.099259
15.397587
29.496677
13.284066
66.436152
24.882599
89.574232
41.633494
15.535843
75.249294
18.805284
39.425528
52.189314
12.514038
14.886836
24.974174
21.597319
19.719772
17.890858
21.689112
86.095146
26.729708
26.696708
17.154929
15.064731
17.410354
68.671791
68.766323
14.466294
23.422119
34.753909
32.786112
15.447655
11.438610
56.017082
13.250025
23.466423
51.851109
43.699635
24.015636
56.356477
88.547036
27.989540
68.563406
30.561564
23.008723
87.755404
52.992330
13.410893
31.921389
22.568220
28.939039
51.090089
20.647289
36.347064
16.711535
25.869941
69.240829
48.991185
21.797240
18.199364
36.497545
27.694895
87.338422
18.905140
74.539578
16.580156
56.618815
65.529557
15.040021
25.906873
46.252561
24.204167
12.626359
52.466576
28.393002
14.898547
11.182911
30.547753
18.753749
58.171245
14.062525
10.364608
72.283148
24.501173
63.786099
33.999087
67.918831
77.679689
12.012321
18.231138
14.855802
81.115871
44.618170
75.396535
86.859630
55.406787
66.869867
78.131498
37.006372
59.020950
84.647114
27.485410
15.961501
41.827495
11.283234
19.449780
22.450477
57.075071
10.537155
19.966919
19.336151
41.566828
67.049197
28.020773
62.383628
24.734493
29.370454
19.940007
15.273887
69.449924
36.447161
17.815377
31.758498
23.837023
10.836939
44.818273
65.913102
36.956059
13.768593
24.593749
15.520313
14.453268
18.832458
70.336562
62.247921
55.638823
75.822123
12.637781
16.038824
10.992181
10.091180
39.668165
24.024593
33.651384
66.044842
18.527802
16.940232
59.240478
10.557134
75.450384
21.071317
10.756548
15.966405
11.922918
62.500424
11.286066
11.234570
37.461201
15.732851
20.520283
54.728221
24.906539
48.178811
18.339624
13.285718
11.595776
61.597997
13.031394
11.862573
14.047845
30.603307
43.996403
28.851555
37.941846
29.044389
49.814611
36.540546
14.627542
20.582389
88.554905
26.175733
42.952540
14.518515
42.796327
44.941298
14.142497
78.236641
23.306599
21.032288
42.996388
74.437415
61.571331
33.397420
11.256699
28.346728
37.937434
61.344316
15.472511
27.148399
39.661411
43.980480
11.063181
67.141674
12.796424
63.852283
65.284643
37.271867
31.918527
21.188629
23.027922
74.672063
41.134387
27.097317
21.604722
88.947429
77.211111
75.107481
75.392414
21.513623
60.963772
43.996498
73.177448
48.846587
60.847833
56.472781
34.616697
44.797490
11.787739
22.831251
57.049336
12.237516
20.325635
38.396842
26.258663
11.704586
14.475794
41.887756
32.403376
35.365724
72.135683
76.695158
18.819611
68.558929
30.723232
39.817280
12.454349
23.668266
79.613153
77.839662
24.374384
16.997536
81.758780
29.315870
79.405033
10.799888
35.805373
18.342557
10.085928
28.497905
79.527364
26.745142
15.853302
45.045416
67.112313
51.556537
17.141588
53.741479
53.677280
26.837205
51.004107
10.830397
15.584078
22.969248
75.652376
44.727458
42.122072
59.491357
47.424596
11.462292
69.723061
51.868060
15.921771
35.854100
26.356281
10.654304
56.716967
20.945310
38.505161
59.157236
76.280370
30.936341
26.163071
10.215403
12.779933
47.846026
14.850340
30.971296
14.330151
55.633411
15.743345
52.847097
25.945799
50.354873
21.618880
82.740402
29.388803
23.903196
24.351748
19.235432
42.441235
14.561110
13.958674
82.493439
15.730182
57.807386
11.976889
35.828871
12.573036
21.684150
20.510939
37.295025
10.088608
18.145748
51.747343
51.452749
55.144325
34.486224
50.926891
25.411819
19.696127
57.964897
23.438203
13.326801
80.845829
13.214125
52.384907
15.691938
64.485641
38.216710
78.700953
36.537150
62.125682
28.957024
69.400916
24.039444
75.870429
40.116195
74.474355
10.980270
21.892358
71.281766
17.800287
32.092264
24.594546
10.220976
10.942973
28.614629
22.526534
68.997413
20.202066
14.069699
12.965728
24.162063
86.764792
70.581725
31.520745
30.469947
37.959671
49.678010
11.299033
77.643556
67.012017
27.219755
20.652785
31.196452
29.462492
19.792443
13.107286
47.760195
69.368079
40.439012
18.674814
25.518014
15.003383
77.445710
17.158790
21.330395
40.255753
48.970710
26.317560
13.473129
24.097585
58.602238
18.256367
24.023999
18.012538
22.102842
20.564129
27.896890
60.303252
58.593898
14.524677
16.668432
20.932747
43.229820
48.855577
48.857506
15.941595
16.179394
87.340290
35.331729
51.800289
15.536233
37.785997
18.818569
28.304764
25.899454
64.610486
21.654883
49.203929
19.407789
36.687533
64.165787
16.537401
24.507540
85.146859
60.021394
68.314820
36.353761
22.305576
13.604945
65.531195
12.828416
76.769543
76.026563
79.749770
53.897079
41.488297
23.016398
60.682769
34.785125
29.977809
13.401005
12.946250
42.668577
13.508907
45.358510
25.420339
13.211251
33.340044
55.261407
87.824160
17.062544
23.170525
28.263574
28.414077
16.624151
20.313313
12.141362
34.142207
89.238423
13.092449
47.217255
31.003485
20.227997
20.445385
87.068602
12.655167
35.377440
31.645494
78.663142
15.514060
10.668029
68.764751
20.107634
24.067218
12.968794
16.287175
16.279710
43.350306
