      1   1.297211e-13   2.531086e-05   6.250000e-02   1.310315e-15
      2   1.138174e-13   2.032547e-05   3.688783e-02   1.149671e-15
      3   4.657993e-13   2.950770e-05   2.757891e-02   4.705044e-15
      4   8.240173e-13   2.917815e-05   1.507325e-02   8.323408e-15
      5   1.479737e-13   2.236926e-05   3.782163e-02   1.494684e-15
      6   3.423434e-13   2.533270e-05   2.374393e-02   3.458014e-15
      7   4.006376e-13   2.717123e-05   2.503491e-02   4.046844e-15
      8   2.275439e-13   2.383238e-05   2.974452e-02   2.298424e-15
      9   1.920088e-13   2.059390e-05   2.274390e-02   1.939483e-15
     10   3.301047e-13   2.267408e-05   1.765661e-02   3.334391e-15
     11   6.156853e-14   2.139897e-05   7.957747e-02   6.219043e-16
     12   1.279998e-13   2.519841e-05   6.250000e-02   1.292927e-15
     13   2.462551e-13   2.776203e-05   4.344486e-02   2.487425e-15
     14   7.082028e-13   3.227164e-05   2.372877e-02   7.153564e-15
     15   1.883874e-13   2.304034e-05   3.246270e-02   1.902903e-15
     16   3.944239e-14   1.701993e-05   6.250000e-02   3.984080e-16
     17   5.193219e-14   2.021866e-05   7.957747e-02   5.245676e-16
     18   3.869095e-13   2.091846e-05   1.182905e-02   3.908177e-15
     19   7.396596e-14   2.274839e-05   7.957747e-02   7.471309e-16
     20   2.587434e-13   2.683767e-05   3.735381e-02   2.613570e-15
     21   6.047825e-13   3.656758e-05   4.042588e-02   6.108914e-15
     22   2.778805e-13   2.397655e-05   2.480116e-02   2.806873e-15
     23   2.394404e-13   2.639545e-05   3.840252e-02   2.418590e-15
     24   2.984616e-13   3.341433e-05   6.250000e-02   3.014763e-15
     25   3.239761e-13   2.305953e-05   1.892379e-02   3.272486e-15
     26   9.109911e-14   1.864256e-05   3.556085e-02   9.201931e-16
     27   1.656026e-13   2.423700e-05   4.298722e-02   1.672754e-15
     28   6.926558e-14   2.053411e-05   6.250000e-02   6.996524e-16
     29   1.001548e-12   2.846766e-05   1.151738e-02   1.011664e-14
     30   1.680977e-13   2.009209e-05   2.412590e-02   1.697957e-15
     31   2.055628e-13   2.484194e-05   3.728911e-02   2.076392e-15
     32   1.256198e-13   2.019800e-05   3.279722e-02   1.268886e-15
     33   1.055568e-13   2.153104e-05   4.728018e-02   1.066230e-15
     34   1.095654e-13   2.166147e-05   4.638313e-02   1.106721e-15
     35   4.960090e-13   3.163796e-05   3.192315e-02   5.010192e-15
     36   4.609170e-13   2.496991e-05   1.688878e-02   4.655728e-15
     37   8.655801e-13   3.040132e-05   1.623080e-02   8.743233e-15
     38   1.496914e-13   2.654823e-05   6.250000e-02   1.512035e-15
     39   4.344320e-13   2.887861e-05   2.771896e-02   4.388202e-15
     40   1.027978e-12   3.151083e-05   1.521828e-02   1.038362e-14
     41   3.559047e-13   3.107162e-05   4.214325e-02   3.594997e-15
     42   8.235557e-14   1.795102e-05   3.511920e-02   8.318744e-16
     43   1.535115e-13   2.369005e-05   4.330390e-02   1.550621e-15
     44   3.595391e-13   2.767807e-05   2.948704e-02   3.631708e-15
     45   7.583605e-13   3.633467e-05   3.162700e-02   7.660207e-15
     46   3.922192e-13   2.911430e-05   3.146011e-02   3.961810e-15
     47   8.010998e-13   2.831420e-05   1.416760e-02   8.091917e-15
     48   6.898112e-14   2.050596e-05   6.250000e-02   6.967790e-16
     49   6.536442e-13   2.890554e-05   1.847447e-02   6.602466e-15
     50   2.337262e-13   3.079918e-05   6.250000e-02   2.360871e-15
     51   1.948615e-13   2.898758e-05   6.250000e-02   1.968298e-15
     52   4.009716e-13   3.031835e-05   3.475147e-02   4.050218e-15
     53   1.390561e-13   2.325552e-05   4.522288e-02   1.404607e-15
     54   1.742990e-13   2.439846e-05   4.166414e-02   1.760596e-15
     55   3.417694e-13   2.904973e-05   3.586436e-02   3.452216e-15
     56   3.279819e-13   2.658065e-05   2.862971e-02   3.312948e-15
     57   1.129329e-13   2.416815e-05   6.250000e-02   1.140736e-15
     58   1.204659e-13   2.148285e-05   4.115112e-02   1.216827e-15
     59   4.333408e-13   2.919744e-05   2.871937e-02   4.377180e-15
     60   1.861498e-13   2.086564e-05   2.440073e-02   1.880301e-15
     61   5.083620e-13   2.414933e-05   1.385198e-02   5.134970e-15
     62   1.059072e-13   1.904747e-05   3.262541e-02   1.069770e-15
     63   3.237422e-13   2.262532e-05   1.788772e-02   3.270123e-15
     64   3.339826e-13   2.658969e-05   2.814400e-02   3.373562e-15
     65   3.966728e-13   2.332749e-05   1.600080e-02   4.006796e-15
     66   5.318002e-14   2.037931e-05   7.957747e-02   5.371719e-16
     67   1.491793e-13   1.547162e-05   1.241278e-02   1.506862e-15
     68   5.530659e-14   2.064741e-05   7.957747e-02   5.586524e-16
     69   3.303560e-13   2.861119e-05   3.544832e-02   3.336929e-15
     70   5.740015e-13   3.109253e-05   2.618335e-02   5.797995e-15
     71   1.471698e-13   1.883219e-05   2.269101e-02   1.486563e-15
     72   5.455041e-13   2.666719e-05   1.738216e-02   5.510142e-15
     73   3.305885e-13   3.041013e-05   4.253409e-02   3.339278e-15
     74   2.082294e-13   2.443513e-05   3.503257e-02   2.103328e-15
     75   1.296032e-13   2.201313e-05   4.115280e-02   1.309124e-15
     76   6.154422e-13   2.929409e-05   2.042316e-02   6.216588e-15
     77   1.411136e-13   2.018620e-05   2.914505e-02   1.425390e-15
     78   4.405355e-13   3.454424e-05   4.678600e-02   4.449853e-15
     79   6.726629e-14   1.775975e-05   4.163733e-02   6.794574e-16
     80   9.020505e-13   3.322389e-05   2.032780e-02   9.111621e-15
     81   5.237906e-13   2.899809e-05   2.327666e-02   5.290814e-15
     82   6.659441e-13   2.953338e-05   1.934068e-02   6.726709e-15
     83   5.530557e-13   2.980587e-05   2.393902e-02   5.586421e-15
     84   2.976570e-13   2.078764e-05   1.508931e-02   3.006637e-15
     85   7.342906e-14   2.093756e-05   6.250000e-02   7.417076e-16
     86   3.483814e-13   2.701774e-05   2.830491e-02   3.519005e-15
     87   3.062179e-13   2.845465e-05   3.761830e-02   3.093110e-15
     88   1.388308e-13   2.806092e-05   7.957747e-02   1.402331e-15
     89   6.566975e-13   2.930525e-05   1.916200e-02   6.633308e-15
     90   2.934399e-13   2.675883e-05   3.264766e-02   2.964039e-15
     91   5.235934e-13   3.079234e-05   2.788071e-02   5.288822e-15
     92   9.448528e-14   2.055650e-05   4.596776e-02   9.543967e-16
     93   2.936832e-13   2.671521e-05   3.246136e-02   2.966497e-15
     94   8.351370e-14   1.932410e-05   4.320260e-02   8.435728e-16
     95   3.671809e-13   2.792799e-05   2.966259e-02   3.708898e-15
     96   4.615871e-13   3.183773e-05   3.495767e-02   4.662496e-15
     97   3.870737e-13   2.147575e-05   1.279444e-02   3.909836e-15
     98   1.760368e-13   2.802235e-05   6.250000e-02   1.778149e-15
     99   5.721781e-14   1.926698e-05   6.250000e-02   5.779576e-16
    100   6.700430e-13   3.504454e-05   3.211653e-02   6.768111e-15
    101   3.663331e-13   2.515871e-05   2.173496e-02   3.700334e-15
    102   2.074411e-13   2.117015e-05   2.286899e-02   2.095365e-15
    103   6.727256e-13   2.783524e-05   1.602938e-02   6.795209e-15
    104   2.699874e-13   2.478212e-05   2.818654e-02   2.727145e-15
    105   1.623289e-13   2.727524e-05   6.250000e-02   1.639686e-15
    106   4.193242e-13   3.039550e-05   3.348484e-02   4.235598e-15
    107   1.788019e-13   2.442029e-05   4.072399e-02   1.806079e-15
    108   7.188907e-13   2.910115e-05   1.714105e-02   7.261522e-15
    109   5.095275e-13   3.005596e-05   2.664368e-02   5.146742e-15
    110   1.745446e-13   2.425801e-05   4.089114e-02   1.763076e-15
    111   3.638508e-13   2.925398e-05   3.440341e-02   3.675260e-15
    112   4.168772e-13   2.722907e-05   2.421366e-02   4.210881e-15
    113   2.675651e-13   1.939059e-05   1.362429e-02   2.702678e-15
    114   2.766830e-13   2.458983e-05   2.686916e-02   2.794778e-15
    115   2.013972e-13   2.930811e-05   6.250000e-02   2.034316e-15
    116   1.021676e-13   2.337443e-05   6.250000e-02   1.031996e-15
    117   1.150986e-13   1.940536e-05   3.174426e-02   1.162612e-15
    118   1.819210e-13   2.472649e-05   4.155032e-02   1.837586e-15
    119   8.634082e-13   3.806895e-05   3.194969e-02   8.721295e-15
    120   6.603732e-13   3.129711e-05   2.321096e-02   6.670436e-15
    121   2.941276e-13   3.046627e-05   4.807198e-02   2.970986e-15
    122   4.345986e-13   2.958462e-05   2.979063e-02   4.389885e-15
    123   4.404908e-13   3.393569e-05   4.436121e-02   4.449402e-15
    124   4.841701e-13   2.411574e-05   1.448351e-02   4.890607e-15
    125   4.478754e-13   3.059556e-05   3.197335e-02   4.523994e-15
    126   2.331655e-13   2.637067e-05   3.932505e-02   2.355207e-15
    127   2.562591e-13   2.272321e-05   2.289285e-02   2.588476e-15
    128   1.107385e-13   2.051298e-05   3.897243e-02   1.118570e-15
    129   1.711504e-13   2.392515e-05   4.000883e-02   1.728792e-15
    130   2.141345e-13   2.425793e-05   3.333071e-02   2.162974e-15
    131   8.978240e-14   1.929433e-05   4.000074e-02   9.068929e-16
    132   3.812433e-13   3.130502e-05   4.023551e-02   3.850943e-15
    133   1.794236e-13   2.498569e-05   4.346747e-02   1.812360e-15
    134   3.094632e-13   2.700705e-05   3.182677e-02   3.125891e-15
    135   2.984194e-13   2.308349e-05   2.060854e-02   3.014337e-15
    136   1.324704e-13   2.141325e-05   3.705945e-02   1.338085e-15
    137   5.970889e-13   2.667156e-05   1.588826e-02   6.031201e-15
    138   2.371486e-13   2.681277e-05   4.064197e-02   2.395440e-15
    139   7.568033e-13   3.610737e-05   3.110101e-02   7.644478e-15
    140   9.471230e-14   2.470257e-05   7.957747e-02   9.566899e-16
    141   9.743658e-13   3.195708e-05   1.674748e-02   9.842078e-15
    142   3.126054e-13   2.936363e-05   4.049513e-02   3.157631e-15
    143   9.219521e-14   1.830371e-05   3.325671e-02   9.312647e-16
    144   1.159184e-13   1.742783e-05   2.283220e-02   1.170893e-15
    145   3.757999e-13   2.197406e-05   1.411706e-02   3.795958e-15
    146   3.126835e-13   2.931796e-05   4.029641e-02   3.158419e-15
    147   1.667371e-13   2.439386e-05   4.352906e-02   1.684213e-15
    148   4.134920e-13   2.315807e-05   1.501792e-02   4.176686e-15
    149   2.003395e-13   2.125247e-05   2.395695e-02   2.023631e-15
    150   1.551994e-13   2.327476e-05   4.061963e-02   1.567670e-15
    151   9.383751e-14   2.036829e-05   4.502535e-02   9.478536e-16
    152   1.477532e-13   2.060701e-05   2.961272e-02   1.492456e-15
    153   1.057472e-13   2.007560e-05   3.825661e-02   1.068154e-15
    154   8.980564e-14   2.026146e-05   4.631039e-02   9.071277e-16
    155   4.255453e-13   2.653458e-05   2.195132e-02   4.298437e-15
    156   1.014049e-13   1.999843e-05   3.943653e-02   1.024292e-15
    157   6.453458e-13   2.911723e-05   1.912615e-02   6.518644e-15
    158   5.136101e-13   3.504715e-05   4.190778e-02   5.187980e-15
    159   1.523874e-13   2.334717e-05   4.175645e-02   1.539267e-15
    160   9.214508e-14   2.054122e-05   4.703017e-02   9.307584e-16
    161   7.520270e-14   2.287448e-05   7.957747e-02   7.596232e-16
    162   1.293727e-13   2.169143e-05   3.944497e-02   1.306795e-15
    163   1.664147e-13   1.789298e-05   1.721181e-02   1.680956e-15
    164   9.301607e-13   3.396918e-05   2.107012e-02   9.395563e-15
    165   8.462451e-14   1.726075e-05   3.038456e-02   8.547930e-16
    166   1.169448e-13   2.445102e-05   6.250000e-02   1.181261e-15
    167   1.834576e-13   2.041296e-05   2.318206e-02   1.853107e-15
    168   1.162689e-13   2.645013e-05   7.957747e-02   1.174433e-15
    169   2.359601e-13   3.348777e-05   7.957747e-02   2.383435e-15
    170   3.836052e-13   2.096419e-05   1.200935e-02   3.874800e-15
    171   7.907298e-14   1.670925e-05   2.949936e-02   7.987170e-16
    172   2.517968e-13   3.157331e-05   6.250000e-02   2.543402e-15
    173   4.379762e-13   3.205367e-05   3.759695e-02   4.424002e-15
    174   2.366715e-13   2.083998e-05   1.912124e-02   2.390621e-15
    175   3.627800e-13   3.248627e-05   4.725264e-02   3.664444e-15
    176   8.878659e-14   2.008710e-05   4.564302e-02   8.968342e-16
    177   4.297906e-13   3.074118e-05   3.379674e-02   4.341319e-15
    178   1.657234e-13   2.315218e-05   3.744226e-02   1.673973e-15
    179   2.956618e-13   2.405329e-05   2.353414e-02   2.986483e-15
    180   1.109064e-13   1.991732e-05   3.562103e-02   1.120266e-15
    181   2.718490e-13   2.725691e-05   3.724537e-02   2.745949e-15
    182   1.449766e-13   2.626652e-05   6.250000e-02   1.464410e-15
    183   2.551113e-13   2.230472e-05   2.174857e-02   2.576882e-15
    184   2.987573e-13   3.049566e-05   4.746414e-02   3.017751e-15
    185   2.839842e-13   2.762002e-05   3.709776e-02   2.868527e-15
    186   2.257048e-13   3.299542e-05   7.957747e-02   2.279846e-15
    187   5.342185e-13   3.426150e-05   3.764178e-02   5.396146e-15
    188   2.188150e-13   2.589478e-05   3.967614e-02   2.210253e-15
    189   2.493953e-13   2.753201e-05   4.184036e-02   2.519144e-15
    190   1.366854e-13   2.034143e-05   3.078877e-02   1.380661e-15
    191   2.931393e-13   2.705649e-05   3.378393e-02   2.961003e-15
    192   1.082995e-13   2.046705e-05   3.958302e-02   1.093935e-15
    193   3.921135e-13   2.604251e-05   2.252200e-02   3.960743e-15
    194   3.118844e-13   2.781130e-05   3.448580e-02   3.150347e-15
    195   6.315322e-14   1.991140e-05   6.250000e-02   6.379113e-16
    196   1.501216e-13   2.657364e-05   6.250000e-02   1.516380e-15
    197   6.665127e-14   2.027245e-05   6.250000e-02   6.732452e-16
    198   1.788261e-13   2.290714e-05   3.360868e-02   1.806324e-15
    199   1.851114e-13   2.007676e-05   2.185837e-02   1.869812e-15
    200   1.632429e-13   1.816325e-05   1.835339e-02   1.648919e-15
    201   2.502253e-13   2.342277e-05   2.567754e-02   2.527528e-15
    202   3.868317e-13   2.113072e-05   1.219526e-02   3.907391e-15
    203   3.719461e-13   3.279294e-05   4.740574e-02   3.757031e-15
    204   1.405355e-13   2.255035e-05   4.079843e-02   1.419551e-15
    205   3.137934e-13   2.216556e-05   1.735252e-02   3.169630e-15
    206   5.972916e-13   3.060630e-05   2.400026e-02   6.033248e-15
    207   4.920970e-13   2.460177e-05   1.512928e-02   4.970677e-15
    208   2.127627e-13   2.133383e-05   2.281816e-02   2.149118e-15
    209   2.382279e-13   2.027962e-05   1.750478e-02   2.406342e-15
    210   3.075784e-13   2.946347e-05   4.157822e-02   3.106852e-15
    211   2.391928e-13   2.417037e-05   2.951697e-02   2.416089e-15
    212   4.182073e-13   2.902188e-05   2.922504e-02   4.224316e-15
    213   3.220400e-13   2.546536e-05   2.563951e-02   3.252930e-15
    214   2.497146e-13   2.699015e-05   3.936789e-02   2.522370e-15
    215   3.301193e-13   2.808259e-05   3.354368e-02   3.334539e-15
    216   5.522859e-14   1.904107e-05   6.250000e-02   5.578645e-16
    217   1.574659e-13   2.458930e-05   4.720870e-02   1.590565e-15
    218   6.423806e-13   2.806693e-05   1.720926e-02   6.488693e-15
    219   7.388791e-13   2.757770e-05   1.419289e-02   7.463425e-15
    220   9.778048e-14   2.040658e-05   4.345390e-02   9.876816e-16
    221   3.935397e-13   2.926645e-05   3.184869e-02   3.975149e-15
    222   1.455102e-13   2.278655e-05   4.065487e-02   1.469800e-15
    223   1.916277e-13   2.255921e-05   2.995598e-02   1.935633e-15
    224   1.844814e-13   2.217975e-05   2.957246e-02   1.863448e-15
    225   5.208183e-14   1.336006e-05   2.289335e-02   5.260791e-16
    226   1.500531e-13   2.379475e-05   4.489198e-02   1.515688e-15
    227   3.525043e-13   3.061241e-05   4.069100e-02   3.560649e-15
    228   1.299864e-13   1.828507e-05   2.351592e-02   1.312994e-15
    229   5.532811e-13   2.709723e-05   1.798037e-02   5.588698e-15
    230   1.768195e-13   1.687788e-05   1.359545e-02   1.786056e-15
    231   3.393776e-13   1.979381e-05   1.142549e-02   3.428056e-15
    232   4.929003e-14   1.833256e-05   6.250000e-02   4.978791e-16
    233   1.085161e-13   2.178380e-05   4.762958e-02   1.096122e-15
    234   7.052562e-14   1.870081e-05   4.636649e-02   7.123800e-16
    235   3.575342e-13   2.253438e-05   1.600256e-02   3.611456e-15
    236   1.943090e-13   2.612706e-05   4.589323e-02   1.962717e-15
    237   3.981429e-13   3.335055e-05   4.658435e-02   4.021646e-15
    238   3.552763e-13   2.689134e-05   2.736788e-02   3.588650e-15
    239   2.810795e-13   2.895983e-05   4.320447e-02   2.839187e-15
    240   9.195762e-14   1.867231e-05   3.539783e-02   9.288648e-16
    241   1.253534e-13   2.502354e-05   6.250000e-02   1.266196e-15
    242   3.369071e-14   1.750290e-05   7.957747e-02   3.403102e-16
    243   3.111988e-13   3.005650e-05   4.362620e-02   3.143422e-15
    244   3.555512e-13   3.075891e-05   4.092426e-02   3.591426e-15
    245   1.872110e-13   2.591656e-05   4.649121e-02   1.891020e-15
    246   1.758952e-13   2.416356e-05   4.010501e-02   1.776719e-15
    247   8.997057e-13   3.150689e-05   1.738145e-02   9.087936e-15
    248   1.038034e-13   1.748568e-05   2.575173e-02   1.048519e-15
    249   1.739563e-13   2.102605e-05   2.671795e-02   1.757134e-15
    250   5.244417e-13   2.652042e-05   1.778336e-02   5.297391e-15
    251   1.869726e-13   2.167678e-05   2.723807e-02   1.888612e-15
    252   5.435982e-13   3.474609e-05   3.858422e-02   5.490890e-15
    253   3.339795e-13   3.001763e-05   4.049294e-02   3.373530e-15
    254   2.261307e-13   2.583088e-05   3.810906e-02   2.284148e-15
    255   1.228961e-13   2.216119e-05   4.428037e-02   1.241374e-15
    256   3.758189e-13   3.114498e-05   4.019348e-02   3.796150e-15
    257   4.338530e-13   3.068797e-05   3.330673e-02   4.382353e-15
    258   1.131720e-13   1.950431e-05   3.278106e-02   1.143151e-15
    259   6.265690e-13   3.130860e-05   2.449019e-02   6.328980e-15
    260   5.273217e-13   2.737810e-05   1.945828e-02   5.326481e-15
    261   1.687480e-13   2.162170e-05   2.995028e-02   1.704525e-15
    262   3.238283e-13   3.433536e-05   6.250000e-02   3.270993e-15
    263   2.660637e-13   2.620043e-05   3.379946e-02   2.687512e-15
    264   5.795280e-13   2.418053e-05   1.219813e-02   5.853818e-15
    265   6.723372e-14   1.824577e-05   4.517202e-02   6.791285e-16
    266   3.890230e-13   3.188779e-05   4.167429e-02   3.929525e-15
    267   4.592628e-13   3.310777e-05   3.950925e-02   4.639018e-15
    268   1.426979e-12   3.474066e-05   1.469152e-02   1.441393e-14
    269   2.063331e-13   2.610697e-05   4.311918e-02   2.084173e-15
    270   2.485455e-13   2.797953e-05   4.406413e-02   2.510561e-15
    271   7.946344e-14   1.797116e-05   3.652001e-02   8.026610e-16
    272   6.101912e-13   3.801329e-05   4.501015e-02   6.163548e-15
    273   5.789541e-13   2.786912e-05   1.869371e-02   5.848021e-15
    274   4.099906e-13   3.279922e-05   4.303150e-02   4.141319e-15
    275   2.784681e-13   2.914523e-05   4.445258e-02   2.812809e-15
    276   1.481919e-13   2.303922e-05   4.126184e-02   1.496888e-15
    277   1.769966e-13   2.420791e-05   4.007531e-02   1.787844e-15
    278   2.857364e-13   2.887969e-05   4.214850e-02   2.886227e-15
    279   2.290883e-13   2.266931e-05   2.542622e-02   2.314023e-15
    280   1.274288e-13   2.727068e-05   7.957747e-02   1.287159e-15
    281   2.010548e-13   2.109779e-05   2.335426e-02   2.030857e-15
    282   1.475801e-13   2.417574e-05   4.787201e-02   1.490708e-15
    283   6.381886e-13   2.607415e-05   1.388838e-02   6.446349e-15
    284   5.501772e-13   3.363206e-05   3.457225e-02   5.557346e-15
    285   4.436364e-13   3.436782e-05   4.575082e-02   4.481176e-15
    286   7.648933e-13   2.959068e-05   1.693690e-02   7.726195e-15
    287   5.597567e-13   2.735307e-05   1.828054e-02   5.654108e-15
    288   1.441970e-12   3.099437e-05   1.032434e-02   1.456535e-14
    289   4.416549e-13   3.290141e-05   4.032093e-02   4.461160e-15
    290   3.607295e-13   2.594466e-05   2.420652e-02   3.643732e-15
    291   2.231476e-13   2.378710e-05   3.015798e-02   2.254016e-15
    292   1.446645e-13   1.907516e-05   2.398900e-02   1.461258e-15
    293   3.943002e-13   2.793456e-05   2.764194e-02   3.982830e-15
    294   5.306799e-13   3.251529e-05   3.238919e-02   5.360403e-15
    295   9.247856e-14   2.450683e-05   7.957747e-02   9.341269e-16
    296   2.820883e-13   2.526467e-05   2.858417e-02   2.849377e-15
    297   2.853628e-13   2.817196e-05   3.917632e-02   2.882453e-15
    298   1.505424e-13   2.436930e-05   4.806630e-02   1.520630e-15
    299   2.915291e-13   2.816532e-05   3.832059e-02   2.944738e-15
    300   5.587639e-13   2.375530e-05   1.199563e-02   5.644079e-15
    301   3.334802e-13   3.467316e-05   6.250000e-02   3.368487e-15
    302   3.678241e-13   2.756147e-05   2.846015e-02   3.715395e-15
    303   3.811066e-13   2.284408e-05   1.564028e-02   3.849561e-15
    304   2.824073e-13   2.760520e-05   3.724490e-02   2.852599e-15
    305   6.875410e-13   2.633566e-05   1.328325e-02   6.944858e-15
    306   1.242067e-13   2.064036e-05   3.539786e-02   1.254613e-15
    307   1.253809e-12   3.092800e-05   1.179762e-02   1.266473e-14
    308   3.186054e-14   1.440837e-05   4.694202e-02   3.218236e-16
    309   3.385730e-13   3.093494e-05   4.371853e-02   3.419929e-15
    310   1.564317e-13   2.074740e-05   2.854543e-02   1.580118e-15
    311   4.144533e-13   2.645555e-05   2.233803e-02   4.186397e-15
    312   5.297322e-14   1.877827e-05   6.250000e-02   5.350831e-16
    313   1.665909e-13   2.751189e-05   6.250000e-02   1.682736e-15
    314   1.005378e-13   1.957370e-05   3.729577e-02   1.015533e-15
    315   9.525667e-14   1.623060e-05   2.244285e-02   9.621886e-16
    316   4.667656e-13   2.932706e-05   2.701947e-02   4.714804e-15
    317   8.273869e-13   3.042011e-05   1.701154e-02   8.357443e-15
    318   4.710335e-13   2.857192e-05   2.475919e-02   4.757914e-15
    319   3.226730e-13   2.621079e-05   2.790279e-02   3.259324e-15
    320   5.242565e-13   2.713633e-05   1.905811e-02   5.295520e-15
    321   1.900833e-13   2.245398e-05   2.977872e-02   1.920034e-15
    322   4.944483e-13   3.302208e-05   3.641351e-02   4.994427e-15
    323   4.546250e-13   3.060182e-05   3.151797e-02   4.592172e-15
    324   5.086444e-13   2.948631e-05   2.520096e-02   5.137823e-15
    325   1.116129e-12   3.122372e-05   1.363670e-02   1.127403e-14
    326   1.570600e-13   2.417386e-05   4.497205e-02   1.586465e-15
    327   1.891305e-13   2.417444e-05   3.734891e-02   1.910409e-15
    328   3.411008e-13   2.677592e-05   2.813977e-02   3.445463e-15
    329   3.301546e-13   2.659503e-05   2.848748e-02   3.334895e-15
    330   1.029786e-13   1.708293e-05   2.420527e-02   1.040188e-15
    331   8.525152e-13   3.377743e-05   2.260204e-02   8.611265e-15
    332   7.502337e-13   2.752523e-05   1.389845e-02   7.578118e-15
    333   6.250719e-13   2.728467e-05   1.624786e-02   6.313857e-15
    334   1.124883e-13   2.174551e-05   4.570580e-02   1.136245e-15
    335   1.374392e-13   2.218743e-05   3.973565e-02   1.388275e-15
    336   1.576211e-13   2.249578e-05   3.611259e-02   1.592133e-15
    337   2.572989e-13   2.311362e-05   2.399585e-02   2.598979e-15
    338   1.320019e-13   1.964286e-05   2.870806e-02   1.333353e-15
    339   5.875392e-14   2.106779e-05   7.957747e-02   5.934740e-16
    340   1.391703e-13   2.238723e-05   4.031108e-02   1.405760e-15
    341   3.550532e-13   2.361464e-05   1.854472e-02   3.586396e-15
    342   5.811616e-13   3.045115e-05   2.429318e-02   5.870319e-15
    343   1.667631e-13   2.362943e-05   3.955757e-02   1.684476e-15
    344   1.447686e-13   1.674377e-05   1.621271e-02   1.462309e-15
    345   3.942079e-13   3.324281e-05   4.659486e-02   3.981898e-15
    346   1.656731e-13   2.347754e-05   3.905494e-02   1.673466e-15
    347   3.759120e-13   2.854515e-05   3.093717e-02   3.797091e-15
    348   4.448655e-13   3.216602e-05   3.740530e-02   4.493591e-15
    349   5.205318e-14   1.866892e-05   6.250000e-02   5.257897e-16
    350   2.956206e-13   2.158604e-05   1.701195e-02   2.986066e-15
    351   1.259617e-13   2.716561e-05   7.957747e-02   1.272340e-15
    352   1.382190e-13   2.301121e-05   4.407786e-02   1.396152e-15
    353   7.992264e-14   2.153740e-05   6.250000e-02   8.072993e-16
    354   4.368424e-13   2.611025e-05   2.037409e-02   4.412549e-15
    355   2.174272e-13   2.086937e-05   2.090182e-02   2.196235e-15
    356   1.544995e-13   1.787596e-05   1.848636e-02   1.560601e-15
    357   4.214369e-13   2.907605e-05   2.916378e-02   4.256938e-15
    358   3.377256e-13   2.703613e-05   2.925766e-02   3.411369e-15
    359   3.040700e-13   2.949775e-05   4.220493e-02   3.071414e-15
    360   3.040721e-13   2.464407e-05   2.461107e-02   3.071436e-15
    361   4.837535e-13   2.730692e-05   2.104574e-02   4.886399e-15
    362   3.908761e-13   2.690906e-05   2.492450e-02   3.948243e-15
    363   6.170926e-13   3.406921e-05   3.204098e-02   6.233259e-15
    364   4.671879e-13   2.262640e-05   1.239724e-02   4.719070e-15
    365   4.058676e-13   3.146207e-05   3.836607e-02   4.099673e-15
    366   8.043116e-14   2.158298e-05   6.250000e-02   8.124359e-16
    367   2.259186e-13   2.678712e-05   4.253988e-02   2.282006e-15
    368   1.479025e-13   2.275993e-05   3.985725e-02   1.493965e-15
    369   1.831204e-13   2.421984e-05   3.879241e-02   1.849701e-15
    370   2.730791e-13   2.955194e-05   4.725412e-02   2.758374e-15
    371   2.161477e-13   2.614420e-05   4.133760e-02   2.183311e-15
    372   5.897610e-13   2.892086e-05   2.050820e-02   5.957182e-15
    373   5.217625e-13   2.632061e-05   1.747370e-02   5.270328e-15
    374   3.926699e-13   3.006885e-05   3.461729e-02   3.966362e-15
    375   2.699251e-13   2.620612e-05   3.333766e-02   2.726516e-15
    376   1.862926e-13   2.612021e-05   4.783044e-02   1.881743e-15
    377   5.688588e-14   1.922966e-05   6.250000e-02   5.746049e-16
    378   1.059928e-13   2.366258e-05   6.250000e-02   1.070634e-15
    379   2.484148e-13   2.296960e-05   2.439231e-02   2.509240e-15
    380   1.908349e-13   2.129877e-05   2.531486e-02   1.927626e-15
    381   3.795330e-13   2.837572e-05   3.009963e-02   3.833666e-15
    382   1.327286e-12   3.556527e-05   1.694665e-02   1.340693e-14
    383   5.197253e-13   2.575691e-05   1.643907e-02   5.249751e-15
    384   2.136136e-13   2.988911e-05   6.250000e-02   2.157713e-15
    385   1.730803e-13   2.472200e-05   4.364888e-02   1.748286e-15
    386   9.805325e-13   2.824094e-05   1.148539e-02   9.904369e-15
    387   3.328417e-13   2.929979e-05   3.778556e-02   3.362037e-15
    388   1.878476e-13   2.124316e-05   2.551653e-02   1.897451e-15
    389   2.166016e-13   2.143040e-05   2.271951e-02   2.187895e-15
    390   2.662989e-13   2.525784e-05   3.025445e-02   2.689888e-15
    391   4.281228e-13   2.554944e-05   1.947807e-02   4.324473e-15
    392   4.680423e-13   3.167959e-05   3.396438e-02   4.727700e-15
    393   6.969146e-14   2.057611e-05   6.250000e-02   7.039542e-16
    394   3.023281e-13   2.723741e-05   3.341864e-02   3.053820e-15
    395   6.937179e-14   2.054460e-05   6.250000e-02   7.007251e-16
    396   3.397089e-13   3.488770e-05   6.250000e-02   3.431403e-15
    397   1.517887e-13   2.667165e-05   6.250000e-02   1.533219e-15
    398   4.691067e-13   2.818002e-05   2.385186e-02   4.738451e-15
    399   1.305452e-13   2.285038e-05   4.569720e-02   1.318638e-15
    400   9.424035e-14   1.713905e-05   2.671121e-02   9.519227e-16
    401   1.878345e-13   2.489281e-05   4.105975e-02   1.897318e-15
    402   3.606618e-13   2.904128e-05   3.395603e-02   3.643049e-15
    403   6.091120e-13   2.804416e-05   1.810506e-02   6.152647e-15
    404   1.133126e-13   1.708878e-05   2.202038e-02   1.144572e-15
    405   1.096065e-13   2.593496e-05   7.957747e-02   1.107137e-15
    406   1.816573e-13   2.297796e-05   3.339270e-02   1.834922e-15
    407   1.770123e-13   2.553117e-05   4.700875e-02   1.788003e-15
    408   3.069301e-13   2.887422e-05   3.921582e-02   3.100304e-15
    409   2.205510e-13   3.020923e-05   6.250000e-02   2.227788e-15
    410   3.172408e-13   3.082326e-05   4.615476e-02   3.204452e-15
    411   5.989366e-13   3.005324e-05   2.266015e-02   6.049865e-15
    412   3.158874e-13   2.386722e-05   2.152003e-02   3.190782e-15
    413   1.048540e-12   3.201181e-05   1.564285e-02   1.059131e-14
    414   2.090873e-13   2.448939e-05   3.512176e-02   2.111993e-15
    415   1.339893e-13   1.972184e-05   2.862479e-02   1.353427e-15
    416   3.700643e-13   2.343772e-05   1.739559e-02   3.738023e-15
    417   2.716174e-13   3.509613e-05   7.957747e-02   2.743610e-15
    418   3.184969e-13   3.414589e-05   6.250000e-02   3.217140e-15
    419   1.294531e-13   2.529342e-05   6.250000e-02   1.307607e-15
    420   1.374487e-13   2.105461e-05   3.395243e-02   1.388371e-15
    421   2.970101e-13   2.491881e-05   2.604836e-02   3.000102e-15
    422   7.862348e-14   1.922712e-05   4.520229e-02   7.941766e-16
    423   9.348579e-14   2.059690e-05   4.673370e-02   9.443009e-16
    424   3.803301e-13   2.861196e-05   3.079300e-02   3.841719e-15
    425   1.741838e-13   2.792368e-05   6.250000e-02   1.759432e-15
    426   2.456627e-13   2.275757e-05   2.398879e-02   2.481441e-15
    427   1.441763e-13   2.621811e-05   6.250000e-02   1.456327e-15
    428   3.033044e-13   2.393771e-05   2.261200e-02   3.063681e-15
    429   7.553107e-13   3.249740e-05   2.271905e-02   7.629401e-15
    430   2.933373e-13   2.861606e-05   3.994221e-02   2.963003e-15
    431   2.156625e-13   2.324211e-05   2.910863e-02   2.178409e-15
    432   1.028632e-13   2.342736e-05   6.250000e-02   1.039022e-15
    433   1.974202e-13   2.554727e-05   4.222908e-02   1.994144e-15
    434   8.549201e-14   1.878886e-05   3.879233e-02   8.635556e-16
    435   1.159224e-13   2.437955e-05   6.250000e-02   1.170933e-15
    436   8.692264e-14   1.889244e-05   3.878838e-02   8.780064e-16
    437   9.958128e-14   2.317551e-05   6.250000e-02   1.005872e-15
    438   8.179325e-13   3.522876e-05   2.672666e-02   8.261944e-15
    439   2.599075e-13   2.838042e-05   4.397516e-02   2.625329e-15
    440   1.446898e-13   2.093434e-05   3.170370e-02   1.461513e-15
    441   4.326133e-13   3.092426e-05   3.417968e-02   4.369831e-15
    442   2.539634e-13   2.637984e-05   3.614226e-02   2.565287e-15
    443   2.069129e-13   2.537753e-05   3.949392e-02   2.090030e-15
    444   3.502606e-13   2.778757e-05   3.062882e-02   3.537986e-15
    445   6.809341e-13   3.143291e-05   2.280439e-02   6.878122e-15
    446   6.322114e-13   2.660497e-05   1.489348e-02   6.385973e-15
    447   7.571622e-14   1.873498e-05   4.342513e-02   7.648103e-16
    448   9.137439e-13   3.223037e-05   1.832067e-02   9.229736e-15
    449   1.512283e-13   2.887250e-05   7.957747e-02   1.527559e-15
    450   9.768367e-13   2.807689e-05   1.132909e-02   9.867037e-15
    451   1.536408e-13   2.087297e-05   2.959486e-02   1.551927e-15
    452   5.397808e-14   1.889626e-05   6.250000e-02   5.452331e-16
    453   6.290564e-13   3.041615e-05   2.236626e-02   6.354105e-15
    454   8.897150e-14   2.232134e-05   6.250000e-02   8.987020e-16
    455   3.333660e-13   2.857676e-05   3.500157e-02   3.367333e-15
    456   5.602180e-13   2.438695e-05   1.294451e-02   5.658768e-15
    457   5.307922e-13   2.622026e-05   1.698074e-02   5.361538e-15
    458   1.157072e-13   2.204281e-05   4.628185e-02   1.168760e-15
    459   3.188204e-13   3.020973e-05   4.323790e-02   3.220408e-15
    460   8.186357e-13   2.627152e-05   1.107478e-02   8.269048e-15
    461   2.879463e-14   1.661029e-05   7.957747e-02   2.908549e-16
    462   8.538156e-14   1.893741e-05   3.977113e-02   8.624400e-16
    463   8.102021e-13   3.119237e-05   1.872930e-02   8.183860e-15
    464   1.092880e-13   2.590981e-05   7.957747e-02   1.103919e-15
    465   3.047455e-13   2.049614e-05   1.412696e-02   3.078237e-15
    466   1.367432e-13   2.348765e-05   4.737868e-02   1.381244e-15
    467   1.788530e-13   2.817099e-05   6.250000e-02   1.806596e-15
    468   1.822178e-13   2.591510e-05   4.775710e-02   1.840584e-15
    469   1.630731e-13   2.232616e-05   3.412164e-02   1.647203e-15
    470   1.032665e-13   2.345794e-05   6.250000e-02   1.043096e-15
    471   2.602387e-13   2.829138e-05   4.350713e-02   2.628674e-15
    472   6.085973e-14   1.966739e-05   6.250000e-02   6.147447e-16
    473   3.173509e-13   3.410488e-05   6.250000e-02   3.205564e-15
    474   1.897730e-13   2.221876e-05   2.889980e-02   1.916899e-15
    475   2.434665e-13   3.122121e-05   6.250000e-02   2.459258e-15
    476   2.040162e-13   3.190276e-05   7.957747e-02   2.060770e-15
    477   7.711315e-13   3.067657e-05   1.871810e-02   7.789207e-15
    478   6.016231e-13   3.628149e-05   3.969182e-02   6.077001e-15
    479   4.979195e-13   2.966272e-05   2.620859e-02   5.029490e-15
    480   2.088667e-13   2.665234e-05   4.532176e-02   2.109765e-15
    481   3.329200e-13   2.801160e-05   3.300987e-02   3.362828e-15
    482   4.532160e-13   3.109803e-05   3.317900e-02   4.577939e-15
    483   2.330521e-13   2.771306e-05   4.566363e-02   2.354062e-15
    484   1.418310e-13   2.302498e-05   4.303250e-02   1.432636e-15
    485   6.648362e-14   2.025543e-05   6.250000e-02   6.715517e-16
    486   3.596142e-13   2.091747e-05   1.272509e-02   3.632466e-15
    487   1.618610e-13   2.724901e-05   6.250000e-02   1.634960e-15
    488   2.665610e-13   2.651324e-05   3.495925e-02   2.692535e-15
    489   1.114032e-13   2.405854e-05   6.250000e-02   1.125285e-15
    490   2.495980e-13   2.507012e-05   3.156446e-02   2.521192e-15
    491   1.063338e-13   1.872108e-05   3.085258e-02   1.074079e-15
    492   3.144409e-13   2.449113e-05   2.335917e-02   3.176171e-15
    493   2.174391e-13   2.745270e-05   4.757594e-02   2.196355e-15
    494   2.198079e-13   3.270553e-05   7.957747e-02   2.220282e-15
    495   6.160679e-14   1.714828e-05   4.092633e-02   6.222908e-16
    496   3.262860e-13   2.867023e-05   3.611313e-02   3.295818e-15
    497   1.519585e-13   2.063311e-05   2.890274e-02   1.534934e-15
    498   3.258796e-13   2.834984e-05   3.495944e-02   3.291713e-15
    499   1.778819e-13   2.375274e-05   3.766857e-02   1.796787e-15
    500   3.091092e-13   2.669585e-05   3.077437e-02   3.122315e-15
    501   6.683166e-14   1.810542e-05   4.440310e-02   6.750672e-16
    502   8.868608e-14   1.811931e-05   3.353820e-02   8.958190e-16
    503   3.518873e-13   2.698536e-05   2.792229e-02   3.554418e-15
    504   1.157097e-12   3.748126e-05   2.275321e-02   1.168785e-14
    505   2.081729e-13   2.273076e-05   2.820900e-02   2.102756e-15
    506   1.207667e-13   2.678690e-05   7.957747e-02   1.219866e-15
    507   6.482134e-13   3.084608e-05   2.263873e-02   6.547611e-15
    508   1.063621e-13   2.013174e-05   3.835545e-02   1.074365e-15
    509   1.740339e-13   2.474504e-05   4.353120e-02   1.757918e-15
    510   3.475773e-13   2.683908e-05   2.781131e-02   3.510882e-15
    511   3.131849e-13   2.723909e-05   3.226613e-02   3.163484e-15
    512   2.275514e-13   2.141882e-05   2.159120e-02   2.298499e-15
    513   2.626919e-13   2.563668e-05   3.207069e-02   2.653454e-15
    514   5.587934e-14   2.071844e-05   7.957747e-02   5.644377e-16
    515   2.532458e-13   2.588743e-05   3.425269e-02   2.558039e-15
    516   3.747933e-13   3.016921e-05   3.663280e-02   3.785791e-15
    517   2.952330e-13   2.399724e-05   2.340393e-02   2.982151e-15
    518   1.660298e-13   2.205907e-05   3.232551e-02   1.677069e-15
    519   8.486729e-14   2.197270e-05   6.250000e-02   8.572454e-16
    520   1.232292e-12   3.086956e-05   1.193569e-02   1.244739e-14
    521   4.202093e-13   2.806125e-05   2.629210e-02   4.244538e-15
    522   1.841868e-13   2.520317e-05   4.345870e-02   1.860473e-15
    523   1.673463e-13   2.343059e-05   3.843291e-02   1.690367e-15
    524   1.755807e-13   2.306256e-05   3.493140e-02   1.773543e-15
    525   1.906315e-13   2.420504e-05   3.719572e-02   1.925570e-15
    526   3.573294e-13   2.524442e-05   2.251114e-02   3.609388e-15
    527   1.772841e-13   1.799410e-05   1.643202e-02   1.790748e-15
    528   3.820261e-13   2.573524e-05   2.230806e-02   3.858850e-15
    529   5.294740e-13   3.300682e-05   3.395754e-02   5.348222e-15
    530   3.346276e-13   2.393800e-05   2.049612e-02   3.380076e-15
    531   1.140566e-13   1.873779e-05   2.884065e-02   1.152087e-15
    532   6.415774e-14   1.713717e-05   3.922278e-02   6.480580e-16
    533   5.215033e-13   2.599085e-05   1.683349e-02   5.267710e-15
    534   5.878334e-13   2.895689e-05   2.065244e-02   5.937711e-15
    535   7.983360e-14   1.694732e-05   3.048511e-02   8.064000e-16
    536   3.864855e-13   2.811374e-05   2.874700e-02   3.903894e-15
    537   7.489403e-14   2.107588e-05   6.250000e-02   7.565054e-16
    538   6.056484e-13   3.134853e-05   2.543320e-02   6.117661e-15
    539   8.640730e-13   3.046771e-05   1.636587e-02   8.728010e-15
    540   2.869730e-13   2.854437e-05   4.052194e-02   2.898717e-15
    541   3.916376e-13   2.577077e-05   2.185082e-02   3.955936e-15
    542   1.478656e-13   2.333413e-05   4.296131e-02   1.493592e-15
    543   5.189359e-13   3.108071e-05   2.892870e-02   5.241777e-15
    544   7.945670e-14   1.774086e-05   3.513691e-02   8.025930e-16
    545   3.354752e-13   2.568088e-05   2.524291e-02   3.388638e-15
    546   6.187366e-13   2.433730e-05   1.164880e-02   6.249865e-15
    547   2.369405e-13   2.799219e-05   4.628509e-02   2.393338e-15
    548   9.083259e-13   3.342901e-05   2.056358e-02   9.175009e-15
    549   2.425646e-13   2.797214e-05   4.511486e-02   2.450147e-15
    550   7.658787e-14   1.829495e-05   3.997639e-02   7.736149e-16
    551   1.941088e-13   2.895021e-05   6.250000e-02   1.960695e-15
    552   5.567273e-13   2.432127e-05   1.292071e-02   5.623508e-15
    553   6.109670e-13   2.550540e-05   1.357840e-02   6.171384e-15
    554   9.521690e-14   1.947723e-05   3.880054e-02   9.617868e-16
    555   4.631974e-13   2.983338e-05   2.866230e-02   4.678762e-15
    556   1.224760e-12   3.097380e-05   1.213116e-02   1.237131e-14
    557   2.292880e-13   2.423786e-05   3.105073e-02   2.316040e-15
    558   2.399377e-13   2.808619e-05   4.616894e-02   2.423613e-15
    559   1.169186e-13   2.444920e-05   6.250000e-02   1.180996e-15
    560   8.626660e-14   2.394534e-05   7.957747e-02   8.713798e-16
    561   9.845897e-14   1.870608e-05   3.324015e-02   9.945351e-16
    562   5.593919e-13   2.449304e-05   1.313353e-02   5.650424e-15
    563   1.968791e-13   2.409078e-05   3.550771e-02   1.988678e-15
    564   5.371389e-13   2.508240e-05   1.468895e-02   5.425645e-15
    565   1.378586e-13   2.132112e-05   3.515330e-02   1.392511e-15
    566   2.975881e-13   2.549426e-05   2.784081e-02   3.005940e-15
    567   1.691798e-13   2.128889e-05   2.851547e-02   1.708887e-15
    568   2.389494e-13   2.352661e-05   2.724845e-02   2.413631e-15
    569   1.863412e-13   2.456599e-05   3.977995e-02   1.882234e-15
    570   4.127531e-13   3.253049e-05   4.170146e-02   4.169223e-15
    571   8.500957e-14   1.808603e-05   3.479623e-02   8.586825e-16
    572   3.461184e-13   3.078257e-05   4.213664e-02   3.496146e-15
    573   2.472137e-13   2.352906e-05   2.634579e-02   2.497108e-15
    574   1.104141e-12   3.188871e-05   1.468441e-02   1.115294e-14
    575   7.273498e-13   3.307817e-05   2.488004e-02   7.346968e-15
    576   3.003101e-13   3.348318e-05   6.250000e-02   3.033435e-15
    577   1.421926e-13   2.350341e-05   4.565469e-02   1.436289e-15
    578   6.459749e-13   2.656571e-05   1.451171e-02   6.524999e-15
    579   8.136054e-13   3.307414e-05   2.223423e-02   8.218236e-15
    580   1.060964e-12   3.287921e-05   1.675072e-02   1.071681e-14
    581   5.455932e-13   2.772212e-05   1.952453e-02   5.511043e-15
    582   4.768445e-13   2.674215e-05   2.005312e-02   4.816612e-15
    583   3.018249e-13   2.324498e-05   2.080666e-02   3.048736e-15
    584   8.923201e-14   1.967450e-05   4.267374e-02   9.013334e-16
    585   4.612955e-13   2.884011e-05   2.600048e-02   4.659550e-15
    586   7.866873e-13   3.669601e-05   3.140686e-02   7.946336e-15
    587   3.183965e-13   3.414230e-05   6.250000e-02   3.216126e-15
    588   7.824597e-14   2.138573e-05   6.250000e-02   7.903634e-16
    589   1.697091e-13   3.000372e-05   7.957747e-02   1.714233e-15
    590   1.741214e-13   2.296827e-05   3.479387e-02   1.758802e-15
    591   4.966846e-13   2.725333e-05   2.037736e-02   5.017016e-15
    592   4.466573e-13   3.079799e-05   3.270114e-02   4.511690e-15
    593   4.848137e-13   3.208805e-05   3.407415e-02   4.897108e-15
    594   6.119824e-13   3.305381e-05   2.950500e-02   6.181640e-15
    595   1.302988e-13   2.096248e-05   3.534740e-02   1.316149e-15
    596   7.081473e-14   1.601220e-05   2.898675e-02   7.153003e-16
    597   1.992156e-13   2.391238e-05   3.431747e-02   2.012278e-15
    598   3.081117e-13   2.507517e-05   2.558546e-02   3.112239e-15
    599   2.608754e-13   2.429472e-05   2.748354e-02   2.635105e-15
    600   3.872653e-13   2.959116e-05   3.345393e-02   3.911771e-15
    601   1.848706e-13   2.373405e-05   3.615911e-02   1.867380e-15
    602   2.829706e-13   2.450983e-05   2.601655e-02   2.858288e-15
    603   2.232560e-13   2.660251e-05   4.216331e-02   2.255111e-15
    604   1.161244e-12   2.955782e-05   1.111896e-02   1.172973e-14
    605   3.511679e-13   2.308867e-05   1.752476e-02   3.547150e-15
    606   1.873740e-13   2.592646e-05   4.650399e-02   1.892667e-15
    607   3.577927e-13   2.648086e-05   2.594984e-02   3.614068e-15
    608   2.436795e-13   2.745980e-05   4.248574e-02   2.461409e-15
    609   2.513244e-13   2.128388e-05   1.918172e-02   2.538630e-15
    610   4.817555e-13   2.723734e-05   2.097187e-02   4.866217e-15
    611   2.096900e-13   2.629522e-05   4.335334e-02   2.118080e-15
    612   1.141310e-12   3.061340e-05   1.256901e-02   1.152838e-14
    613   1.185591e-13   2.194838e-05   4.459053e-02   1.197566e-15
    614   2.981887e-13   2.991713e-05   4.489922e-02   3.012007e-15
    615   8.495903e-13   3.266214e-05   2.050663e-02   8.581720e-15
    616   1.057443e-12   3.754919e-05   2.503311e-02   1.068124e-14
    617   1.845294e-13   2.846592e-05   6.250000e-02   1.863933e-15
    618   2.071610e-13   3.206585e-05   7.957747e-02   2.092536e-15
    619   1.154111e-13   2.177534e-05   4.473188e-02   1.165768e-15
    620   7.745165e-13   2.766105e-05   1.366298e-02   7.823399e-15
    621   8.058882e-14   2.159707e-05   6.250000e-02   8.140285e-16
    622   7.210913e-13   3.018305e-05   1.906641e-02   7.283750e-15
    623   2.713308e-13   2.439546e-05   2.675458e-02   2.740715e-15
    624   1.032766e-13   2.125223e-05   4.647099e-02   1.043198e-15
    625   1.893222e-13   2.871026e-05   6.250000e-02   1.912345e-15
    626   2.441663e-13   2.836382e-05   4.672814e-02   2.466326e-15
    627   1.272037e-13   2.111296e-05   3.699283e-02   1.284886e-15
    628   9.828730e-14   2.088836e-05   4.636454e-02   9.928010e-16
    629   6.569663e-14   1.780342e-05   4.294744e-02   6.636023e-16
    630   1.412013e-13   2.603652e-05   6.250000e-02   1.426276e-15
    631   4.591141e-13   3.322048e-05   3.992704e-02   4.637517e-15
    632   4.800063e-13   2.439767e-05   1.512754e-02   4.848548e-15
    633   5.212465e-13   3.229079e-05   3.229705e-02   5.265116e-15
    634   3.249022e-13   2.678883e-05   2.958549e-02   3.281840e-15
    635   1.394191e-13   2.001300e-05   2.874643e-02   1.408274e-15
    636   2.245600e-13   2.292613e-05   2.683055e-02   2.268283e-15
    637   1.463734e-13   1.861947e-05   2.205005e-02   1.478519e-15
    638   3.427963e-13   2.841108e-05   3.345009e-02   3.462588e-15
    639   3.906474e-13   3.268272e-05   4.468274e-02   3.945934e-15
    640   1.359429e-13   2.289307e-05   4.412914e-02   1.373161e-15
    641   6.888903e-14   2.221553e-05   7.957747e-02   6.958488e-16
    642   1.216416e-13   2.477407e-05   6.250000e-02   1.228703e-15
    643   6.664682e-14   1.776139e-05   4.203600e-02   6.732002e-16
    644   1.360088e-13   2.349731e-05   4.769328e-02   1.373826e-15
    645   3.829655e-13   2.217913e-05   1.424438e-02   3.868339e-15
    646   5.844633e-13   3.744279e-05   4.490733e-02   5.903670e-15
    647   1.941428e-13   2.448025e-05   3.778299e-02   1.961039e-15
    648   1.256661e-13   1.893040e-05   2.699175e-02   1.269355e-15
    649   3.512324e-13   3.108825e-05   4.277246e-02   3.547802e-15
    650   1.826224e-13   2.836752e-05   6.250000e-02   1.844671e-15
    651   4.619672e-13   2.875796e-05   2.574145e-02   4.666335e-15
    652   1.300152e-13   2.237966e-05   4.310584e-02   1.313285e-15
    653   1.773775e-13   2.465874e-05   4.226529e-02   1.791692e-15
    654   6.096212e-13   3.683057e-05   4.097653e-02   6.157790e-15
    655   1.516338e-13   2.208566e-05   3.552264e-02   1.531654e-15
    656   2.475372e-13   2.046596e-05   1.731512e-02   2.500376e-15
    657   5.176394e-13   2.688544e-05   1.877130e-02   5.228681e-15
    658   2.832519e-13   2.701885e-05   3.481752e-02   2.861130e-15
    659   1.622755e-13   2.394754e-05   4.231552e-02   1.639147e-15
    660   4.092312e-13   2.820174e-05   2.740495e-02   4.133649e-15
    661   3.445562e-13   3.505285e-05   6.250000e-02   3.480366e-15
    662   4.784214e-13   2.285545e-05   1.247753e-02   4.832540e-15
    663   8.601261e-14   1.918338e-05   4.103770e-02   8.688142e-16
    664   4.715373e-13   3.117679e-05   3.213276e-02   4.763003e-15
    665   4.585628e-13   3.092314e-05   3.224200e-02   4.631948e-15
    666   2.779028e-13   2.271349e-05   2.108284e-02   2.807099e-15
    667   7.920293e-14   2.147256e-05   6.250000e-02   8.000296e-16
    668   4.482799e-13   3.178475e-05   3.581601e-02   4.528080e-15
    669   1.788671e-13   3.053399e-05   7.957747e-02   1.806738e-15
    670   6.981620e-14   1.636585e-05   3.139273e-02   7.052142e-16
    671   7.239609e-14   2.083891e-05   6.250000e-02   7.312737e-16
    672   1.359627e-13   2.175599e-05   3.786926e-02   1.373360e-15
    673   2.573353e-13   2.461542e-05   2.897961e-02   2.599346e-15
    674   6.776018e-14   2.209352e-05   7.957747e-02   6.844463e-16
    675   2.964161e-13   2.720581e-05   3.396668e-02   2.994102e-15
    676   1.405774e-13   2.817811e-05   7.957747e-02   1.419973e-15
    677   7.532135e-14   2.111589e-05   6.250000e-02   7.608217e-16
    678   7.713775e-14   1.796411e-05   3.757680e-02   7.791692e-16
    679   3.447493e-13   2.720661e-05   2.920720e-02   3.482316e-15
    680   1.314342e-13   1.989000e-05   2.993411e-02   1.327618e-15
    681   3.875434e-13   2.840231e-05   2.956041e-02   3.914580e-15
    682   2.745392e-13   2.310460e-05   2.246266e-02   2.773123e-15
    683   1.867857e-13   2.290370e-05   3.216204e-02   1.886724e-15
    684   1.208213e-13   1.939162e-05   3.017648e-02   1.220417e-15
    685   1.551697e-13   2.338080e-05   4.118522e-02   1.567370e-15
    686   3.284430e-13   2.678572e-05   2.925634e-02   3.317606e-15
    687   1.439138e-13   2.199376e-05   3.696288e-02   1.453675e-15
    688   6.154321e-13   3.506564e-05   3.502960e-02   6.216485e-15
    689   4.375395e-14   1.761878e-05   6.250000e-02   4.419591e-16
    690   3.169867e-13   2.443258e-05   2.300577e-02   3.201886e-15
    691   2.664892e-13   2.632675e-05   3.423592e-02   2.691810e-15
    692   1.630546e-13   1.648151e-05   1.372866e-02   1.647016e-15
    693   4.362958e-13   3.018244e-05   3.151027e-02   4.407029e-15
    694   6.687458e-13   3.077703e-05   2.179662e-02   6.755009e-15
    695   5.397686e-13   3.268548e-05   3.234648e-02   5.452208e-15
    696   1.272266e-13   2.725624e-05   7.957747e-02   1.285117e-15
    697   1.339596e-12   3.468925e-05   1.558048e-02   1.353127e-14
    698   2.170236e-13   1.917915e-05   1.625366e-02   2.192157e-15
    699   3.509853e-13   2.703203e-05   2.813953e-02   3.545306e-15
    700   7.439118e-13   3.082164e-05   1.967957e-02   7.514261e-15
    701   6.527124e-14   2.013155e-05   6.250000e-02   6.593055e-16
    702   1.009423e-12   2.909557e-05   1.220048e-02   1.019620e-14
    703   6.028717e-14   1.763466e-05   4.548274e-02   6.089614e-16
    704   1.782091e-13   2.576036e-05   4.796185e-02   1.800092e-15
    705   3.502992e-13   3.524653e-05   6.250000e-02   3.538376e-15
    706   2.411886e-13   2.796804e-05   4.535231e-02   2.436248e-15
    707   1.104926e-13   1.988128e-05   3.556066e-02   1.116086e-15
    708   1.801212e-13   2.111772e-05   2.614243e-02   1.819406e-15
    709   4.738301e-13   2.931409e-05   2.658134e-02   4.786162e-15
    710   1.547353e-13   2.909398e-05   7.957747e-02   1.562983e-15
    711   1.681363e-13   2.153205e-05   2.968688e-02   1.698346e-15
    712   3.849933e-13   2.284747e-05   1.548929e-02   3.888821e-15
    713   3.380317e-13   2.047803e-05   1.270215e-02   3.414462e-15
    714   4.302374e-13   2.516814e-05   1.852743e-02   4.345833e-15
    715   1.746780e-13   2.505328e-05   4.501170e-02   1.764424e-15
    716   2.226833e-13   2.650592e-05   4.181299e-02   2.249326e-15
    717   9.348234e-14   1.880096e-05   3.554517e-02   9.442661e-16
    718   7.435439e-13   2.793256e-05   1.465533e-02   7.510545e-15
    719   5.689296e-13   2.621285e-05   1.582903e-02   5.746764e-15
    720   1.373785e-13   1.966705e-05   2.768656e-02   1.387661e-15
    721   7.444866e-14   1.909938e-05   4.679190e-02   7.520066e-16
    722   3.281567e-13   2.008253e-05   1.234082e-02   3.314714e-15
    723   1.304963e-13   1.984706e-05   2.995436e-02   1.318145e-15
    724   9.912793e-13   3.184181e-05   1.628423e-02   1.001292e-14
    725   5.008920e-13   3.382637e-05   3.863598e-02   5.059515e-15
    726   5.684997e-14   1.922561e-05   6.250000e-02   5.742421e-16
    727   3.450049e-13   2.488101e-05   2.232280e-02   3.484898e-15
    728   5.062938e-13   3.288235e-05   3.511202e-02   5.114079e-15
    729   2.365329e-13   2.046477e-05   1.811752e-02   2.389221e-15
    730   1.169240e-13   1.900496e-05   2.935398e-02   1.181050e-15
    731   4.564798e-13   2.936947e-05   2.774834e-02   4.610907e-15
    732   8.740459e-14   2.218953e-05   6.250000e-02   8.828746e-16
    733   9.280661e-13   2.886288e-05   1.295419e-02   9.374405e-15
    734   5.258327e-13   2.782840e-05   2.049213e-02   5.311441e-15
    735   4.370561e-13   2.801386e-05   2.515079e-02   4.414708e-15
    736   7.494530e-13   2.887748e-05   1.606585e-02   7.570233e-15
    737   3.069475e-13   2.513358e-05   2.586241e-02   3.100480e-15
    738   5.128377e-13   3.239626e-05   3.314933e-02   5.180179e-15
    739   4.214573e-13   3.202797e-05   3.897665e-02   4.257145e-15
    740   7.707101e-14   1.810942e-05   3.852941e-02   7.784951e-16
    741   1.312170e-13   2.753828e-05   7.957747e-02   1.325425e-15
    742   5.668871e-14   2.081799e-05   7.957747e-02   5.726132e-16
    743   1.938334e-13   2.531582e-05   4.185212e-02   1.957914e-15
    744   3.683720e-13   3.075284e-05   3.947656e-02   3.720929e-15
    745   1.587964e-13   2.707594e-05   6.250000e-02   1.604004e-15
    746   8.284726e-13   3.067010e-05   1.741155e-02   8.368410e-15
    747   2.206558e-13   2.462985e-05   3.385634e-02   2.228847e-15
    748   4.143410e-13   3.068408e-05   3.486193e-02   4.185262e-15
    749   2.259086e-13   2.448112e-05   3.247367e-02   2.281905e-15
    750   8.707834e-13   3.025209e-05   1.589740e-02   8.795792e-15
    751   6.194386e-13   3.026257e-05   2.237120e-02   6.256956e-15
    752   2.835752e-13   2.642577e-05   3.253753e-02   2.864396e-15
    753   9.198120e-13   3.455992e-05   2.243826e-02   9.291030e-15
    754   4.842942e-13   3.510183e-05   4.465294e-02   4.891861e-15
    755   1.420773e-13   2.364493e-05   4.652212e-02   1.435125e-15
    756   9.065795e-13   3.106681e-05   1.653690e-02   9.157368e-15
    757   1.193974e-13   1.546656e-05   1.549374e-02   1.206034e-15
    758   2.912849e-13   3.314434e-05   6.250000e-02   2.942272e-15
    759   2.163459e-13   3.001600e-05   6.250000e-02   2.185312e-15
    760   1.196920e-13   2.136606e-05   4.074539e-02   1.209010e-15
    761   9.771740e-14   1.733206e-05   2.664089e-02   9.870445e-16
    762   3.157665e-13   2.691373e-05   3.086923e-02   3.189561e-15
    763   1.721447e-13   2.468988e-05   4.371531e-02   1.738835e-15
    764   8.567552e-13   3.104040e-05   1.745400e-02   8.654093e-15
    765   3.751949e-13   2.497709e-05   2.076532e-02   3.789847e-15
    766   1.453838e-13   2.133935e-05   3.341930e-02   1.468523e-15
    767   2.336046e-13   2.769213e-05   4.545251e-02   2.359643e-15
    768   1.775326e-13   3.045786e-05   7.957747e-02   1.793259e-15
    769   1.066958e-13   1.870698e-05   3.067846e-02   1.077735e-15
    770   2.333632e-13   2.598889e-05   3.760980e-02   2.357204e-15
    771   2.271494e-13   3.306566e-05   7.957747e-02   2.294438e-15
    772   9.911976e-13   3.082984e-05   1.478167e-02   1.001210e-14
    773   1.319474e-13   2.758928e-05   7.957747e-02   1.332802e-15
    774   3.626466e-13   2.395550e-05   1.895406e-02   3.663097e-15
    775   1.853916e-13   2.851018e-05   6.250000e-02   1.872642e-15
    776   3.135220e-13   2.237326e-05   1.786034e-02   3.166889e-15
    777   5.667737e-14   2.081661e-05   7.957747e-02   5.724987e-16
    778   5.892974e-14   1.758733e-05   4.615672e-02   5.952499e-16
    779   5.934806e-14   1.648056e-05   3.771197e-02   5.994754e-16
    780   2.429037e-13   2.692720e-05   4.018920e-02   2.453573e-15
    781   4.626677e-13   3.176604e-05   3.464096e-02   4.673411e-15
    782   2.034469e-13   2.940720e-05   6.250000e-02   2.055019e-15
    783   1.809987e-13   1.949588e-05   2.047024e-02   1.828270e-15
    784   9.486304e-13   3.114043e-05   1.591647e-02   9.582125e-15
    785   4.027563e-13   2.865907e-05   2.922227e-02   4.068246e-15
    786   2.374655e-13   2.576260e-05   3.600298e-02   2.398641e-15
    787   2.133979e-13   2.987904e-05   6.250000e-02   2.155534e-15
    788   7.787829e-13   2.988328e-05   1.713320e-02   7.866494e-15
    789   2.794830e-13   2.502407e-05   2.803423e-02   2.823060e-15
    790   2.521316e-13   2.678529e-05   3.810936e-02   2.546784e-15
    791   1.200587e-12   3.474325e-05   1.746577e-02   1.212714e-14
    792   1.399550e-13   2.595969e-05   6.250000e-02   1.413687e-15
    793   9.164457e-14   1.977070e-05   4.216277e-02   9.257027e-16
    794   4.581630e-13   2.450040e-05   1.604979e-02   4.627909e-15
    795   7.004533e-13   2.482273e-05   1.091790e-02   7.075286e-15
    796   1.943520e-13   2.607717e-05   4.562072e-02   1.963151e-15
    797   5.120297e-13   2.710097e-05   1.943700e-02   5.172017e-15
    798   7.357516e-13   3.406392e-05   2.686104e-02   7.431834e-15
    799   2.255340e-13   2.448076e-05   3.252614e-02   2.278122e-15
    800   4.641448e-13   2.825269e-05   2.429383e-02   4.688332e-15
    801   3.442948e-13   2.666741e-05   2.754116e-02   3.477725e-15
    802   1.583979e-13   2.256207e-05   3.625413e-02   1.599979e-15
    803   2.042149e-13   2.497737e-05   3.815250e-02   2.062776e-15
    804   2.400332e-13   2.171237e-05   2.132162e-02   2.424578e-15
    805   3.194859e-13   2.845137e-05   3.604357e-02   3.227131e-15
    806   2.034209e-13   2.013577e-05   2.006685e-02   2.054757e-15
    807   1.266043e-13   2.510650e-05   6.250000e-02   1.278831e-15
    808   9.215263e-13   3.141201e-05   1.681703e-02   9.308346e-15
    809   1.228343e-13   2.059395e-05   3.555245e-02   1.240750e-15
    810   3.589896e-13   2.561337e-05   2.340390e-02   3.626157e-15
    811   9.764083e-14   2.495460e-05   7.957747e-02   9.862710e-16
    812   7.273185e-14   1.720275e-05   3.499766e-02   7.346652e-16
    813   1.638334e-13   2.438318e-05   4.424239e-02   1.654883e-15
    814   7.487899e-13   2.691592e-05   1.302080e-02   7.563535e-15
    815   3.951248e-13   3.337840e-05   4.705786e-02   3.991159e-15
    816   1.095171e-13   2.139424e-05   4.470732e-02   1.106233e-15
    817   1.082927e-13   1.710432e-05   2.310405e-02   1.093865e-15
    818   6.473974e-13   2.772675e-05   1.646251e-02   6.539368e-15
    819   3.300913e-13   3.455530e-05   6.250000e-02   3.334255e-15
    820   1.986508e-13   2.551079e-05   4.178796e-02   2.006574e-15
    821   1.467087e-13   2.196664e-05   3.612476e-02   1.481906e-15
    822   4.182555e-13   3.343904e-05   4.469818e-02   4.224803e-15
    823   6.524242e-13   3.375374e-05   2.947174e-02   6.590144e-15
    824   1.056597e-13   2.363777e-05   6.250000e-02   1.067270e-15
    825   2.156698e-13   2.419967e-05   3.285557e-02   2.178483e-15
    826   1.409287e-13   2.294378e-05   4.285145e-02   1.423522e-15
    827   5.907785e-13   3.170414e-05   2.697076e-02   5.967460e-15
    828   3.693580e-13   3.192052e-05   4.402836e-02   3.730889e-15
    829   1.816663e-13   2.280299e-05   3.263405e-02   1.835013e-15
    830   1.103604e-13   2.130514e-05   4.381367e-02   1.114752e-15
    831   5.698713e-13   2.735582e-05   1.796149e-02   5.756275e-15
    832   1.718860e-13   3.013146e-05   7.957747e-02   1.736222e-15
    833   5.115617e-13   2.467213e-05   1.467884e-02   5.167290e-15
    834   6.134240e-13   3.339588e-05   3.035903e-02   6.196202e-15
    835   7.175668e-14   1.486302e-05   2.287858e-02   7.248150e-16
    836   6.967110e-14   1.810663e-05   4.260205e-02   7.037485e-16
    837   8.274394e-14   1.835027e-05   3.733890e-02   8.357974e-16
    838   3.302754e-13   2.627194e-05   2.745176e-02   3.336115e-15
    839   3.622702e-13   3.216406e-05   4.592508e-02   3.659295e-15
    840   7.109137e-14   2.071297e-05   6.250000e-02   7.180947e-16
    841   1.840691e-13   1.900282e-05   1.863989e-02   1.859284e-15
    842   1.775112e-13   2.327108e-05   3.549718e-02   1.793042e-15
    843   2.484072e-13   2.220929e-05   2.205007e-02   2.509164e-15
    844   2.165448e-13   2.578635e-05   3.959056e-02   2.187321e-15
    845   7.510737e-13   3.024903e-05   1.842561e-02   7.586603e-15
    846   1.008629e-13   2.118914e-05   4.716050e-02   1.018817e-15
    847   2.239776e-13   2.780481e-05   4.798720e-02   2.262400e-15
    848   4.144621e-13   3.340733e-05   4.497907e-02   4.186486e-15
    849   8.589969e-13   3.219594e-05   1.942593e-02   8.676736e-15
    850   2.553605e-13   2.683871e-05   3.785309e-02   2.579399e-15
    851   2.613803e-13   2.396270e-05   2.632112e-02   2.640205e-15
    852   9.264241e-14   1.741631e-05   2.851205e-02   9.357819e-16
    853   1.950817e-13   2.632140e-05   4.673910e-02   1.970523e-15
    854   1.488547e-13   2.379161e-05   4.523546e-02   1.503583e-15
    855   1.533077e-13   2.431992e-05   4.691294e-02   1.548563e-15
    856   1.025906e-12   3.436153e-05   1.977334e-02   1.036268e-14
    857   4.455797e-13   2.819592e-05   2.515379e-02   4.500805e-15
    858   7.785586e-14   2.314038e-05   7.957747e-02   7.864229e-16
    859   4.823321e-13   3.170884e-05   3.304951e-02   4.872041e-15
    860   3.470646e-13   3.513771e-05   6.250000e-02   3.505703e-15
    861   1.208749e-13   2.472191e-05   6.250000e-02   1.220958e-15
    862   4.453585e-13   2.428701e-05   1.608357e-02   4.498571e-15
    863   3.188560e-13   2.885832e-05   3.768673e-02   3.220767e-15
    864   7.218831e-13   3.286960e-05   2.459724e-02   7.291749e-15
    865   8.632349e-14   2.395060e-05   7.957747e-02   8.719545e-16
    866   4.438773e-13   3.043239e-05   3.174793e-02   4.483609e-15
    867   1.157525e-13   1.654532e-05   1.956435e-02   1.169217e-15
    868   2.239909e-13   2.466622e-05   3.350021e-02   2.262534e-15
    869   2.037905e-13   2.336085e-05   3.127893e-02   2.058490e-15
    870   1.192320e-12   3.338358e-05   1.560184e-02   1.204363e-14
    871   5.326180e-13   2.583763e-05   1.619243e-02   5.379980e-15
    872   3.922607e-13   2.419328e-05   1.805010e-02   3.962229e-15
    873   1.304735e-13   2.223836e-05   4.214595e-02   1.317914e-15
    874   6.487224e-13   2.966188e-05   2.011440e-02   6.552751e-15
    875   8.005145e-13   3.160586e-05   1.971986e-02   8.086005e-15
    876   7.619114e-14   1.829696e-05   4.019782e-02   7.696075e-16
    877   7.825096e-13   3.344050e-05   2.389454e-02   7.904137e-15
    878   3.712725e-13   2.491432e-05   2.082689e-02   3.750228e-15
    879   8.486091e-13   3.435037e-05   2.388122e-02   8.571809e-15
    880   2.568136e-13   2.887045e-05   4.685031e-02   2.594077e-15
    881   1.689649e-13   2.104855e-05   2.759562e-02   1.706716e-15
    882   3.454185e-13   2.402312e-05   2.006840e-02   3.489076e-15
    883   3.396370e-13   3.035920e-05   4.119323e-02   3.430677e-15
    884   6.756732e-13   2.963660e-05   1.926275e-02   6.824981e-15
    885   2.427952e-13   2.750187e-05   4.283678e-02   2.452477e-15
    886   9.974603e-14   2.055535e-05   4.353603e-02   1.007536e-15
    887   1.746817e-13   2.795026e-05   6.250000e-02   1.764462e-15
    888   5.006017e-13   2.367672e-05   1.325691e-02   5.056582e-15
    889   4.255558e-13   2.463977e-05   1.757613e-02   4.298544e-15
    890   4.188248e-13   2.616894e-05   2.139420e-02   4.230554e-15
    891   2.161541e-13   2.379394e-05   3.116058e-02   2.183375e-15
    892   9.520142e-13   3.265229e-05   1.828385e-02   9.616305e-15
    893   4.583438e-13   3.418106e-05   4.356473e-02   4.629736e-15
    894   8.091758e-14   1.908912e-05   4.298184e-02   8.173493e-16
    895   1.059588e-12   2.977611e-05   1.245768e-02   1.070291e-14
    896   1.851601e-13   2.236935e-05   3.022612e-02   1.870305e-15
    897   4.334537e-13   3.123164e-05   3.514081e-02   4.378320e-15
    898   6.135712e-13   3.175410e-05   2.609183e-02   6.197689e-15
    899   2.146665e-13   2.640542e-05   4.288299e-02   2.168349e-15
    900   1.759169e-13   2.144894e-05   2.804658e-02   1.776939e-15
    901   6.727839e-13   2.716587e-05   1.489927e-02   6.795797e-15
    902   3.019546e-13   2.243272e-05   1.869278e-02   3.050047e-15
    903   1.702545e-13   2.504355e-05   4.612740e-02   1.719742e-15
    904   1.420710e-12   3.514738e-05   1.528071e-02   1.435061e-14
    905   1.098257e-13   1.902172e-05   3.133396e-02   1.109351e-15
    906   2.362604e-13   2.345964e-05   2.732393e-02   2.386469e-15
    907   6.547801e-14   1.784471e-05   4.339135e-02   6.613940e-16
    908   6.514406e-13   3.678001e-05   3.818833e-02   6.580208e-15
    909   8.837491e-13   3.430062e-05   2.283216e-02   8.926759e-15
    910   1.022268e-12   3.684303e-05   2.446083e-02   1.032594e-14
    911   2.616335e-13   2.815153e-05   4.263661e-02   2.642762e-15
    912   9.649263e-14   1.781997e-05   2.932221e-02   9.746730e-16
    913   1.300918e-13   2.235749e-05   4.295257e-02   1.314058e-15
    914   1.158196e-13   2.641602e-05   7.957747e-02   1.169895e-15
    915   2.826261e-13   2.790126e-05   3.842637e-02   2.854809e-15
    916   1.037082e-12   3.570831e-05   2.195153e-02   1.047558e-14
    917   6.181888e-13   2.757912e-05   1.696640e-02   6.244332e-15
    918   1.399758e-13   2.596097e-05   6.250000e-02   1.413897e-15
    919   3.694162e-13   2.383844e-05   1.833528e-02   3.731477e-15
    920   4.936773e-14   1.988022e-05   7.957747e-02   4.986639e-16
    921   1.186318e-13   1.705667e-05   2.091469e-02   1.198301e-15
    922   1.763612e-13   2.803955e-05   6.250000e-02   1.781426e-15
    923   2.829981e-13   3.282700e-05   6.250000e-02   2.858567e-15
    924   8.296632e-13   3.537950e-05   2.668843e-02   8.380437e-15
    925   2.094989e-13   2.969595e-05   6.250000e-02   2.116151e-15
    926   2.551128e-13   2.868607e-05   4.626481e-02   2.576897e-15
    927   3.040773e-13   2.314371e-05   2.038378e-02   3.071488e-15
    928   3.822679e-13   2.721705e-05   2.637092e-02   3.861292e-15
    929   2.522337e-13   2.498226e-05   3.090735e-02   2.547816e-15
    930   9.389884e-13   3.642112e-05   2.572585e-02   9.484731e-15
    931   3.360671e-13   2.990146e-05   3.977599e-02   3.394618e-15
    932   1.574031e-13   2.378316e-05   4.273321e-02   1.589931e-15
    933   4.920453e-13   2.233358e-05   1.131984e-02   4.970154e-15
    934   1.108897e-13   2.402152e-05   6.250000e-02   1.120098e-15
    935   6.958797e-14   2.229041e-05   7.957747e-02   7.029088e-16
    936   3.503371e-13   2.099674e-05   1.321112e-02   3.538758e-15
    937   5.682342e-13   2.852471e-05   2.042238e-02   5.739739e-15
    938   1.569525e-13   2.244939e-05   3.604255e-02   1.585379e-15
    939   1.961105e-13   2.186987e-05   2.666905e-02   1.980914e-15
    940   3.500588e-13   2.735367e-05   2.923316e-02   3.535947e-15
    941   9.767081e-14   2.302634e-05   6.250000e-02   9.865738e-16
    942   6.754643e-13   3.403332e-05   2.917969e-02   6.822872e-15
    943   7.957279e-13   2.738293e-05   1.290165e-02   8.037656e-15
    944   3.316672e-13   2.740065e-05   3.101345e-02   3.350174e-15
    945   2.050420e-13   2.396963e-05   3.358235e-02   2.071131e-15
    946   2.037924e-13   2.529893e-05   3.972727e-02   2.058509e-15
    947   1.144839e-13   2.631408e-05   7.957747e-02   1.156403e-15
    948   9.466990e-14   1.968388e-05   4.028005e-02   9.562616e-16
    949   6.536684e-13   3.598695e-05   3.564901e-02   6.602711e-15
    950   7.491200e-13   3.253671e-05   2.299003e-02   7.566869e-15
    951   1.336924e-13   2.073448e-05   3.333823e-02   1.350428e-15
    952   6.745448e-13   3.677859e-05   3.687607e-02   6.813583e-15
    953   2.047479e-13   2.640314e-05   4.494871e-02   2.068161e-15
    954   6.317000e-14   1.991317e-05   6.250000e-02   6.380808e-16
    955   6.189525e-13   3.468674e-05   3.371346e-02   6.252046e-15
    956   3.001842e-13   2.324260e-05   2.091396e-02   3.032164e-15
    957   3.127155e-13   3.077277e-05   4.659296e-02   3.158742e-15
    958   1.905010e-13   2.134373e-05   2.552018e-02   1.924253e-15
    959   8.505359e-13   3.666331e-05   2.897160e-02   8.591271e-15
    960   2.484179e-13   2.602292e-05   3.546952e-02   2.509271e-15
    961   1.598542e-13   2.230922e-05   3.472958e-02   1.614688e-15
    962   9.362334e-13   3.059061e-05   1.528799e-02   9.456903e-15
    963   7.636386e-13   3.081813e-05   1.916465e-02   7.713521e-15
    964   3.555890e-13   2.513064e-05   2.231682e-02   3.591808e-15
    965   2.405853e-13   2.117384e-05   1.972876e-02   2.430154e-15
    966   5.984936e-14   1.955794e-05   6.250000e-02   6.045390e-16
    967   2.769161e-13   2.867545e-05   4.257479e-02   2.797132e-15
    968   9.222834e-13   3.450807e-05   2.227757e-02   9.315994e-15
    969   3.824768e-13   2.492518e-05   2.024322e-02   3.863402e-15
    970   7.727486e-13   3.596240e-05   3.009386e-02   7.805541e-15
    971   2.591324e-13   2.751412e-05   4.018972e-02   2.617499e-15
    972   2.041346e-13   2.944030e-05   6.250000e-02   2.061965e-15
    973   1.053487e-12   3.266855e-05   1.654743e-02   1.064128e-14
    974   1.153988e-13   2.434279e-05   6.250000e-02   1.165644e-15
    975   2.547108e-13   2.444086e-05   2.865975e-02   2.572836e-15
    976   1.494556e-13   2.316257e-05   4.157363e-02   1.509652e-15
    977   1.012960e-12   3.166832e-05   1.567662e-02   1.023192e-14
    978   2.693847e-13   3.499970e-05   7.957747e-02   2.721058e-15
    979   3.189039e-13   2.546429e-05   2.588838e-02   3.221251e-15
    980   2.005004e-13   2.926454e-05   6.250000e-02   2.025256e-15
    981   2.567645e-13   3.177959e-05   6.250000e-02   2.593581e-15
    982   4.250820e-13   2.865939e-05   2.768843e-02   4.293758e-15
    983   5.570245e-13   3.080657e-05   2.624375e-02   5.626510e-15
    984   5.381087e-13   2.721640e-05   1.873233e-02   5.435441e-15
    985   4.583282e-13   2.998547e-05   2.941210e-02   4.629578e-15
    986   4.233662e-13   3.197724e-05   3.861683e-02   4.276426e-15
    987   4.065226e-13   3.299430e-05   4.417759e-02   4.106289e-15
    988   2.079272e-13   2.962150e-05   6.250000e-02   2.100275e-15
    989   8.049119e-14   1.934978e-05   4.500386e-02   8.130423e-16
    990   4.928120e-13   3.166443e-05   3.221097e-02   4.977899e-15
    991   1.147187e-13   2.132593e-05   4.227265e-02   1.158775e-15
    992   2.103086e-13   2.359718e-05   3.123874e-02   2.124329e-15
    993   2.178803e-13   2.706712e-05   4.550698e-02   2.200811e-15
    994   1.219870e-12   3.615439e-05   1.937045e-02   1.232192e-14
    995   6.861225e-13   3.100858e-05   2.172771e-02   6.930531e-15
    996   5.993354e-13   3.171666e-05   2.661721e-02   6.053893e-15
    997   1.082510e-13   1.941998e-05   3.382866e-02   1.093444e-15
    998   1.425094e-13   2.611667e-05   6.250000e-02   1.439489e-15
    999   3.163989e-13   2.963137e-05   4.111403e-02   3.195948e-15
   1000   4.279207e-13   2.605278e-05   2.066184e-02   4.322431e-15
