-10 34.656 34.656 5e+06 
-10 161.432 34.656 5e+06 
-10 288.207 34.656 5e+06 
-10 414.983 34.656 5e+06 
-10 541.759 34.656 5e+06 
-10 668.534 34.656 5e+06 
-10 795.31 34.656 5e+06 
-10 922.085 34.656 5e+06 
-10 1048.86 34.656 5e+06 
-10.0119 1175.64 34.656 5e+06 
-10.2087 34.656 161.623 4e+06 
-10.0785 161.432 161.623 4e+06 
-10.0537 288.207 161.623 4e+06 
-10.0186 414.983 161.623 4e+06 
-10.0081 541.759 161.623 4e+06 
-10.0037 668.534 161.623 4e+06 
-10.0025 795.31 161.623 4e+06 
-10.0008 922.085 161.623 4e+06 
-10.0004 1048.86 161.623 4e+06 
-10.0155 1175.64 161.623 4e+06 
-10.5278 34.656 288.589 4e+06 
-10.4058 161.432 288.589 4e+06 
-10.1549 288.207 288.589 4e+06 
-10.0768 414.983 288.589 4e+06 
-10.0453 541.759 288.589 4e+06 
-10.0277 668.534 288.589 4e+06 
-10.0125 795.31 288.589 4e+06 
-10.0049 922.085 288.589 4e+06 
-10.0021 1048.86 288.589 4e+06 
-10.0181 1175.64 288.589 4e+06 
-10.7608 34.656 415.555 4e+06 
-10.5492 161.432 415.555 4e+06 
-10.2928 288.207 415.555 4e+06 
-10.1929 414.983 415.555 4e+06 
-10.1454 541.759 415.555 4e+06 
-10.1001 668.534 415.555 4e+06 
-10.0425 795.31 415.555 4e+06 
-10.0244 922.085 415.555 4e+06 
-10.0106 1048.86 415.555 4e+06 
-10.0272 1175.64 415.555 4e+06 
-10.8867 34.656 542.522 4e+06 
-10.733 161.432 542.522 4e+06 
-10.5141 288.207 542.522 4e+06 
-10.3957 414.983 542.522 4e+06 
-10.2589 541.759 542.522 4e+06 
-10.1934 668.534 542.522 4e+06 
-10.1206 795.31 542.522 4e+06 
-10.0819 922.085 542.522 4e+06 
-10.0485 1048.86 542.522 4e+06 
-10.0477 1175.64 542.522 4e+06 
-11.2509 34.656 669.488 4e+06 
-11.0376 161.432 669.488 4e+06 
-10.8433 288.207 669.488 4e+06 
-10.5095 414.983 669.488 4e+06 
-10.3749 541.759 669.488 4e+06 
-10.2735 668.534 669.488 4e+06 
-10.2122 795.31 669.488 4e+06 
-10.1509 922.085 669.488 4e+06 
-10.1056 1048.86 669.488 4e+06 
-10.0901 1175.64 669.488 4e+06 
-11.463 34.656 796.455 4e+06 
-11.301 161.432 796.455 4e+06 
-10.9721 288.207 796.455 4e+06 
-10.8049 414.983 796.455 4e+06 
-10.5807 541.759 796.455 4e+06 
-10.4548 668.534 796.455 4e+06 
-10.3482 795.31 796.455 4e+06 
-10.249 922.085 796.455 4e+06 
-10.1733 1048.86 796.455 4e+06 
-10.1328 1175.64 796.455 4e+06 
-11.5925 34.656 923.421 4e+06 
-11.4218 161.432 923.421 4e+06 
-11.2377 288.207 923.421 4e+06 
-11.0529 414.983 923.421 4e+06 
-10.8497 541.759 923.421 4e+06 
-10.6015 668.534 923.421 4e+06 
-10.4246 795.31 923.421 4e+06 
-10.3293 922.085 923.421 4e+06 
-10.2653 1048.86 923.421 4e+06 
-10.2196 1175.64 923.421 4e+06 
-11.7287 34.656 1050.39 3e+06 
-11.5705 161.432 1050.39 3e+06 
-11.3951 288.207 1050.39 3e+06 
-11.2742 414.983 1050.39 3e+06 
-11.0629 541.759 1050.39 3e+06 
-10.9148 668.534 1050.39 3e+06 
-10.6313 795.31 1050.39 3e+06 
-10.4973 922.085 1050.39 3e+06 
-10.352 1048.86 1050.39 3e+06 
-10.2852 1175.64 1050.39 3e+06 
-11.9988 34.656 1177.35 3e+06 
-11.8468 161.432 1177.35 3e+06 
-11.6451 288.207 1177.35 3e+06 
-11.4293 414.983 1177.35 3e+06 
-11.2738 541.759 1177.35 3e+06 
-11.0232 668.534 1177.35 3e+06 
-10.8074 795.31 1177.35 3e+06 
-10.6763 922.085 1177.35 3e+06 
-10.5161 1048.86 1177.35 3e+06 
-10.3978 1175.64 1177.35 3e+06 
-10.2427 34.656 34.656 5e+06 
-10.1263 161.432 34.656 5e+06 
-10.0641 288.207 34.656 5e+06 
-10.0366 414.983 34.656 5e+06 
-10.0204 541.759 34.656 5e+06 
-10.0122 668.534 34.656 5e+06 
-10.0064 795.31 34.656 5e+06 
-10.0036 922.085 34.656 5e+06 
-10.0012 1048.86 34.656 5e+06 
-10.0149 1175.64 34.656 5e+06 
-10.3029 34.656 161.623 4e+06 
-10.1716 161.432 161.623 4e+06 
-10.1016 288.207 161.623 4e+06 
-10.0551 414.983 161.623 4e+06 
-10.0236 541.759 161.623 4e+06 
-10.014 668.534 161.623 4e+06 
-10.0079 795.31 161.623 4e+06 
-10.0041 922.085 161.623 4e+06 
-10.0014 1048.86 161.623 4e+06 
-10.0158 1175.64 161.623 4e+06 
-10.5594 34.656 288.589 4e+06 
-10.3297 161.432 288.589 4e+06 
-10.2064 288.207 288.589 4e+06 
-10.1157 414.983 288.589 4e+06 
-10.0599 541.759 288.589 4e+06 
-10.0329 668.534 288.589 4e+06 
-10.016 795.31 288.589 4e+06 
-10.0077 922.085 288.589 4e+06 
-10.0032 1048.86 288.589 4e+06 
-10.0212 1175.64 288.589 4e+06 
-10.7343 34.656 415.555 4e+06 
-10.5519 161.432 415.555 4e+06 
-10.3604 288.207 415.555 4e+06 
-10.2029 414.983 415.555 4e+06 
-10.1382 541.759 415.555 4e+06 
-10.086 668.534 415.555 4e+06 
-10.0529 795.31 415.555 4e+06 
-10.0258 922.085 415.555 4e+06 
-10.0101 1048.86 415.555 4e+06 
-10.0254 1175.64 415.555 4e+06 
-10.9102 34.656 542.522 4e+06 
-10.748 161.432 542.522 4e+06 
-10.5858 288.207 542.522 4e+06 
-10.4432 414.983 542.522 4e+06 
-10.2505 541.759 542.522 4e+06 
-10.1866 668.534 542.522 4e+06 
-10.1185 795.31 542.522 4e+06 
-10.0726 922.085 542.522 4e+06 
-10.0404 1048.86 542.522 4e+06 
-10.0441 1175.64 542.522 4e+06 
-11.2059 34.656 669.488 4e+06 
-10.9763 161.432 669.488 4e+06 
-10.8126 288.207 669.488 4e+06 
-10.5673 414.983 669.488 4e+06 
-10.3723 541.759 669.488 4e+06 
-10.2714 668.534 669.488 4e+06 
-10.1779 795.31 669.488 4e+06 
-10.1262 922.085 669.488 4e+06 
-10.1002 1048.86 669.488 4e+06 
-10.0893 1175.64 669.488 4e+06 
-11.5135 34.656 796.455 4e+06 
-11.2056 161.432 796.455 4e+06 
-11.0125 288.207 796.455 4e+06 
-10.8116 414.983 796.455 4e+06 
-10.567 541.759 796.455 4e+06 
-10.439 668.534 796.455 4e+06 
-10.3424 795.31 796.455 4e+06 
-10.2224 922.085 796.455 4e+06 
-10.1542 1048.86 796.455 4e+06 
-10.1314 1175.64 796.455 4e+06 
-11.6998 34.656 923.421 4e+06 
-11.4296 161.432 923.421 4e+06 
-11.2534 288.207 923.421 4e+06 
-11.0504 414.983 923.421 4e+06 
-10.8889 541.759 923.421 4e+06 
-10.6213 668.534 923.421 4e+06 
-10.5097 795.31 923.421 4e+06 
-10.3547 922.085 923.421 4e+06 
-10.2887 1048.86 923.421 4e+06 
-10.2327 1175.64 923.421 4e+06 
-11.813 34.656 1050.39 3e+06 
-11.6341 161.432 1050.39 3e+06 
-11.4023 288.207 1050.39 3e+06 
-11.2499 414.983 1050.39 3e+06 
-11.0711 541.759 1050.39 3e+06 
-10.8848 668.534 1050.39 3e+06 
-10.709 795.31 1050.39 3e+06 
-10.5552 922.085 1050.39 3e+06 
-10.4188 1048.86 1050.39 3e+06 
-10.3069 1175.64 1050.39 3e+06 
-12.0598 34.656 1177.35 3e+06 
-11.8124 161.432 1177.35 3e+06 
-11.6219 288.207 1177.35 3e+06 
-11.4454 414.983 1177.35 3e+06 
-11.2651 541.759 1177.35 3e+06 
-11.0673 668.534 1177.35 3e+06 
-10.8608 795.31 1177.35 3e+06 
-10.7119 922.085 1177.35 3e+06 
-10.5901 1048.86 1177.35 3e+06 
-10.4367 1175.64 1177.35 3e+06 
-10.6493 34.656 34.656 5e+06 
-10.3756 161.432 34.656 5e+06 
-10.165 288.207 34.656 5e+06 
-10.0673 414.983 34.656 5e+06 
-10.0483 541.759 34.656 5e+06 
-10.0275 668.534 34.656 5e+06 
-10.0155 795.31 34.656 5e+06 
-10.0078 922.085 34.656 5e+06 
-10.0036 1048.86 34.656 5e+06 
-10.0178 1175.64 34.656 5e+06 
-10.5123 34.656 161.623 4e+06 
-10.381 161.432 161.623 4e+06 
-10.2087 288.207 161.623 4e+06 
-10.1122 414.983 161.623 4e+06 
-10.0629 541.759 161.623 4e+06 
-10.0344 668.534 161.623 4e+06 
-10.0191 795.31 161.623 4e+06 
-10.0112 922.085 161.623 4e+06 
-10.0059 1048.86 161.623 4e+06 
-10.0182 1175.64 161.623 4e+06 
-10.6251 34.656 288.589 4e+06 
-10.4451 161.432 288.589 4e+06 
-10.2725 288.207 288.589 4e+06 
-10.1565 414.983 288.589 4e+06 
-10.0976 541.759 288.589 4e+06 
-10.0502 668.534 288.589 4e+06 
-10.032 795.31 288.589 4e+06 
-10.0202 922.085 288.589 4e+06 
-10.0085 1048.86 288.589 4e+06 
-10.0243 1175.64 288.589 4e+06 
-10.8577 34.656 415.555 4e+06 
-10.6431 161.432 415.555 4e+06 
-10.4785 288.207 415.555 4e+06 
-10.2637 414.983 415.555 4e+06 
-10.1829 541.759 415.555 4e+06 
-10.0993 668.534 415.555 4e+06 
-10.0641 795.31 415.555 4e+06 
-10.0391 922.085 415.555 4e+06 
-10.0176 1048.86 415.555 4e+06 
-10.0297 1175.64 415.555 4e+06 
-11.0087 34.656 542.522 4e+06 
-10.8036 161.432 542.522 4e+06 
-10.6036 288.207 542.522 4e+06 
-10.4305 414.983 542.522 4e+06 
-10.2978 541.759 542.522 4e+06 
-10.1741 668.534 542.522 4e+06 
-10.1173 795.31 542.522 4e+06 
-10.0786 922.085 542.522 4e+06 
-10.0481 1048.86 542.522 4e+06 
-10.0444 1175.64 542.522 4e+06 
-11.2259 34.656 669.488 4e+06 
-11.0189 161.432 669.488 4e+06 
-10.8021 288.207 669.488 4e+06 
-10.5757 414.983 669.488 4e+06 
-10.3955 541.759 669.488 4e+06 
-10.3118 668.534 669.488 4e+06 
-10.1976 795.31 669.488 4e+06 
-10.125 922.085 669.488 4e+06 
-10.0915 1048.86 669.488 4e+06 
-10.0759 1175.64 669.488 4e+06 
-11.4755 34.656 796.455 4e+06 
-11.2605 161.432 796.455 4e+06 
-10.9348 288.207 796.455 4e+06 
-10.7629 414.983 796.455 4e+06 
-10.5841 541.759 796.455 4e+06 
-10.4487 668.534 796.455 4e+06 
-10.3369 795.31 796.455 4e+06 
-10.2457 922.085 796.455 4e+06 
-10.16 1048.86 796.455 4e+06 
-10.1224 1175.64 796.455 4e+06 
-11.6211 34.656 923.421 4e+06 
-11.4234 161.432 923.421 4e+06 
-11.195 288.207 923.421 4e+06 
-10.9731 414.983 923.421 4e+06 
-10.824 541.759 923.421 4e+06 
-10.6122 668.534 923.421 4e+06 
-10.4368 795.31 923.421 4e+06 
-10.365 922.085 923.421 4e+06 
-10.2754 1048.86 923.421 4e+06 
-10.2154 1175.64 923.421 4e+06 
-11.8571 34.656 1050.39 3e+06 
-11.6525 161.432 1050.39 3e+06 
-11.4065 288.207 1050.39 3e+06 
-11.2217 414.983 1050.39 3e+06 
-11.0345 541.759 1050.39 3e+06 
-10.7795 668.534 1050.39 3e+06 
-10.624 795.31 1050.39 3e+06 
-10.4998 922.085 1050.39 3e+06 
-10.3951 1048.86 1050.39 3e+06 
-10.3287 1175.64 1050.39 3e+06 
-12.0442 34.656 1177.35 3e+06 
-11.8105 161.432 1177.35 3e+06 
-11.6195 288.207 1177.35 3e+06 
-11.435 414.983 1177.35 3e+06 
-11.2372 541.759 1177.35 3e+06 
-11.0375 668.534 1177.35 3e+06 
-10.8434 795.31 1177.35 3e+06 
-10.6614 922.085 1177.35 3e+06 
-10.5286 1048.86 1177.35 3e+06 
-10.4574 1175.64 1177.35 3e+06 
-10.8188 34.656 34.656 5e+06 
-10.5722 161.432 34.656 5e+06 
-10.3921 288.207 34.656 5e+06 
-10.2712 414.983 34.656 5e+06 
-10.1302 541.759 34.656 5e+06 
-10.0745 668.534 34.656 5e+06 
-10.0386 795.31 34.656 5e+06 
-10.0252 922.085 34.656 5e+06 
-10.0174 1048.86 34.656 5e+06 
-10.0272 1175.64 34.656 5e+06 
-10.7692 34.656 161.623 4e+06 
-10.5453 161.432 161.623 4e+06 
-10.3683 288.207 161.623 4e+06 
-10.254 414.983 161.623 4e+06 
-10.1396 541.759 161.623 4e+06 
-10.0857 668.534 161.623 4e+06 
-10.0524 795.31 161.623 4e+06 
-10.0269 922.085 161.623 4e+06 
-10.0181 1048.86 161.623 4e+06 
-10.0342 1175.64 161.623 4e+06 
-10.8149 34.656 288.589 4e+06 
-10.5552 161.432 288.589 4e+06 
-10.3989 288.207 288.589 4e+06 
-10.2786 414.983 288.589 4e+06 
-10.1583 541.759 288.589 4e+06 
-10.0923 668.534 288.589 4e+06 
-10.0677 795.31 288.589 4e+06 
-10.044 922.085 288.589 4e+06 
-10.0266 1048.86 288.589 4e+06 
-10.0346 1175.64 288.589 4e+06 
-10.9434 34.656 415.555 4e+06 
-10.7063 161.432 415.555 4e+06 
-10.5105 288.207 415.555 4e+06 
-10.3444 414.983 415.555 4e+06 
-10.1972 541.759 415.555 4e+06 
-10.1202 668.534 415.555 4e+06 
-10.0867 795.31 415.555 4e+06 
-10.0572 922.085 415.555 4e+06 
-10.032 1048.86 415.555 4e+06 
-10.0396 1175.64 415.555 4e+06 
-11.0726 34.656 542.522 4e+06 
-10.8575 161.432 542.522 4e+06 
-10.6845 288.207 542.522 4e+06 
-10.4995 414.983 542.522 4e+06 
-10.3042 541.759 542.522 4e+06 
-10.1913 668.534 542.522 4e+06 
-10.1402 795.31 542.522 4e+06 
-10.0983 922.085 542.522 4e+06 
-10.0649 1048.86 542.522 4e+06 
-10.0598 1175.64 542.522 4e+06 
-11.2753 34.656 669.488 4e+06 
-11.0345 161.432 669.488 4e+06 
-10.858 288.207 669.488 4e+06 
-10.6498 414.983 669.488 4e+06 
-10.4654 541.759 669.488 4e+06 
-10.3341 668.534 669.488 4e+06 
-10.2182 795.31 669.488 4e+06 
-10.1578 922.085 669.488 4e+06 
-10.0993 1048.86 669.488 4e+06 
-10.0847 1175.64 669.488 4e+06 
-11.5045 34.656 796.455 4e+06 
-11.2943 161.432 796.455 4e+06 
-11.0519 288.207 796.455 4e+06 
-10.8336 414.983 796.455 4e+06 
-10.6187 541.759 796.455 4e+06 
-10.4749 668.534 796.455 4e+06 
-10.3525 795.31 796.455 4e+06 
-10.2545 922.085 796.455 4e+06 
-10.1791 1048.86 796.455 4e+06 
-10.1306 1175.64 796.455 4e+06 
-11.6484 34.656 923.421 4e+06 
-11.4152 161.432 923.421 4e+06 
-11.2658 288.207 923.421 4e+06 
-11.0349 414.983 923.421 4e+06 
-10.8147 541.759 923.421 4e+06 
-10.6216 668.534 923.421 4e+06 
-10.488 795.31 923.421 4e+06 
-10.3869 922.085 923.421 4e+06 
-10.2728 1048.86 923.421 4e+06 
-10.217 1175.64 923.421 4e+06 
-11.827 34.656 1050.39 3e+06 
-11.5979 161.432 1050.39 3e+06 
-11.4699 288.207 1050.39 3e+06 
-11.2277 414.983 1050.39 3e+06 
-11.0626 541.759 1050.39 3e+06 
-10.8377 668.534 1050.39 3e+06 
-10.6922 795.31 1050.39 3e+06 
-10.5206 922.085 1050.39 3e+06 
-10.4269 1048.86 1050.39 3e+06 
-10.3209 1175.64 1050.39 3e+06 
-12.0503 34.656 1177.35 3e+06 
-11.7817 161.432 1177.35 3e+06 
-11.6109 288.207 1177.35 3e+06 
-11.4753 414.983 1177.35 3e+06 
-11.3072 541.759 1177.35 3e+06 
-11.0253 668.534 1177.35 3e+06 
-10.8845 795.31 1177.35 3e+06 
-10.6708 922.085 1177.35 3e+06 
-10.5483 1048.86 1177.35 3e+06 
-10.4499 1175.64 1177.35 3e+06 
-11.0274 34.656 34.656 5e+06 
-10.8495 161.432 34.656 5e+06 
-10.6544 288.207 34.656 5e+06 
-10.4501 414.983 34.656 5e+06 
-10.2518 541.759 34.656 5e+06 
-10.1413 668.534 34.656 5e+06 
-10.1041 795.31 34.656 5e+06 
-10.0712 922.085 34.656 5e+06 
-10.0554 1048.86 34.656 5e+06 
-10.0534 1175.64 34.656 5e+06 
-11.0395 34.656 161.623 4e+06 
-10.8086 161.432 161.623 4e+06 
-10.641 288.207 161.623 4e+06 
-10.4534 414.983 161.623 4e+06 
-10.2554 541.759 161.623 4e+06 
-10.1392 668.534 161.623 4e+06 
-10.1105 795.31 161.623 4e+06 
-10.0714 922.085 161.623 4e+06 
-10.0444 1048.86 161.623 4e+06 
-10.0533 1175.64 161.623 4e+06 
-11.0472 34.656 288.589 4e+06 
-10.755 161.432 288.589 4e+06 
-10.6083 288.207 288.589 4e+06 
-10.4363 414.983 288.589 4e+06 
-10.3081 541.759 288.589 4e+06 
-10.178 668.534 288.589 4e+06 
-10.1274 795.31 288.589 4e+06 
-10.0884 922.085 288.589 4e+06 
-10.0512 1048.86 288.589 4e+06 
-10.0545 1175.64 288.589 4e+06 
-11.124 34.656 415.555 4e+06 
-10.8289 161.432 415.555 4e+06 
-10.6568 288.207 415.555 4e+06 
-10.5042 414.983 415.555 4e+06 
-10.353 541.759 415.555 4e+06 
-10.1897 668.534 415.555 4e+06 
-10.133 795.31 415.555 4e+06 
-10.096 922.085 415.555 4e+06 
-10.0684 1048.86 415.555 4e+06 
-10.056 1175.64 415.555 4e+06 
-11.1925 34.656 542.522 4e+06 
-10.9352 161.432 542.522 4e+06 
-10.763 288.207 542.522 4e+06 
-10.5701 414.983 542.522 4e+06 
-10.4038 541.759 542.522 4e+06 
-10.2303 668.534 542.522 4e+06 
-10.1682 795.31 542.522 4e+06 
-10.1169 922.085 542.522 4e+06 
-10.087 1048.86 542.522 4e+06 
-10.0738 1175.64 542.522 4e+06 
-11.308 34.656 669.488 4e+06 
-11.1312 161.432 669.488 4e+06 
-10.9309 288.207 669.488 4e+06 
-10.7385 414.983 669.488 4e+06 
-10.5285 541.759 669.488 4e+06 
-10.3869 668.534 669.488 4e+06 
-10.27 795.31 669.488 4e+06 
-10.1835 922.085 669.488 4e+06 
-10.1233 1048.86 669.488 4e+06 
-10.0993 1175.64 669.488 4e+06 
-11.5234 34.656 796.455 4e+06 
-11.31 161.432 796.455 4e+06 
-11.0993 288.207 796.455 4e+06 
-10.897 414.983 796.455 4e+06 
-10.6691 541.759 796.455 4e+06 
-10.5118 668.534 796.455 4e+06 
-10.3899 795.31 796.455 4e+06 
-10.2796 922.085 796.455 4e+06 
-10.1938 1048.86 796.455 4e+06 
-10.152 1175.64 796.455 4e+06 
-11.7127 34.656 923.421 4e+06 
-11.4931 161.432 923.421 4e+06 
-11.2438 288.207 923.421 4e+06 
-11.08 414.983 923.421 4e+06 
-10.8948 541.759 923.421 4e+06 
-10.6659 668.534 923.421 4e+06 
-10.5305 795.31 923.421 4e+06 
-10.4072 922.085 923.421 4e+06 
-10.2932 1048.86 923.421 4e+06 
-10.2368 1175.64 923.421 4e+06 
-11.8624 34.656 1050.39 3e+06 
-11.6642 161.432 1050.39 3e+06 
-11.4761 288.207 1050.39 3e+06 
-11.3157 414.983 1050.39 3e+06 
-11.0824 541.759 1050.39 3e+06 
-10.8742 668.534 1050.39 3e+06 
-10.6959 795.31 1050.39 3e+06 
-10.5623 922.085 1050.39 3e+06 
-10.4268 1048.86 1050.39 3e+06 
-10.3305 1175.64 1050.39 3e+06 
-12.1078 34.656 1177.35 3e+06 
-11.846 161.432 1177.35 3e+06 
-11.6091 288.207 1177.35 3e+06 
-11.4748 414.983 1177.35 3e+06 
-11.3312 541.759 1177.35 3e+06 
-11.0901 668.534 1177.35 3e+06 
-10.8792 795.31 1177.35 3e+06 
-10.6924 922.085 1177.35 3e+06 
-10.5459 1048.86 1177.35 3e+06 
-10.4223 1175.64 1177.35 3e+06 
-11.2463 34.656 34.656 5e+06 
-11.0817 161.432 34.656 5e+06 
-10.876 288.207 34.656 5e+06 
-10.6582 414.983 34.656 5e+06 
-10.3884 541.759 34.656 5e+06 
-10.2579 668.534 34.656 5e+06 
-10.1506 795.31 34.656 5e+06 
-10.1164 922.085 34.656 5e+06 
-10.0827 1048.86 34.656 5e+06 
-10.0808 1175.64 34.656 5e+06 
-11.2592 34.656 161.623 4e+06 
-11.0722 161.432 161.623 4e+06 
-10.8785 288.207 161.623 4e+06 
-10.6296 414.983 161.623 4e+06 
-10.4185 541.759 161.623 4e+06 
-10.2776 668.534 161.623 4e+06 
-10.2109 795.31 161.623 4e+06 
-10.1225 922.085 161.623 4e+06 
-10.0833 1048.86 161.623 4e+06 
-10.0811 1175.64 161.623 4e+06 
-11.2692 34.656 288.589 4e+06 
-11.0333 161.432 288.589 4e+06 
-10.8081 288.207 288.589 4e+06 
-10.5768 414.983 288.589 4e+06 
-10.411 541.759 288.589 4e+06 
-10.2899 668.534 288.589 4e+06 
-10.2116 795.31 288.589 4e+06 
-10.1363 922.085 288.589 4e+06 
-10.0791 1048.86 288.589 4e+06 
-10.0802 1175.64 288.589 4e+06 
-11.3402 34.656 415.555 4e+06 
-11.0879 161.432 415.555 4e+06 
-10.8359 288.207 415.555 4e+06 
-10.6539 414.983 415.555 4e+06 
-10.5136 541.759 415.555 4e+06 
-10.3333 668.534 415.555 4e+06 
-10.2206 795.31 415.555 4e+06 
-10.1552 922.085 415.555 4e+06 
-10.0991 1048.86 415.555 4e+06 
-10.0886 1175.64 415.555 4e+06 
-11.3804 34.656 542.522 4e+06 
-11.113 161.432 542.522 4e+06 
-10.9109 288.207 542.522 4e+06 
-10.7034 414.983 542.522 4e+06 
-10.5486 541.759 542.522 4e+06 
-10.3734 668.534 542.522 4e+06 
-10.2781 795.31 542.522 4e+06 
-10.1884 922.085 542.522 4e+06 
-10.1175 1048.86 542.522 4e+06 
-10.1019 1175.64 542.522 4e+06 
-11.4692 34.656 669.488 4e+06 
-11.254 161.432 669.488 4e+06 
-11.0496 288.207 669.488 4e+06 
-10.7795 414.983 669.488 4e+06 
-10.6213 541.759 669.488 4e+06 
-10.4499 668.534 669.488 4e+06 
-10.3366 795.31 669.488 4e+06 
-10.2579 922.085 669.488 4e+06 
-10.1596 1048.86 669.488 4e+06 
-10.1256 1175.64 669.488 4e+06 
-11.6135 34.656 796.455 4e+06 
-11.3769 161.432 796.455 4e+06 
-11.1885 288.207 796.455 4e+06 
-11.0155 414.983 796.455 4e+06 
-10.8259 541.759 796.455 4e+06 
-10.6183 668.534 796.455 4e+06 
-10.4562 795.31 796.455 4e+06 
-10.3517 922.085 796.455 4e+06 
-10.2352 1048.86 796.455 4e+06 
-10.1904 1175.64 796.455 4e+06 
-11.7769 34.656 923.421 4e+06 
-11.5302 161.432 923.421 4e+06 
-11.3402 288.207 923.421 4e+06 
-11.1497 414.983 923.421 4e+06 
-10.9407 541.759 923.421 4e+06 
-10.7772 668.534 923.421 4e+06 
-10.5515 795.31 923.421 4e+06 
-10.4306 922.085 923.421 4e+06 
-10.3208 1048.86 923.421 4e+06 
-10.2707 1175.64 923.421 4e+06 
-11.9143 34.656 1050.39 3e+06 
-11.7008 161.432 1050.39 3e+06 
-11.479 288.207 1050.39 3e+06 
-11.3272 414.983 1050.39 3e+06 
-11.0515 541.759 1050.39 3e+06 
-10.8725 668.534 1050.39 3e+06 
-10.661 795.31 1050.39 3e+06 
-10.5632 922.085 1050.39 3e+06 
-10.4061 1048.86 1050.39 3e+06 
-10.3529 1175.64 1050.39 3e+06 
-12.1368 34.656 1177.35 3e+06 
-11.9679 161.432 1177.35 3e+06 
-11.7276 288.207 1177.35 3e+06 
-11.5474 414.983 1177.35 3e+06 
-11.2958 541.759 1177.35 3e+06 
-11.0663 668.534 1177.35 3e+06 
-10.8957 795.31 1177.35 3e+06 
-10.695 922.085 1177.35 3e+06 
-10.5184 1048.86 1177.35 3e+06 
-10.4395 1175.64 1177.35 3e+06 
-11.5399 34.656 34.656 5e+06 
-11.348 161.432 34.656 5e+06 
-11.1282 288.207 34.656 5e+06 
-10.8493 414.983 34.656 5e+06 
-10.7082 541.759 34.656 5e+06 
-10.4109 668.534 34.656 5e+06 
-10.2749 795.31 34.656 5e+06 
-10.1923 922.085 34.656 5e+06 
-10.1587 1048.86 34.656 5e+06 
-10.142 1175.64 34.656 5e+06 
-11.5372 34.656 161.623 4e+06 
-11.3201 161.432 161.623 4e+06 
-11.1147 288.207 161.623 4e+06 
-10.8138 414.983 161.623 4e+06 
-10.625 541.759 161.623 4e+06 
-10.3961 668.534 161.623 4e+06 
-10.2812 795.31 161.623 4e+06 
-10.1892 922.085 161.623 4e+06 
-10.1521 1048.86 161.623 4e+06 
-10.1382 1175.64 161.623 4e+06 
-11.4962 34.656 288.589 4e+06 
-11.2434 161.432 288.589 4e+06 
-11.0907 288.207 288.589 4e+06 
-10.7802 414.983 288.589 4e+06 
-10.6173 541.759 288.589 4e+06 
-10.4012 668.534 288.589 4e+06 
-10.3197 795.31 288.589 4e+06 
-10.2352 922.085 288.589 4e+06 
-10.1581 1048.86 288.589 4e+06 
-10.1304 1175.64 288.589 4e+06 
-11.5147 34.656 415.555 4e+06 
-11.2589 161.432 415.555 4e+06 
-11.0681 288.207 415.555 4e+06 
-10.8007 414.983 415.555 4e+06 
-10.6478 541.759 415.555 4e+06 
-10.4407 668.534 415.555 4e+06 
-10.3233 795.31 415.555 4e+06 
-10.2155 922.085 415.555 4e+06 
-10.1579 1048.86 415.555 4e+06 
-10.137 1175.64 415.555 4e+06 
-11.5484 34.656 542.522 4e+06 
-11.3389 161.432 542.522 4e+06 
-11.1114 288.207 542.522 4e+06 
-10.8599 414.983 542.522 4e+06 
-10.6654 541.759 542.522 4e+06 
-10.5132 668.534 542.522 4e+06 
-10.3712 795.31 542.522 4e+06 
-10.2555 922.085 542.522 4e+06 
-10.1667 1048.86 542.522 4e+06 
-10.1392 1175.64 542.522 4e+06 
-11.6087 34.656 669.488 4e+06 
-11.3986 161.432 669.488 4e+06 
-11.147 288.207 669.488 4e+06 
-10.8819 414.983 669.488 4e+06 
-10.7122 541.759 669.488 4e+06 
-10.5413 668.534 669.488 4e+06 
-10.4283 795.31 669.488 4e+06 
-10.2997 922.085 669.488 4e+06 
-10.2226 1048.86 669.488 4e+06 
-10.172 1175.64 669.488 4e+06 
-11.7152 34.656 796.455 4e+06 
-11.539 161.432 796.455 4e+06 
-11.3069 288.207 796.455 4e+06 
-11.0688 414.983 796.455 4e+06 
-10.8719 541.759 796.455 4e+06 
-10.6886 668.534 796.455 4e+06 
-10.5254 795.31 796.455 4e+06 
-10.3809 922.085 796.455 4e+06 
-10.2582 1048.86 796.455 4e+06 
-10.2064 1175.64 796.455 4e+06 
-11.8365 34.656 923.421 4e+06 
-11.6088 161.432 923.421 4e+06 
-11.4481 288.207 923.421 4e+06 
-11.2536 414.983 923.421 4e+06 
-11.0952 541.759 923.421 4e+06 
-10.867 668.534 923.421 4e+06 
-10.6013 795.31 923.421 4e+06 
-10.4442 922.085 923.421 4e+06 
-10.3394 1048.86 923.421 4e+06 
-10.2891 1175.64 923.421 4e+06 
-11.9701 34.656 1050.39 3e+06 
-11.7818 161.432 1050.39 3e+06 
-11.6125 288.207 1050.39 3e+06 
-11.4135 414.983 1050.39 3e+06 
-11.229 541.759 1050.39 3e+06 
-10.979 668.534 1050.39 3e+06 
-10.8145 795.31 1050.39 3e+06 
-10.5846 922.085 1050.39 3e+06 
-10.4559 1048.86 1050.39 3e+06 
-10.3771 1175.64 1050.39 3e+06 
-12.1724 34.656 1177.35 3e+06 
-11.993 161.432 1177.35 3e+06 
-11.761 288.207 1177.35 3e+06 
-11.5926 414.983 1177.35 3e+06 
-11.3354 541.759 1177.35 3e+06 
-11.1344 668.534 1177.35 3e+06 
-10.9422 795.31 1177.35 3e+06 
-10.7281 922.085 1177.35 3e+06 
-10.5562 1048.86 1177.35 3e+06 
-10.4715 1175.64 1177.35 3e+06 
-11.7213 34.656 34.656 5e+06 
-11.6067 161.432 34.656 5e+06 
-11.364 288.207 34.656 5e+06 
-11.098 414.983 34.656 5e+06 
-10.846 541.759 34.656 5e+06 
-10.6314 668.534 34.656 5e+06 
-10.3843 795.31 34.656 5e+06 
-10.2796 922.085 34.656 5e+06 
-10.2134 1048.86 34.656 5e+06 
-10.1939 1175.64 34.656 5e+06 
-11.7235 34.656 161.623 4e+06 
-11.5338 161.432 161.623 4e+06 
-11.3041 288.207 161.623 4e+06 
-11.0648 414.983 161.623 4e+06 
-10.8642 541.759 161.623 4e+06 
-10.6593 668.534 161.623 4e+06 
-10.5072 795.31 161.623 4e+06 
-10.3101 922.085 161.623 4e+06 
-10.2322 1048.86 161.623 4e+06 
-10.1939 1175.64 161.623 4e+06 
-11.7452 34.656 288.589 4e+06 
-11.5236 161.432 288.589 4e+06 
-11.3327 288.207 288.589 4e+06 
-11.0387 414.983 288.589 4e+06 
-10.8862 541.759 288.589 4e+06 
-10.6829 668.534 288.589 4e+06 
-10.5223 795.31 288.589 4e+06 
-10.351 922.085 288.589 4e+06 
-10.2536 1048.86 288.589 4e+06 
-10.1987 1175.64 288.589 4e+06 
-11.7508 34.656 415.555 4e+06 
-11.5178 161.432 415.555 4e+06 
-11.3124 288.207 415.555 4e+06 
-11.0549 414.983 415.555 4e+06 
-10.8466 541.759 415.555 4e+06 
-10.644 668.534 415.555 4e+06 
-10.5491 795.31 415.555 4e+06 
-10.3768 922.085 415.555 4e+06 
-10.2701 1048.86 415.555 4e+06 
-10.2014 1175.64 415.555 4e+06 
-11.78 34.656 542.522 4e+06 
-11.4964 161.432 542.522 4e+06 
-11.2916 288.207 542.522 4e+06 
-11.1342 414.983 542.522 4e+06 
-10.8942 541.759 542.522 4e+06 
-10.6942 668.534 542.522 4e+06 
-10.5258 795.31 542.522 4e+06 
-10.4011 922.085 542.522 4e+06 
-10.3062 1048.86 542.522 4e+06 
-10.2163 1175.64 542.522 4e+06 
-11.771 34.656 669.488 4e+06 
-11.5301 161.432 669.488 4e+06 
-11.268 288.207 669.488 4e+06 
-11.088 414.983 669.488 4e+06 
-10.9343 541.759 669.488 4e+06 
-10.6985 668.534 669.488 4e+06 
-10.5582 795.31 669.488 4e+06 
-10.4022 922.085 669.488 4e+06 
-10.326 1048.86 669.488 4e+06 
-10.2501 1175.64 669.488 4e+06 
-11.8274 34.656 796.455 4e+06 
-11.593 161.432 796.455 4e+06 
-11.3895 288.207 796.455 4e+06 
-11.1904 414.983 796.455 4e+06 
-10.9777 541.759 796.455 4e+06 
-10.7975 668.534 796.455 4e+06 
-10.6423 795.31 796.455 4e+06 
-10.4987 922.085 796.455 4e+06 
-10.3575 1048.86 796.455 4e+06 
-10.2774 1175.64 796.455 4e+06 
-11.9386 34.656 923.421 4e+06 
-11.7162 161.432 923.421 4e+06 
-11.5231 288.207 923.421 4e+06 
-11.3392 414.983 923.421 4e+06 
-11.1133 541.759 923.421 4e+06 
-10.931 668.534 923.421 4e+06 
-10.6951 795.31 923.421 4e+06 
-10.5289 922.085 923.421 4e+06 
-10.3914 1048.86 923.421 4e+06 
-10.3165 1175.64 923.421 4e+06 
-12.0532 34.656 1050.39 3e+06 
-11.831 161.432 1050.39 3e+06 
-11.666 288.207 1050.39 3e+06 
-11.5283 414.983 1050.39 3e+06 
-11.308 541.759 1050.39 3e+06 
-11.1125 668.534 1050.39 3e+06 
-10.8696 795.31 1050.39 3e+06 
-10.7003 922.085 1050.39 3e+06 
-10.5355 1048.86 1050.39 3e+06 
-10.404 1175.64 1050.39 3e+06 
-12.2503 34.656 1177.35 3e+06 
-12.0624 161.432 1177.35 3e+06 
-11.8803 288.207 1177.35 3e+06 
-11.7025 414.983 1177.35 3e+06 
-11.4204 541.759 1177.35 3e+06 
-11.2207 668.534 1177.35 3e+06 
-11.0354 795.31 1177.35 3e+06 
-10.8696 922.085 1177.35 3e+06 
-10.634 1048.86 1177.35 3e+06 
-10.5124 1175.64 1177.35 3e+06 
-11.8673 34.656 34.656 5e+06 
-11.736 161.432 34.656 5e+06 
-11.5561 288.207 34.656 5e+06 
-11.2924 414.983 34.656 5e+06 
-11.0029 541.759 34.656 5e+06 
-10.8046 668.534 34.656 5e+06 
-10.6398 795.31 34.656 5e+06 
-10.4231 922.085 34.656 5e+06 
-10.3551 1048.86 34.656 5e+06 
-10.302 1175.64 34.656 5e+06 
-11.9234 34.656 161.623 4e+06 
-11.7994 161.432 161.623 4e+06 
-11.5572 288.207 161.623 4e+06 
-11.3483 414.983 161.623 4e+06 
-11.1036 541.759 161.623 4e+06 
-10.8691 668.534 161.623 4e+06 
-10.6793 795.31 161.623 4e+06 
-10.4262 922.085 161.623 4e+06 
-10.3155 1048.86 161.623 4e+06 
-10.2631 1175.64 161.623 4e+06 
-11.9322 34.656 288.589 4e+06 
-11.798 161.432 288.589 4e+06 
-11.5291 288.207 288.589 4e+06 
-11.2658 414.983 288.589 4e+06 
-11.075 541.759 288.589 4e+06 
-10.8483 668.534 288.589 4e+06 
-10.7347 795.31 288.589 4e+06 
-10.4609 922.085 288.589 4e+06 
-10.3379 1048.86 288.589 4e+06 
-10.268 1175.64 288.589 4e+06 
-11.9101 34.656 415.555 4e+06 
-11.7532 161.432 415.555 4e+06 
-11.5346 288.207 415.555 4e+06 
-11.2531 414.983 415.555 4e+06 
-11.0766 541.759 415.555 4e+06 
-10.9325 668.534 415.555 4e+06 
-10.6971 795.31 415.555 4e+06 
-10.52 922.085 415.555 4e+06 
-10.3763 1048.86 415.555 4e+06 
-10.2923 1175.64 415.555 4e+06 
-11.9249 34.656 542.522 4e+06 
-11.7457 161.432 542.522 4e+06 
-11.5205 288.207 542.522 4e+06 
-11.3303 414.983 542.522 4e+06 
-11.1542 541.759 542.522 4e+06 
-10.9389 668.534 542.522 4e+06 
-10.7004 795.31 542.522 4e+06 
-10.5032 922.085 542.522 4e+06 
-10.3925 1048.86 542.522 4e+06 
-10.3118 1175.64 542.522 4e+06 
-11.9573 34.656 669.488 4e+06 
-11.7389 161.432 669.488 4e+06 
-11.5302 288.207 669.488 4e+06 
-11.3254 414.983 669.488 4e+06 
-11.1756 541.759 669.488 4e+06 
-10.9324 668.534 669.488 4e+06 
-10.7121 795.31 669.488 4e+06 
-10.5316 922.085 669.488 4e+06 
-10.4173 1048.86 669.488 4e+06 
-10.3271 1175.64 669.488 4e+06 
-12.0244 34.656 796.455 4e+06 
-11.7357 161.432 796.455 4e+06 
-11.5172 288.207 796.455 4e+06 
-11.3666 414.983 796.455 4e+06 
-11.1604 541.759 796.455 4e+06 
-10.9496 668.534 796.455 4e+06 
-10.7887 795.31 796.455 4e+06 
-10.6105 922.085 796.455 4e+06 
-10.4717 1048.86 796.455 4e+06 
-10.3602 1175.64 796.455 4e+06 
-12.105 34.656 923.421 4e+06 
-11.9249 161.432 923.421 4e+06 
-11.7079 288.207 923.421 4e+06 
-11.5017 414.983 923.421 4e+06 
-11.2737 541.759 923.421 4e+06 
-11.0424 668.534 923.421 4e+06 
-10.8275 795.31 923.421 4e+06 
-10.6624 922.085 923.421 4e+06 
-10.5326 1048.86 923.421 4e+06 
-10.4209 1175.64 923.421 4e+06 
-12.1624 34.656 1050.39 3e+06 
-12.0163 161.432 1050.39 3e+06 
-11.8055 288.207 1050.39 3e+06 
-11.6114 414.983 1050.39 3e+06 
-11.4416 541.759 1050.39 3e+06 
-11.1906 668.534 1050.39 3e+06 
-10.918 795.31 1050.39 3e+06 
-10.7431 922.085 1050.39 3e+06 
-10.6001 1048.86 1050.39 3e+06 
-10.4681 1175.64 1050.39 3e+06 
-12.3286 34.656 1177.35 3e+06 
-12.1607 161.432 1177.35 3e+06 
-11.9939 288.207 1177.35 3e+06 
-11.7808 414.983 1177.35 3e+06 
-11.4777 541.759 1177.35 3e+06 
-11.2885 668.534 1177.35 3e+06 
-11.0812 795.31 1177.35 3e+06 
-10.8809 922.085 1177.35 3e+06 
-10.7015 1048.86 1177.35 3e+06 
-10.5586 1175.64 1177.35 3e+06 
-12.1164 34.656 34.656 5e+06 
-11.9085 161.432 34.656 5e+06 
-11.7808 288.207 34.656 5e+06 
-11.4655 414.983 34.656 5e+06 
-11.1965 541.759 34.656 5e+06 
-11.0646 668.534 34.656 5e+06 
-10.7938 795.31 34.656 5e+06 
-10.6131 922.085 34.656 5e+06 
-10.4775 1048.86 34.656 5e+06 
-10.3919 1175.64 34.656 5e+06 
-12.1179 34.656 161.623 4e+06 
-11.9361 161.432 161.623 4e+06 
-11.7095 288.207 161.623 4e+06 
-11.5444 414.983 161.623 4e+06 
-11.3374 541.759 161.623 4e+06 
-11.0336 668.534 161.623 4e+06 
-10.8417 795.31 161.623 4e+06 
-10.6484 922.085 161.623 4e+06 
-10.5155 1048.86 161.623 4e+06 
-10.3811 1175.64 161.623 4e+06 
-12.1528 34.656 288.589 4e+06 
-11.9724 161.432 288.589 4e+06 
-11.7284 288.207 288.589 4e+06 
-11.5216 414.983 288.589 4e+06 
-11.2555 541.759 288.589 4e+06 
-11.1162 668.534 288.589 4e+06 
-10.8617 795.31 288.589 4e+06 
-10.6936 922.085 288.589 4e+06 
-10.4978 1048.86 288.589 4e+06 
-10.3984 1175.64 288.589 4e+06 
-12.1486 34.656 415.555 4e+06 
-11.9232 161.432 415.555 4e+06 
-11.6873 288.207 415.555 4e+06 
-11.4677 414.983 415.555 4e+06 
-11.2699 541.759 415.555 4e+06 
-11.1087 668.534 415.555 4e+06 
-10.8584 795.31 415.555 4e+06 
-10.6644 922.085 415.555 4e+06 
-10.526 1048.86 415.555 4e+06 
-10.4201 1175.64 415.555 4e+06 
-12.166 34.656 542.522 4e+06 
-11.944 161.432 542.522 4e+06 
-11.7212 288.207 542.522 4e+06 
-11.52 414.983 542.522 4e+06 
-11.344 541.759 542.522 4e+06 
-11.0762 668.534 542.522 4e+06 
-10.8774 795.31 542.522 4e+06 
-10.718 922.085 542.522 4e+06 
-10.5445 1048.86 542.522 4e+06 
-10.4377 1175.64 542.522 4e+06 
-12.1589 34.656 669.488 4e+06 
-11.927 161.432 669.488 4e+06 
-11.724 288.207 669.488 4e+06 
-11.5076 414.983 669.488 4e+06 
-11.3393 541.759 669.488 4e+06 
-11.1224 668.534 669.488 4e+06 
-10.8997 795.31 669.488 4e+06 
-10.7263 922.085 669.488 4e+06 
-10.5777 1048.86 669.488 4e+06 
-10.4401 1175.64 669.488 4e+06 
-12.1606 34.656 796.455 4e+06 
-11.924 161.432 796.455 4e+06 
-11.7479 288.207 796.455 4e+06 
-11.5506 414.983 796.455 4e+06 
-11.3612 541.759 796.455 4e+06 
-11.1508 668.534 796.455 4e+06 
-10.9431 795.31 796.455 4e+06 
-10.7649 922.085 796.455 4e+06 
-10.5931 1048.86 796.455 4e+06 
-10.4623 1175.64 796.455 4e+06 
-12.299 34.656 923.421 4e+06 
-12.1057 161.432 923.421 4e+06 
-11.868 288.207 923.421 4e+06 
-11.6619 414.983 923.421 4e+06 
-11.4359 541.759 923.421 4e+06 
-11.1917 668.534 923.421 4e+06 
-10.9727 795.31 923.421 4e+06 
-10.7821 922.085 923.421 4e+06 
-10.6189 1048.86 923.421 4e+06 
-10.5169 1175.64 923.421 4e+06 
-12.326 34.656 1050.39 3e+06 
-12.1464 161.432 1050.39 3e+06 
-11.9627 288.207 1050.39 3e+06 
-11.7337 414.983 1050.39 3e+06 
-11.5201 541.759 1050.39 3e+06 
-11.2923 668.534 1050.39 3e+06 
-11.0544 795.31 1050.39 3e+06 
-10.8568 922.085 1050.39 3e+06 
-10.6701 1048.86 1050.39 3e+06 
-10.5502 1175.64 1050.39 3e+06 
-12.3991 34.656 1177.35 3e+06 
-12.2039 161.432 1177.35 3e+06 
-12.0697 288.207 1177.35 3e+06 
-11.82 414.983 1177.35 3e+06 
-11.6377 541.759 1177.35 3e+06 
-11.4662 668.534 1177.35 3e+06 
-11.2077 795.31 1177.35 3e+06 
-10.9952 922.085 1177.35 3e+06 
-10.7948 1048.86 1177.35 3e+06 
-10.5981 1175.64 1177.35 3e+06 
