2.91139e+12 5e-05 5e-05 5e-05 
2.91137e+12 5e-05 5e-05 0.00015 
2.91143e+12 5e-05 5e-05 0.00025 
2.91142e+12 5e-05 5e-05 0.00035 
2.91141e+12 5e-05 5e-05 0.00045 
2.91136e+12 5e-05 5e-05 0.00055 
2.91128e+12 5e-05 5e-05 0.00065 
2.91125e+12 5e-05 5e-05 0.00075 
2.91123e+12 5e-05 5e-05 0.00085 
2.91117e+12 5e-05 5e-05 0.00095 
2.91114e+12 5e-05 5e-05 0.00105 
2.91139e+12 5e-05 0.00015 5e-05 
2.91134e+12 5e-05 0.00015 0.00015 
2.91139e+12 5e-05 0.00015 0.00025 
2.9114e+12 5e-05 0.00015 0.00035 
2.91139e+12 5e-05 0.00015 0.00045 
2.91134e+12 5e-05 0.00015 0.00055 
2.91129e+12 5e-05 0.00015 0.00065 
2.91123e+12 5e-05 0.00015 0.00075 
2.9112e+12 5e-05 0.00015 0.00085 
2.91115e+12 5e-05 0.00015 0.00095 
2.91115e+12 5e-05 0.00015 0.00105 
2.91133e+12 5e-05 0.00025 5e-05 
2.91131e+12 5e-05 0.00025 0.00015 
2.91133e+12 5e-05 0.00025 0.00025 
2.91136e+12 5e-05 0.00025 0.00035 
2.91132e+12 5e-05 0.00025 0.00045 
2.91129e+12 5e-05 0.00025 0.00055 
2.91126e+12 5e-05 0.00025 0.00065 
2.91122e+12 5e-05 0.00025 0.00075 
2.91119e+12 5e-05 0.00025 0.00085 
2.91116e+12 5e-05 0.00025 0.00095 
2.91117e+12 5e-05 0.00025 0.00105 
2.91125e+12 5e-05 0.00035 5e-05 
2.91127e+12 5e-05 0.00035 0.00015 
2.91129e+12 5e-05 0.00035 0.00025 
2.91128e+12 5e-05 0.00035 0.00035 
2.91127e+12 5e-05 0.00035 0.00045 
2.91125e+12 5e-05 0.00035 0.00055 
2.91123e+12 5e-05 0.00035 0.00065 
2.9112e+12 5e-05 0.00035 0.00075 
2.91119e+12 5e-05 0.00035 0.00085 
2.91115e+12 5e-05 0.00035 0.00095 
2.91115e+12 5e-05 0.00035 0.00105 
2.91118e+12 5e-05 0.00045 5e-05 
2.91118e+12 5e-05 0.00045 0.00015 
2.91118e+12 5e-05 0.00045 0.00025 
2.91122e+12 5e-05 0.00045 0.00035 
2.91122e+12 5e-05 0.00045 0.00045 
2.91123e+12 5e-05 0.00045 0.00055 
2.91119e+12 5e-05 0.00045 0.00065 
2.91121e+12 5e-05 0.00045 0.00075 
2.91119e+12 5e-05 0.00045 0.00085 
2.91118e+12 5e-05 0.00045 0.00095 
2.91116e+12 5e-05 0.00045 0.00105 
2.91115e+12 5e-05 0.00055 5e-05 
2.91117e+12 5e-05 0.00055 0.00015 
2.91117e+12 5e-05 0.00055 0.00025 
2.91119e+12 5e-05 0.00055 0.00035 
2.9112e+12 5e-05 0.00055 0.00045 
2.91121e+12 5e-05 0.00055 0.00055 
2.91119e+12 5e-05 0.00055 0.00065 
2.91121e+12 5e-05 0.00055 0.00075 
2.91122e+12 5e-05 0.00055 0.00085 
2.91122e+12 5e-05 0.00055 0.00095 
2.9112e+12 5e-05 0.00055 0.00105 
2.9111e+12 5e-05 0.00065 5e-05 
2.91114e+12 5e-05 0.00065 0.00015 
2.91118e+12 5e-05 0.00065 0.00025 
2.91118e+12 5e-05 0.00065 0.00035 
2.91119e+12 5e-05 0.00065 0.00045 
2.9112e+12 5e-05 0.00065 0.00055 
2.91122e+12 5e-05 0.00065 0.00065 
2.91123e+12 5e-05 0.00065 0.00075 
2.91125e+12 5e-05 0.00065 0.00085 
2.91123e+12 5e-05 0.00065 0.00095 
2.91121e+12 5e-05 0.00065 0.00105 
2.91112e+12 5e-05 0.00075 5e-05 
2.91111e+12 5e-05 0.00075 0.00015 
2.91115e+12 5e-05 0.00075 0.00025 
2.91119e+12 5e-05 0.00075 0.00035 
2.91121e+12 5e-05 0.00075 0.00045 
2.91121e+12 5e-05 0.00075 0.00055 
2.91122e+12 5e-05 0.00075 0.00065 
2.91125e+12 5e-05 0.00075 0.00075 
2.91128e+12 5e-05 0.00075 0.00085 
2.91126e+12 5e-05 0.00075 0.00095 
2.91119e+12 5e-05 0.00075 0.00105 
2.91111e+12 5e-05 0.00085 5e-05 
2.9111e+12 5e-05 0.00085 0.00015 
2.91113e+12 5e-05 0.00085 0.00025 
2.91118e+12 5e-05 0.00085 0.00035 
2.91122e+12 5e-05 0.00085 0.00045 
2.91124e+12 5e-05 0.00085 0.00055 
2.91124e+12 5e-05 0.00085 0.00065 
2.91129e+12 5e-05 0.00085 0.00075 
2.9113e+12 5e-05 0.00085 0.00085 
2.91131e+12 5e-05 0.00085 0.00095 
2.91128e+12 5e-05 0.00085 0.00105 
2.91109e+12 5e-05 0.00095 5e-05 
2.91109e+12 5e-05 0.00095 0.00015 
2.91112e+12 5e-05 0.00095 0.00025 
2.91112e+12 5e-05 0.00095 0.00035 
2.91122e+12 5e-05 0.00095 0.00045 
2.91123e+12 5e-05 0.00095 0.00055 
2.91127e+12 5e-05 0.00095 0.00065 
2.91132e+12 5e-05 0.00095 0.00075 
2.91134e+12 5e-05 0.00095 0.00085 
2.91135e+12 5e-05 0.00095 0.00095 
2.91133e+12 5e-05 0.00095 0.00105 
2.91107e+12 5e-05 0.00105 5e-05 
2.91108e+12 5e-05 0.00105 0.00015 
2.91111e+12 5e-05 0.00105 0.00025 
2.91114e+12 5e-05 0.00105 0.00035 
2.91121e+12 5e-05 0.00105 0.00045 
2.91125e+12 5e-05 0.00105 0.00055 
2.91131e+12 5e-05 0.00105 0.00065 
2.91134e+12 5e-05 0.00105 0.00075 
2.91137e+12 5e-05 0.00105 0.00085 
2.91142e+12 5e-05 0.00105 0.00095 
2.91135e+12 5e-05 0.00105 0.00105 
2.91134e+12 0.00015 5e-05 5e-05 
2.91139e+12 0.00015 5e-05 0.00015 
2.91142e+12 0.00015 5e-05 0.00025 
2.9114e+12 0.00015 5e-05 0.00035 
2.91138e+12 0.00015 5e-05 0.00045 
2.91135e+12 0.00015 5e-05 0.00055 
2.91128e+12 0.00015 5e-05 0.00065 
2.91127e+12 0.00015 5e-05 0.00075 
2.91119e+12 0.00015 5e-05 0.00085 
2.91115e+12 0.00015 5e-05 0.00095 
2.91115e+12 0.00015 5e-05 0.00105 
2.91136e+12 0.00015 0.00015 5e-05 
2.91136e+12 0.00015 0.00015 0.00015 
2.91141e+12 0.00015 0.00015 0.00025 
2.91139e+12 0.00015 0.00015 0.00035 
2.91135e+12 0.00015 0.00015 0.00045 
2.91133e+12 0.00015 0.00015 0.00055 
2.91126e+12 0.00015 0.00015 0.00065 
2.91122e+12 0.00015 0.00015 0.00075 
2.91119e+12 0.00015 0.00015 0.00085 
2.91116e+12 0.00015 0.00015 0.00095 
2.91115e+12 0.00015 0.00015 0.00105 
2.91134e+12 0.00015 0.00025 5e-05 
2.91133e+12 0.00015 0.00025 0.00015 
2.91135e+12 0.00015 0.00025 0.00025 
2.91135e+12 0.00015 0.00025 0.00035 
2.91131e+12 0.00015 0.00025 0.00045 
2.91129e+12 0.00015 0.00025 0.00055 
2.91125e+12 0.00015 0.00025 0.00065 
2.9112e+12 0.00015 0.00025 0.00075 
2.91119e+12 0.00015 0.00025 0.00085 
2.91118e+12 0.00015 0.00025 0.00095 
2.9112e+12 0.00015 0.00025 0.00105 
2.91127e+12 0.00015 0.00035 5e-05 
2.91127e+12 0.00015 0.00035 0.00015 
2.9113e+12 0.00015 0.00035 0.00025 
2.91128e+12 0.00015 0.00035 0.00035 
2.91126e+12 0.00015 0.00035 0.00045 
2.91124e+12 0.00015 0.00035 0.00055 
2.91122e+12 0.00015 0.00035 0.00065 
2.91118e+12 0.00015 0.00035 0.00075 
2.91118e+12 0.00015 0.00035 0.00085 
2.91118e+12 0.00015 0.00035 0.00095 
2.91121e+12 0.00015 0.00035 0.00105 
2.9112e+12 0.00015 0.00045 5e-05 
2.9112e+12 0.00015 0.00045 0.00015 
2.91122e+12 0.00015 0.00045 0.00025 
2.91124e+12 0.00015 0.00045 0.00035 
2.91124e+12 0.00015 0.00045 0.00045 
2.91122e+12 0.00015 0.00045 0.00055 
2.9112e+12 0.00015 0.00045 0.00065 
2.91118e+12 0.00015 0.00045 0.00075 
2.91118e+12 0.00015 0.00045 0.00085 
2.91119e+12 0.00015 0.00045 0.00095 
2.91119e+12 0.00015 0.00045 0.00105 
2.91114e+12 0.00015 0.00055 5e-05 
2.91116e+12 0.00015 0.00055 0.00015 
2.9112e+12 0.00015 0.00055 0.00025 
2.91121e+12 0.00015 0.00055 0.00035 
2.91122e+12 0.00015 0.00055 0.00045 
2.91121e+12 0.00015 0.00055 0.00055 
2.9112e+12 0.00015 0.00055 0.00065 
2.9112e+12 0.00015 0.00055 0.00075 
2.91121e+12 0.00015 0.00055 0.00085 
2.91121e+12 0.00015 0.00055 0.00095 
2.91119e+12 0.00015 0.00055 0.00105 
2.91114e+12 0.00015 0.00065 5e-05 
2.91116e+12 0.00015 0.00065 0.00015 
2.91119e+12 0.00015 0.00065 0.00025 
2.9112e+12 0.00015 0.00065 0.00035 
2.9112e+12 0.00015 0.00065 0.00045 
2.9112e+12 0.00015 0.00065 0.00055 
2.91122e+12 0.00015 0.00065 0.00065 
2.91123e+12 0.00015 0.00065 0.00075 
2.91123e+12 0.00015 0.00065 0.00085 
2.91123e+12 0.00015 0.00065 0.00095 
2.91122e+12 0.00015 0.00065 0.00105 
2.9111e+12 0.00015 0.00075 5e-05 
2.91115e+12 0.00015 0.00075 0.00015 
2.91117e+12 0.00015 0.00075 0.00025 
2.91119e+12 0.00015 0.00075 0.00035 
2.91122e+12 0.00015 0.00075 0.00045 
2.91121e+12 0.00015 0.00075 0.00055 
2.91121e+12 0.00015 0.00075 0.00065 
2.91124e+12 0.00015 0.00075 0.00075 
2.91126e+12 0.00015 0.00075 0.00085 
2.91124e+12 0.00015 0.00075 0.00095 
2.91123e+12 0.00015 0.00075 0.00105 
2.91112e+12 0.00015 0.00085 5e-05 
2.91112e+12 0.00015 0.00085 0.00015 
2.91114e+12 0.00015 0.00085 0.00025 
2.91119e+12 0.00015 0.00085 0.00035 
2.91121e+12 0.00015 0.00085 0.00045 
2.91124e+12 0.00015 0.00085 0.00055 
2.91123e+12 0.00015 0.00085 0.00065 
2.91131e+12 0.00015 0.00085 0.00075 
2.9113e+12 0.00015 0.00085 0.00085 
2.91128e+12 0.00015 0.00085 0.00095 
2.91128e+12 0.00015 0.00085 0.00105 
2.91109e+12 0.00015 0.00095 5e-05 
2.91108e+12 0.00015 0.00095 0.00015 
2.91111e+12 0.00015 0.00095 0.00025 
2.91118e+12 0.00015 0.00095 0.00035 
2.91122e+12 0.00015 0.00095 0.00045 
2.91124e+12 0.00015 0.00095 0.00055 
2.91132e+12 0.00015 0.00095 0.00065 
2.91135e+12 0.00015 0.00095 0.00075 
2.91134e+12 0.00015 0.00095 0.00085 
2.91134e+12 0.00015 0.00095 0.00095 
2.91132e+12 0.00015 0.00095 0.00105 
2.91108e+12 0.00015 0.00105 5e-05 
2.91109e+12 0.00015 0.00105 0.00015 
2.91111e+12 0.00015 0.00105 0.00025 
2.91117e+12 0.00015 0.00105 0.00035 
2.91122e+12 0.00015 0.00105 0.00045 
2.91128e+12 0.00015 0.00105 0.00055 
2.91132e+12 0.00015 0.00105 0.00065 
2.91136e+12 0.00015 0.00105 0.00075 
2.91135e+12 0.00015 0.00105 0.00085 
2.91135e+12 0.00015 0.00105 0.00095 
2.91132e+12 0.00015 0.00105 0.00105 
2.91139e+12 0.00025 5e-05 5e-05 
2.9114e+12 0.00025 5e-05 0.00015 
2.91141e+12 0.00025 5e-05 0.00025 
2.91137e+12 0.00025 5e-05 0.00035 
2.91134e+12 0.00025 5e-05 0.00045 
2.9113e+12 0.00025 5e-05 0.00055 
2.91127e+12 0.00025 5e-05 0.00065 
2.91126e+12 0.00025 5e-05 0.00075 
2.91116e+12 0.00025 5e-05 0.00085 
2.91114e+12 0.00025 5e-05 0.00095 
2.91113e+12 0.00025 5e-05 0.00105 
2.91139e+12 0.00025 0.00015 5e-05 
2.91138e+12 0.00025 0.00015 0.00015 
2.91138e+12 0.00025 0.00015 0.00025 
2.91135e+12 0.00025 0.00015 0.00035 
2.91133e+12 0.00025 0.00015 0.00045 
2.9113e+12 0.00025 0.00015 0.00055 
2.91128e+12 0.00025 0.00015 0.00065 
2.91125e+12 0.00025 0.00015 0.00075 
2.91116e+12 0.00025 0.00015 0.00085 
2.91112e+12 0.00025 0.00015 0.00095 
2.91111e+12 0.00025 0.00015 0.00105 
2.91136e+12 0.00025 0.00025 5e-05 
2.91132e+12 0.00025 0.00025 0.00015 
2.91134e+12 0.00025 0.00025 0.00025 
2.91132e+12 0.00025 0.00025 0.00035 
2.9113e+12 0.00025 0.00025 0.00045 
2.91128e+12 0.00025 0.00025 0.00055 
2.91125e+12 0.00025 0.00025 0.00065 
2.9112e+12 0.00025 0.00025 0.00075 
2.91116e+12 0.00025 0.00025 0.00085 
2.91115e+12 0.00025 0.00025 0.00095 
2.91114e+12 0.00025 0.00025 0.00105 
2.91127e+12 0.00025 0.00035 5e-05 
2.9113e+12 0.00025 0.00035 0.00015 
2.91128e+12 0.00025 0.00035 0.00025 
2.91128e+12 0.00025 0.00035 0.00035 
2.91127e+12 0.00025 0.00035 0.00045 
2.91124e+12 0.00025 0.00035 0.00055 
2.91123e+12 0.00025 0.00035 0.00065 
2.91118e+12 0.00025 0.00035 0.00075 
2.91116e+12 0.00025 0.00035 0.00085 
2.91115e+12 0.00025 0.00035 0.00095 
2.91116e+12 0.00025 0.00035 0.00105 
2.91124e+12 0.00025 0.00045 5e-05 
2.91125e+12 0.00025 0.00045 0.00015 
2.91123e+12 0.00025 0.00045 0.00025 
2.91124e+12 0.00025 0.00045 0.00035 
2.91121e+12 0.00025 0.00045 0.00045 
2.91121e+12 0.00025 0.00045 0.00055 
2.9112e+12 0.00025 0.00045 0.00065 
2.91117e+12 0.00025 0.00045 0.00075 
2.91116e+12 0.00025 0.00045 0.00085 
2.91116e+12 0.00025 0.00045 0.00095 
2.91116e+12 0.00025 0.00045 0.00105 
2.91118e+12 0.00025 0.00055 5e-05 
2.91119e+12 0.00025 0.00055 0.00015 
2.91122e+12 0.00025 0.00055 0.00025 
2.91122e+12 0.00025 0.00055 0.00035 
2.91122e+12 0.00025 0.00055 0.00045 
2.9112e+12 0.00025 0.00055 0.00055 
2.9112e+12 0.00025 0.00055 0.00065 
2.91119e+12 0.00025 0.00055 0.00075 
2.91119e+12 0.00025 0.00055 0.00085 
2.91118e+12 0.00025 0.00055 0.00095 
2.91114e+12 0.00025 0.00055 0.00105 
2.91118e+12 0.00025 0.00065 5e-05 
2.91118e+12 0.00025 0.00065 0.00015 
2.9112e+12 0.00025 0.00065 0.00025 
2.91122e+12 0.00025 0.00065 0.00035 
2.91121e+12 0.00025 0.00065 0.00045 
2.91122e+12 0.00025 0.00065 0.00055 
2.91123e+12 0.00025 0.00065 0.00065 
2.91122e+12 0.00025 0.00065 0.00075 
2.91123e+12 0.00025 0.00065 0.00085 
2.9112e+12 0.00025 0.00065 0.00095 
2.91119e+12 0.00025 0.00065 0.00105 
2.91115e+12 0.00025 0.00075 5e-05 
2.91115e+12 0.00025 0.00075 0.00015 
2.91116e+12 0.00025 0.00075 0.00025 
2.91121e+12 0.00025 0.00075 0.00035 
2.91123e+12 0.00025 0.00075 0.00045 
2.91123e+12 0.00025 0.00075 0.00055 
2.91123e+12 0.00025 0.00075 0.00065 
2.91125e+12 0.00025 0.00075 0.00075 
2.91126e+12 0.00025 0.00075 0.00085 
2.91125e+12 0.00025 0.00075 0.00095 
2.91122e+12 0.00025 0.00075 0.00105 
2.91114e+12 0.00025 0.00085 5e-05 
2.91114e+12 0.00025 0.00085 0.00015 
2.91116e+12 0.00025 0.00085 0.00025 
2.91119e+12 0.00025 0.00085 0.00035 
2.91122e+12 0.00025 0.00085 0.00045 
2.91123e+12 0.00025 0.00085 0.00055 
2.91125e+12 0.00025 0.00085 0.00065 
2.91129e+12 0.00025 0.00085 0.00075 
2.91129e+12 0.00025 0.00085 0.00085 
2.91129e+12 0.00025 0.00085 0.00095 
2.91127e+12 0.00025 0.00085 0.00105 
2.91113e+12 0.00025 0.00095 5e-05 
2.91113e+12 0.00025 0.00095 0.00015 
2.91114e+12 0.00025 0.00095 0.00025 
2.91119e+12 0.00025 0.00095 0.00035 
2.91122e+12 0.00025 0.00095 0.00045 
2.91126e+12 0.00025 0.00095 0.00055 
2.91131e+12 0.00025 0.00095 0.00065 
2.91134e+12 0.00025 0.00095 0.00075 
2.91134e+12 0.00025 0.00095 0.00085 
2.91131e+12 0.00025 0.00095 0.00095 
2.91129e+12 0.00025 0.00095 0.00105 
2.9111e+12 0.00025 0.00105 5e-05 
2.91112e+12 0.00025 0.00105 0.00015 
2.91115e+12 0.00025 0.00105 0.00025 
2.91121e+12 0.00025 0.00105 0.00035 
2.91126e+12 0.00025 0.00105 0.00045 
2.9113e+12 0.00025 0.00105 0.00055 
2.91132e+12 0.00025 0.00105 0.00065 
2.91137e+12 0.00025 0.00105 0.00075 
2.91136e+12 0.00025 0.00105 0.00085 
2.91131e+12 0.00025 0.00105 0.00095 
2.91129e+12 0.00025 0.00105 0.00105 
2.91138e+12 0.00035 5e-05 5e-05 
2.91139e+12 0.00035 5e-05 0.00015 
2.91137e+12 0.00035 5e-05 0.00025 
2.91135e+12 0.00035 5e-05 0.00035 
2.91132e+12 0.00035 5e-05 0.00045 
2.91129e+12 0.00035 5e-05 0.00055 
2.91126e+12 0.00035 5e-05 0.00065 
2.91123e+12 0.00035 5e-05 0.00075 
2.91115e+12 0.00035 5e-05 0.00085 
2.91112e+12 0.00035 5e-05 0.00095 
2.91112e+12 0.00035 5e-05 0.00105 
2.91139e+12 0.00035 0.00015 5e-05 
2.91137e+12 0.00035 0.00015 0.00015 
2.91135e+12 0.00035 0.00015 0.00025 
2.91134e+12 0.00035 0.00015 0.00035 
2.91129e+12 0.00035 0.00015 0.00045 
2.91128e+12 0.00035 0.00015 0.00055 
2.91127e+12 0.00035 0.00015 0.00065 
2.9112e+12 0.00035 0.00015 0.00075 
2.91114e+12 0.00035 0.00015 0.00085 
2.91111e+12 0.00035 0.00015 0.00095 
2.91111e+12 0.00035 0.00015 0.00105 
2.91133e+12 0.00035 0.00025 5e-05 
2.9113e+12 0.00035 0.00025 0.00015 
2.91134e+12 0.00035 0.00025 0.00025 
2.91131e+12 0.00035 0.00025 0.00035 
2.91128e+12 0.00035 0.00025 0.00045 
2.91127e+12 0.00035 0.00025 0.00055 
2.91124e+12 0.00035 0.00025 0.00065 
2.91118e+12 0.00035 0.00025 0.00075 
2.91114e+12 0.00035 0.00025 0.00085 
2.91112e+12 0.00035 0.00025 0.00095 
2.91111e+12 0.00035 0.00025 0.00105 
2.91126e+12 0.00035 0.00035 5e-05 
2.91127e+12 0.00035 0.00035 0.00015 
2.91126e+12 0.00035 0.00035 0.00025 
2.91127e+12 0.00035 0.00035 0.00035 
2.91126e+12 0.00035 0.00035 0.00045 
2.91124e+12 0.00035 0.00035 0.00055 
2.91121e+12 0.00035 0.00035 0.00065 
2.91117e+12 0.00035 0.00035 0.00075 
2.91115e+12 0.00035 0.00035 0.00085 
2.91113e+12 0.00035 0.00035 0.00095 
2.91113e+12 0.00035 0.00035 0.00105 
2.91124e+12 0.00035 0.00045 5e-05 
2.91124e+12 0.00035 0.00045 0.00015 
2.91124e+12 0.00035 0.00045 0.00025 
2.91124e+12 0.00035 0.00045 0.00035 
2.91125e+12 0.00035 0.00045 0.00045 
2.9112e+12 0.00035 0.00045 0.00055 
2.9112e+12 0.00035 0.00045 0.00065 
2.91117e+12 0.00035 0.00045 0.00075 
2.91116e+12 0.00035 0.00045 0.00085 
2.91114e+12 0.00035 0.00045 0.00095 
2.91114e+12 0.00035 0.00045 0.00105 
2.9112e+12 0.00035 0.00055 5e-05 
2.91121e+12 0.00035 0.00055 0.00015 
2.91123e+12 0.00035 0.00055 0.00025 
2.91124e+12 0.00035 0.00055 0.00035 
2.91124e+12 0.00035 0.00055 0.00045 
2.91121e+12 0.00035 0.00055 0.00055 
2.9112e+12 0.00035 0.00055 0.00065 
2.91119e+12 0.00035 0.00055 0.00075 
2.91116e+12 0.00035 0.00055 0.00085 
2.91114e+12 0.00035 0.00055 0.00095 
2.91114e+12 0.00035 0.00055 0.00105 
2.91118e+12 0.00035 0.00065 5e-05 
2.9112e+12 0.00035 0.00065 0.00015 
2.91121e+12 0.00035 0.00065 0.00025 
2.91122e+12 0.00035 0.00065 0.00035 
2.91123e+12 0.00035 0.00065 0.00045 
2.91123e+12 0.00035 0.00065 0.00055 
2.91122e+12 0.00035 0.00065 0.00065 
2.91122e+12 0.00035 0.00065 0.00075 
2.9112e+12 0.00035 0.00065 0.00085 
2.91117e+12 0.00035 0.00065 0.00095 
2.91117e+12 0.00035 0.00065 0.00105 
2.91118e+12 0.00035 0.00075 5e-05 
2.91117e+12 0.00035 0.00075 0.00015 
2.91121e+12 0.00035 0.00075 0.00025 
2.91123e+12 0.00035 0.00075 0.00035 
2.91124e+12 0.00035 0.00075 0.00045 
2.91123e+12 0.00035 0.00075 0.00055 
2.91124e+12 0.00035 0.00075 0.00065 
2.91125e+12 0.00035 0.00075 0.00075 
2.91125e+12 0.00035 0.00075 0.00085 
2.91122e+12 0.00035 0.00075 0.00095 
2.9112e+12 0.00035 0.00075 0.00105 
2.91116e+12 0.00035 0.00085 5e-05 
2.91115e+12 0.00035 0.00085 0.00015 
2.91119e+12 0.00035 0.00085 0.00025 
2.91121e+12 0.00035 0.00085 0.00035 
2.91123e+12 0.00035 0.00085 0.00045 
2.91125e+12 0.00035 0.00085 0.00055 
2.91127e+12 0.00035 0.00085 0.00065 
2.91129e+12 0.00035 0.00085 0.00075 
2.9113e+12 0.00035 0.00085 0.00085 
2.91127e+12 0.00035 0.00085 0.00095 
2.91124e+12 0.00035 0.00085 0.00105 
2.91115e+12 0.00035 0.00095 5e-05 
2.91115e+12 0.00035 0.00095 0.00015 
2.91117e+12 0.00035 0.00095 0.00025 
2.91121e+12 0.00035 0.00095 0.00035 
2.91126e+12 0.00035 0.00095 0.00045 
2.91128e+12 0.00035 0.00095 0.00055 
2.9113e+12 0.00035 0.00095 0.00065 
2.91132e+12 0.00035 0.00095 0.00075 
2.91131e+12 0.00035 0.00095 0.00085 
2.91129e+12 0.00035 0.00095 0.00095 
2.91127e+12 0.00035 0.00095 0.00105 
2.91114e+12 0.00035 0.00105 5e-05 
2.91115e+12 0.00035 0.00105 0.00015 
2.91119e+12 0.00035 0.00105 0.00025 
2.91122e+12 0.00035 0.00105 0.00035 
2.91126e+12 0.00035 0.00105 0.00045 
2.9113e+12 0.00035 0.00105 0.00055 
2.9113e+12 0.00035 0.00105 0.00065 
2.91131e+12 0.00035 0.00105 0.00075 
2.9113e+12 0.00035 0.00105 0.00085 
2.91128e+12 0.00035 0.00105 0.00095 
2.91127e+12 0.00035 0.00105 0.00105 
2.91137e+12 0.00045 5e-05 5e-05 
2.91137e+12 0.00045 5e-05 0.00015 
2.91135e+12 0.00045 5e-05 0.00025 
2.91133e+12 0.00045 5e-05 0.00035 
2.9113e+12 0.00045 5e-05 0.00045 
2.91129e+12 0.00045 5e-05 0.00055 
2.91126e+12 0.00045 5e-05 0.00065 
2.9112e+12 0.00045 5e-05 0.00075 
2.91113e+12 0.00045 5e-05 0.00085 
2.9111e+12 0.00045 5e-05 0.00095 
2.91109e+12 0.00045 5e-05 0.00105 
2.91137e+12 0.00045 0.00015 5e-05 
2.91135e+12 0.00045 0.00015 0.00015 
2.91135e+12 0.00045 0.00015 0.00025 
2.91131e+12 0.00045 0.00015 0.00035 
2.91127e+12 0.00045 0.00015 0.00045 
2.91128e+12 0.00045 0.00015 0.00055 
2.91123e+12 0.00045 0.00015 0.00065 
2.91118e+12 0.00045 0.00015 0.00075 
2.91111e+12 0.00045 0.00015 0.00085 
2.9111e+12 0.00045 0.00015 0.00095 
2.9111e+12 0.00045 0.00015 0.00105 
2.91131e+12 0.00045 0.00025 5e-05 
2.91133e+12 0.00045 0.00025 0.00015 
2.91127e+12 0.00045 0.00025 0.00025 
2.91127e+12 0.00045 0.00025 0.00035 
2.91126e+12 0.00045 0.00025 0.00045 
2.91126e+12 0.00045 0.00025 0.00055 
2.91121e+12 0.00045 0.00025 0.00065 
2.91116e+12 0.00045 0.00025 0.00075 
2.91112e+12 0.00045 0.00025 0.00085 
2.9111e+12 0.00045 0.00025 0.00095 
2.9111e+12 0.00045 0.00025 0.00105 
2.91124e+12 0.00045 0.00035 5e-05 
2.91125e+12 0.00045 0.00035 0.00015 
2.91126e+12 0.00045 0.00035 0.00025 
2.91125e+12 0.00045 0.00035 0.00035 
2.91126e+12 0.00045 0.00035 0.00045 
2.91124e+12 0.00045 0.00035 0.00055 
2.91121e+12 0.00045 0.00035 0.00065 
2.91115e+12 0.00045 0.00035 0.00075 
2.91113e+12 0.00045 0.00035 0.00085 
2.91111e+12 0.00045 0.00035 0.00095 
2.91111e+12 0.00045 0.00035 0.00105 
2.91122e+12 0.00045 0.00045 5e-05 
2.91121e+12 0.00045 0.00045 0.00015 
2.91124e+12 0.00045 0.00045 0.00025 
2.91125e+12 0.00045 0.00045 0.00035 
2.91126e+12 0.00045 0.00045 0.00045 
2.91123e+12 0.00045 0.00045 0.00055 
2.91122e+12 0.00045 0.00045 0.00065 
2.91116e+12 0.00045 0.00045 0.00075 
2.91115e+12 0.00045 0.00045 0.00085 
2.91112e+12 0.00045 0.00045 0.00095 
2.91112e+12 0.00045 0.00045 0.00105 
2.9112e+12 0.00045 0.00055 5e-05 
2.9112e+12 0.00045 0.00055 0.00015 
2.91121e+12 0.00045 0.00055 0.00025 
2.91124e+12 0.00045 0.00055 0.00035 
2.91125e+12 0.00045 0.00055 0.00045 
2.91124e+12 0.00045 0.00055 0.00055 
2.91121e+12 0.00045 0.00055 0.00065 
2.91118e+12 0.00045 0.00055 0.00075 
2.91117e+12 0.00045 0.00055 0.00085 
2.91114e+12 0.00045 0.00055 0.00095 
2.91114e+12 0.00045 0.00055 0.00105 
2.9112e+12 0.00045 0.00065 5e-05 
2.9112e+12 0.00045 0.00065 0.00015 
2.91121e+12 0.00045 0.00065 0.00025 
2.91125e+12 0.00045 0.00065 0.00035 
2.91125e+12 0.00045 0.00065 0.00045 
2.91123e+12 0.00045 0.00065 0.00055 
2.91121e+12 0.00045 0.00065 0.00065 
2.91119e+12 0.00045 0.00065 0.00075 
2.91118e+12 0.00045 0.00065 0.00085 
2.91117e+12 0.00045 0.00065 0.00095 
2.91117e+12 0.00045 0.00065 0.00105 
2.91121e+12 0.00045 0.00075 5e-05 
2.91122e+12 0.00045 0.00075 0.00015 
2.91123e+12 0.00045 0.00075 0.00025 
2.91124e+12 0.00045 0.00075 0.00035 
2.91125e+12 0.00045 0.00075 0.00045 
2.91124e+12 0.00045 0.00075 0.00055 
2.91124e+12 0.00045 0.00075 0.00065 
2.91123e+12 0.00045 0.00075 0.00075 
2.91121e+12 0.00045 0.00075 0.00085 
2.9112e+12 0.00045 0.00075 0.00095 
2.9112e+12 0.00045 0.00075 0.00105 
2.9112e+12 0.00045 0.00085 5e-05 
2.91121e+12 0.00045 0.00085 0.00015 
2.91121e+12 0.00045 0.00085 0.00025 
2.91124e+12 0.00045 0.00085 0.00035 
2.91125e+12 0.00045 0.00085 0.00045 
2.91127e+12 0.00045 0.00085 0.00055 
2.91128e+12 0.00045 0.00085 0.00065 
2.91128e+12 0.00045 0.00085 0.00075 
2.91125e+12 0.00045 0.00085 0.00085 
2.91123e+12 0.00045 0.00085 0.00095 
2.91122e+12 0.00045 0.00085 0.00105 
2.91119e+12 0.00045 0.00095 5e-05 
2.91118e+12 0.00045 0.00095 0.00015 
2.91121e+12 0.00045 0.00095 0.00025 
2.91125e+12 0.00045 0.00095 0.00035 
2.91127e+12 0.00045 0.00095 0.00045 
2.91129e+12 0.00045 0.00095 0.00055 
2.91129e+12 0.00045 0.00095 0.00065 
2.91129e+12 0.00045 0.00095 0.00075 
2.91128e+12 0.00045 0.00095 0.00085 
2.91126e+12 0.00045 0.00095 0.00095 
2.91125e+12 0.00045 0.00095 0.00105 
2.91119e+12 0.00045 0.00105 5e-05 
2.91118e+12 0.00045 0.00105 0.00015 
2.91122e+12 0.00045 0.00105 0.00025 
2.91125e+12 0.00045 0.00105 0.00035 
2.91127e+12 0.00045 0.00105 0.00045 
2.91129e+12 0.00045 0.00105 0.00055 
2.91129e+12 0.00045 0.00105 0.00065 
2.91129e+12 0.00045 0.00105 0.00075 
2.91129e+12 0.00045 0.00105 0.00085 
2.91127e+12 0.00045 0.00105 0.00095 
2.91126e+12 0.00045 0.00105 0.00105 
2.91136e+12 0.00055 5e-05 5e-05 
2.91134e+12 0.00055 5e-05 0.00015 
2.91132e+12 0.00055 5e-05 0.00025 
2.91129e+12 0.00055 5e-05 0.00035 
2.91128e+12 0.00055 5e-05 0.00045 
2.91127e+12 0.00055 5e-05 0.00055 
2.91121e+12 0.00055 5e-05 0.00065 
2.91117e+12 0.00055 5e-05 0.00075 
2.91112e+12 0.00055 5e-05 0.00085 
2.91108e+12 0.00055 5e-05 0.00095 
2.91108e+12 0.00055 5e-05 0.00105 
2.91132e+12 0.00055 0.00015 5e-05 
2.91132e+12 0.00055 0.00015 0.00015 
2.91129e+12 0.00055 0.00015 0.00025 
2.91128e+12 0.00055 0.00015 0.00035 
2.91126e+12 0.00055 0.00015 0.00045 
2.91125e+12 0.00055 0.00015 0.00055 
2.91123e+12 0.00055 0.00015 0.00065 
2.91115e+12 0.00055 0.00015 0.00075 
2.91111e+12 0.00055 0.00015 0.00085 
2.91109e+12 0.00055 0.00015 0.00095 
2.91108e+12 0.00055 0.00015 0.00105 
2.91127e+12 0.00055 0.00025 5e-05 
2.91128e+12 0.00055 0.00025 0.00015 
2.91126e+12 0.00055 0.00025 0.00025 
2.91126e+12 0.00055 0.00025 0.00035 
2.91126e+12 0.00055 0.00025 0.00045 
2.91125e+12 0.00055 0.00025 0.00055 
2.91119e+12 0.00055 0.00025 0.00065 
2.91115e+12 0.00055 0.00025 0.00075 
2.91111e+12 0.00055 0.00025 0.00085 
2.91111e+12 0.00055 0.00025 0.00095 
2.91111e+12 0.00055 0.00025 0.00105 
2.91122e+12 0.00055 0.00035 5e-05 
2.91124e+12 0.00055 0.00035 0.00015 
2.91124e+12 0.00055 0.00035 0.00025 
2.91125e+12 0.00055 0.00035 0.00035 
2.91125e+12 0.00055 0.00035 0.00045 
2.91123e+12 0.00055 0.00035 0.00055 
2.9112e+12 0.00055 0.00035 0.00065 
2.91117e+12 0.00055 0.00035 0.00075 
2.91114e+12 0.00055 0.00035 0.00085 
2.91113e+12 0.00055 0.00035 0.00095 
2.91113e+12 0.00055 0.00035 0.00105 
2.91119e+12 0.00055 0.00045 5e-05 
2.91123e+12 0.00055 0.00045 0.00015 
2.91124e+12 0.00055 0.00045 0.00025 
2.91124e+12 0.00055 0.00045 0.00035 
2.91125e+12 0.00055 0.00045 0.00045 
2.91123e+12 0.00055 0.00045 0.00055 
2.91121e+12 0.00055 0.00045 0.00065 
2.91118e+12 0.00055 0.00045 0.00075 
2.91116e+12 0.00055 0.00045 0.00085 
2.91115e+12 0.00055 0.00045 0.00095 
2.91115e+12 0.00055 0.00045 0.00105 
2.91121e+12 0.00055 0.00055 5e-05 
2.91122e+12 0.00055 0.00055 0.00015 
2.91123e+12 0.00055 0.00055 0.00025 
2.91124e+12 0.00055 0.00055 0.00035 
2.91125e+12 0.00055 0.00055 0.00045 
2.91124e+12 0.00055 0.00055 0.00055 
2.91122e+12 0.00055 0.00055 0.00065 
2.91119e+12 0.00055 0.00055 0.00075 
2.91118e+12 0.00055 0.00055 0.00085 
2.91117e+12 0.00055 0.00055 0.00095 
2.91117e+12 0.00055 0.00055 0.00105 
2.91122e+12 0.00055 0.00065 5e-05 
2.91123e+12 0.00055 0.00065 0.00015 
2.91124e+12 0.00055 0.00065 0.00025 
2.91125e+12 0.00055 0.00065 0.00035 
2.91124e+12 0.00055 0.00065 0.00045 
2.91123e+12 0.00055 0.00065 0.00055 
2.91122e+12 0.00055 0.00065 0.00065 
2.9112e+12 0.00055 0.00065 0.00075 
2.91119e+12 0.00055 0.00065 0.00085 
2.91119e+12 0.00055 0.00065 0.00095 
2.91118e+12 0.00055 0.00065 0.00105 
2.91124e+12 0.00055 0.00075 5e-05 
2.91125e+12 0.00055 0.00075 0.00015 
2.91125e+12 0.00055 0.00075 0.00025 
2.91125e+12 0.00055 0.00075 0.00035 
2.91124e+12 0.00055 0.00075 0.00045 
2.91124e+12 0.00055 0.00075 0.00055 
2.91124e+12 0.00055 0.00075 0.00065 
2.91123e+12 0.00055 0.00075 0.00075 
2.91121e+12 0.00055 0.00075 0.00085 
2.9112e+12 0.00055 0.00075 0.00095 
2.9112e+12 0.00055 0.00075 0.00105 
2.91123e+12 0.00055 0.00085 5e-05 
2.91125e+12 0.00055 0.00085 0.00015 
2.91125e+12 0.00055 0.00085 0.00025 
2.91126e+12 0.00055 0.00085 0.00035 
2.91125e+12 0.00055 0.00085 0.00045 
2.91126e+12 0.00055 0.00085 0.00055 
2.91126e+12 0.00055 0.00085 0.00065 
2.91125e+12 0.00055 0.00085 0.00075 
2.91124e+12 0.00055 0.00085 0.00085 
2.91122e+12 0.00055 0.00085 0.00095 
2.91122e+12 0.00055 0.00085 0.00105 
2.91123e+12 0.00055 0.00095 5e-05 
2.91124e+12 0.00055 0.00095 0.00015 
2.91126e+12 0.00055 0.00095 0.00025 
2.91127e+12 0.00055 0.00095 0.00035 
2.91127e+12 0.00055 0.00095 0.00045 
2.91127e+12 0.00055 0.00095 0.00055 
2.91127e+12 0.00055 0.00095 0.00065 
2.91127e+12 0.00055 0.00095 0.00075 
2.91126e+12 0.00055 0.00095 0.00085 
2.91125e+12 0.00055 0.00095 0.00095 
2.91124e+12 0.00055 0.00095 0.00105 
2.91125e+12 0.00055 0.00105 5e-05 
2.91124e+12 0.00055 0.00105 0.00015 
2.91126e+12 0.00055 0.00105 0.00025 
2.91127e+12 0.00055 0.00105 0.00035 
2.91127e+12 0.00055 0.00105 0.00045 
2.91127e+12 0.00055 0.00105 0.00055 
2.91127e+12 0.00055 0.00105 0.00065 
2.91128e+12 0.00055 0.00105 0.00075 
2.91127e+12 0.00055 0.00105 0.00085 
2.91126e+12 0.00055 0.00105 0.00095 
2.91125e+12 0.00055 0.00105 0.00105 
2.91131e+12 0.00065 5e-05 5e-05 
2.91129e+12 0.00065 5e-05 0.00015 
2.91129e+12 0.00065 5e-05 0.00025 
2.91128e+12 0.00065 5e-05 0.00035 
2.91125e+12 0.00065 5e-05 0.00045 
2.91124e+12 0.00065 5e-05 0.00055 
2.91122e+12 0.00065 5e-05 0.00065 
2.91116e+12 0.00065 5e-05 0.00075 
2.91111e+12 0.00065 5e-05 0.00085 
2.91108e+12 0.00065 5e-05 0.00095 
2.91108e+12 0.00065 5e-05 0.00105 
2.91127e+12 0.00065 0.00015 5e-05 
2.91129e+12 0.00065 0.00015 0.00015 
2.91128e+12 0.00065 0.00015 0.00025 
2.91126e+12 0.00065 0.00015 0.00035 
2.91125e+12 0.00065 0.00015 0.00045 
2.91124e+12 0.00065 0.00015 0.00055 
2.91121e+12 0.00065 0.00015 0.00065 
2.91116e+12 0.00065 0.00015 0.00075 
2.91111e+12 0.00065 0.00015 0.00085 
2.91108e+12 0.00065 0.00015 0.00095 
2.91108e+12 0.00065 0.00015 0.00105 
2.91123e+12 0.00065 0.00025 5e-05 
2.91125e+12 0.00065 0.00025 0.00015 
2.91124e+12 0.00065 0.00025 0.00025 
2.91125e+12 0.00065 0.00025 0.00035 
2.91125e+12 0.00065 0.00025 0.00045 
2.91124e+12 0.00065 0.00025 0.00055 
2.9112e+12 0.00065 0.00025 0.00065 
2.91116e+12 0.00065 0.00025 0.00075 
2.91113e+12 0.00065 0.00025 0.00085 
2.91111e+12 0.00065 0.00025 0.00095 
2.91111e+12 0.00065 0.00025 0.00105 
2.91122e+12 0.00065 0.00035 5e-05 
2.91123e+12 0.00065 0.00035 0.00015 
2.91123e+12 0.00065 0.00035 0.00025 
2.91124e+12 0.00065 0.00035 0.00035 
2.91125e+12 0.00065 0.00035 0.00045 
2.91124e+12 0.00065 0.00035 0.00055 
2.9112e+12 0.00065 0.00035 0.00065 
2.91118e+12 0.00065 0.00035 0.00075 
2.91116e+12 0.00065 0.00035 0.00085 
2.91115e+12 0.00065 0.00035 0.00095 
2.91115e+12 0.00065 0.00035 0.00105 
2.91121e+12 0.00065 0.00045 5e-05 
2.91122e+12 0.00065 0.00045 0.00015 
2.91122e+12 0.00065 0.00045 0.00025 
2.91123e+12 0.00065 0.00045 0.00035 
2.91124e+12 0.00065 0.00045 0.00045 
2.91124e+12 0.00065 0.00045 0.00055 
2.91121e+12 0.00065 0.00045 0.00065 
2.91119e+12 0.00065 0.00045 0.00075 
2.91118e+12 0.00065 0.00045 0.00085 
2.91118e+12 0.00065 0.00045 0.00095 
2.91117e+12 0.00065 0.00045 0.00105 
2.91122e+12 0.00065 0.00055 5e-05 
2.91122e+12 0.00065 0.00055 0.00015 
2.91122e+12 0.00065 0.00055 0.00025 
2.91124e+12 0.00065 0.00055 0.00035 
2.91125e+12 0.00065 0.00055 0.00045 
2.91124e+12 0.00065 0.00055 0.00055 
2.91121e+12 0.00065 0.00055 0.00065 
2.9112e+12 0.00065 0.00055 0.00075 
2.91119e+12 0.00065 0.00055 0.00085 
2.9112e+12 0.00065 0.00055 0.00095 
2.91119e+12 0.00065 0.00055 0.00105 
2.91124e+12 0.00065 0.00065 5e-05 
2.91125e+12 0.00065 0.00065 0.00015 
2.91125e+12 0.00065 0.00065 0.00025 
2.91125e+12 0.00065 0.00065 0.00035 
2.91124e+12 0.00065 0.00065 0.00045 
2.91123e+12 0.00065 0.00065 0.00055 
2.91122e+12 0.00065 0.00065 0.00065 
2.91121e+12 0.00065 0.00065 0.00075 
2.9112e+12 0.00065 0.00065 0.00085 
2.9112e+12 0.00065 0.00065 0.00095 
2.91121e+12 0.00065 0.00065 0.00105 
2.91127e+12 0.00065 0.00075 5e-05 
2.91127e+12 0.00065 0.00075 0.00015 
2.91126e+12 0.00065 0.00075 0.00025 
2.91125e+12 0.00065 0.00075 0.00035 
2.91124e+12 0.00065 0.00075 0.00045 
2.91124e+12 0.00065 0.00075 0.00055 
2.91123e+12 0.00065 0.00075 0.00065 
2.91122e+12 0.00065 0.00075 0.00075 
2.91121e+12 0.00065 0.00075 0.00085 
2.91122e+12 0.00065 0.00075 0.00095 
2.91122e+12 0.00065 0.00075 0.00105 
2.91127e+12 0.00065 0.00085 5e-05 
2.91128e+12 0.00065 0.00085 0.00015 
2.91128e+12 0.00065 0.00085 0.00025 
2.91127e+12 0.00065 0.00085 0.00035 
2.91126e+12 0.00065 0.00085 0.00045 
2.91125e+12 0.00065 0.00085 0.00055 
2.91124e+12 0.00065 0.00085 0.00065 
2.91124e+12 0.00065 0.00085 0.00075 
2.91123e+12 0.00065 0.00085 0.00085 
2.91123e+12 0.00065 0.00085 0.00095 
2.91123e+12 0.00065 0.00085 0.00105 
2.91129e+12 0.00065 0.00095 5e-05 
2.9113e+12 0.00065 0.00095 0.00015 
2.91129e+12 0.00065 0.00095 0.00025 
2.91128e+12 0.00065 0.00095 0.00035 
2.91127e+12 0.00065 0.00095 0.00045 
2.91125e+12 0.00065 0.00095 0.00055 
2.91124e+12 0.00065 0.00095 0.00065 
2.91125e+12 0.00065 0.00095 0.00075 
2.91125e+12 0.00065 0.00095 0.00085 
2.91124e+12 0.00065 0.00095 0.00095 
2.91124e+12 0.00065 0.00095 0.00105 
2.91132e+12 0.00065 0.00105 5e-05 
2.91132e+12 0.00065 0.00105 0.00015 
2.9113e+12 0.00065 0.00105 0.00025 
2.91129e+12 0.00065 0.00105 0.00035 
2.91127e+12 0.00065 0.00105 0.00045 
2.91125e+12 0.00065 0.00105 0.00055 
2.91125e+12 0.00065 0.00105 0.00065 
2.91125e+12 0.00065 0.00105 0.00075 
2.91125e+12 0.00065 0.00105 0.00085 
2.91125e+12 0.00065 0.00105 0.00095 
2.91124e+12 0.00065 0.00105 0.00105 
2.91124e+12 0.00075 5e-05 5e-05 
2.91127e+12 0.00075 5e-05 0.00015 
2.91127e+12 0.00075 5e-05 0.00025 
2.91125e+12 0.00075 5e-05 0.00035 
2.91124e+12 0.00075 5e-05 0.00045 
2.91124e+12 0.00075 5e-05 0.00055 
2.91118e+12 0.00075 5e-05 0.00065 
2.91114e+12 0.00075 5e-05 0.00075 
2.9111e+12 0.00075 5e-05 0.00085 
2.91108e+12 0.00075 5e-05 0.00095 
2.91106e+12 0.00075 5e-05 0.00105 
2.91124e+12 0.00075 0.00015 5e-05 
2.91126e+12 0.00075 0.00015 0.00015 
2.91125e+12 0.00075 0.00015 0.00025 
2.91125e+12 0.00075 0.00015 0.00035 
2.91124e+12 0.00075 0.00015 0.00045 
2.91123e+12 0.00075 0.00015 0.00055 
2.91121e+12 0.00075 0.00015 0.00065 
2.91114e+12 0.00075 0.00015 0.00075 
2.9111e+12 0.00075 0.00015 0.00085 
2.91107e+12 0.00075 0.00015 0.00095 
2.91107e+12 0.00075 0.00015 0.00105 
2.91122e+12 0.00075 0.00025 5e-05 
2.91122e+12 0.00075 0.00025 0.00015 
2.91124e+12 0.00075 0.00025 0.00025 
2.91125e+12 0.00075 0.00025 0.00035 
2.91124e+12 0.00075 0.00025 0.00045 
2.91124e+12 0.00075 0.00025 0.00055 
2.9112e+12 0.00075 0.00025 0.00065 
2.91115e+12 0.00075 0.00025 0.00075 
2.91113e+12 0.00075 0.00025 0.00085 
2.91111e+12 0.00075 0.00025 0.00095 
2.91113e+12 0.00075 0.00025 0.00105 
2.9112e+12 0.00075 0.00035 5e-05 
2.91122e+12 0.00075 0.00035 0.00015 
2.91123e+12 0.00075 0.00035 0.00025 
2.91124e+12 0.00075 0.00035 0.00035 
2.91124e+12 0.00075 0.00035 0.00045 
2.91123e+12 0.00075 0.00035 0.00055 
2.91121e+12 0.00075 0.00035 0.00065 
2.91118e+12 0.00075 0.00035 0.00075 
2.91116e+12 0.00075 0.00035 0.00085 
2.91117e+12 0.00075 0.00035 0.00095 
2.91116e+12 0.00075 0.00035 0.00105 
2.91121e+12 0.00075 0.00045 5e-05 
2.91122e+12 0.00075 0.00045 0.00015 
2.91122e+12 0.00075 0.00045 0.00025 
2.91124e+12 0.00075 0.00045 0.00035 
2.91125e+12 0.00075 0.00045 0.00045 
2.91123e+12 0.00075 0.00045 0.00055 
2.91121e+12 0.00075 0.00045 0.00065 
2.91119e+12 0.00075 0.00045 0.00075 
2.91119e+12 0.00075 0.00045 0.00085 
2.9112e+12 0.00075 0.00045 0.00095 
2.91119e+12 0.00075 0.00045 0.00105 
2.91124e+12 0.00075 0.00055 5e-05 
2.91124e+12 0.00075 0.00055 0.00015 
2.91124e+12 0.00075 0.00055 0.00025 
2.91125e+12 0.00075 0.00055 0.00035 
2.91125e+12 0.00075 0.00055 0.00045 
2.91123e+12 0.00075 0.00055 0.00055 
2.91121e+12 0.00075 0.00055 0.00065 
2.9112e+12 0.00075 0.00055 0.00075 
2.9112e+12 0.00075 0.00055 0.00085 
2.91121e+12 0.00075 0.00055 0.00095 
2.91122e+12 0.00075 0.00055 0.00105 
2.91127e+12 0.00075 0.00065 5e-05 
2.91127e+12 0.00075 0.00065 0.00015 
2.91127e+12 0.00075 0.00065 0.00025 
2.91126e+12 0.00075 0.00065 0.00035 
2.91124e+12 0.00075 0.00065 0.00045 
2.91123e+12 0.00075 0.00065 0.00055 
2.91122e+12 0.00075 0.00065 0.00065 
2.91121e+12 0.00075 0.00065 0.00075 
2.91121e+12 0.00075 0.00065 0.00085 
2.91122e+12 0.00075 0.00065 0.00095 
2.91122e+12 0.00075 0.00065 0.00105 
2.9113e+12 0.00075 0.00075 5e-05 
2.91129e+12 0.00075 0.00075 0.00015 
2.91128e+12 0.00075 0.00075 0.00025 
2.91126e+12 0.00075 0.00075 0.00035 
2.91126e+12 0.00075 0.00075 0.00045 
2.91124e+12 0.00075 0.00075 0.00055 
2.91123e+12 0.00075 0.00075 0.00065 
2.91122e+12 0.00075 0.00075 0.00075 
2.91122e+12 0.00075 0.00075 0.00085 
2.91123e+12 0.00075 0.00075 0.00095 
2.91123e+12 0.00075 0.00075 0.00105 
2.91132e+12 0.00075 0.00085 5e-05 
2.91131e+12 0.00075 0.00085 0.00015 
2.9113e+12 0.00075 0.00085 0.00025 
2.91129e+12 0.00075 0.00085 0.00035 
2.91126e+12 0.00075 0.00085 0.00045 
2.91124e+12 0.00075 0.00085 0.00055 
2.91123e+12 0.00075 0.00085 0.00065 
2.91122e+12 0.00075 0.00085 0.00075 
2.91123e+12 0.00075 0.00085 0.00085 
2.91123e+12 0.00075 0.00085 0.00095 
2.91123e+12 0.00075 0.00085 0.00105 
2.91136e+12 0.00075 0.00095 5e-05 
2.91135e+12 0.00075 0.00095 0.00015 
2.91132e+12 0.00075 0.00095 0.00025 
2.91129e+12 0.00075 0.00095 0.00035 
2.91126e+12 0.00075 0.00095 0.00045 
2.91123e+12 0.00075 0.00095 0.00055 
2.91123e+12 0.00075 0.00095 0.00065 
2.91123e+12 0.00075 0.00095 0.00075 
2.91122e+12 0.00075 0.00095 0.00085 
2.91123e+12 0.00075 0.00095 0.00095 
2.91123e+12 0.00075 0.00095 0.00105 
2.91138e+12 0.00075 0.00105 5e-05 
2.91139e+12 0.00075 0.00105 0.00015 
2.91134e+12 0.00075 0.00105 0.00025 
2.91129e+12 0.00075 0.00105 0.00035 
2.91126e+12 0.00075 0.00105 0.00045 
2.91124e+12 0.00075 0.00105 0.00055 
2.91123e+12 0.00075 0.00105 0.00065 
2.91122e+12 0.00075 0.00105 0.00075 
2.91123e+12 0.00075 0.00105 0.00085 
2.91123e+12 0.00075 0.00105 0.00095 
2.91123e+12 0.00075 0.00105 0.00105 
2.91122e+12 0.00085 5e-05 5e-05 
2.91124e+12 0.00085 5e-05 0.00015 
2.91125e+12 0.00085 5e-05 0.00025 
2.91125e+12 0.00085 5e-05 0.00035 
2.91123e+12 0.00085 5e-05 0.00045 
2.9112e+12 0.00085 5e-05 0.00055 
2.91116e+12 0.00085 5e-05 0.00065 
2.91114e+12 0.00085 5e-05 0.00075 
2.9111e+12 0.00085 5e-05 0.00085 
2.91107e+12 0.00085 5e-05 0.00095 
2.91106e+12 0.00085 5e-05 0.00105 
2.91121e+12 0.00085 0.00015 5e-05 
2.91122e+12 0.00085 0.00015 0.00015 
2.91126e+12 0.00085 0.00015 0.00025 
2.91125e+12 0.00085 0.00015 0.00035 
2.91122e+12 0.00085 0.00015 0.00045 
2.91121e+12 0.00085 0.00015 0.00055 
2.91117e+12 0.00085 0.00015 0.00065 
2.91113e+12 0.00085 0.00015 0.00075 
2.91111e+12 0.00085 0.00015 0.00085 
2.91108e+12 0.00085 0.00015 0.00095 
2.91109e+12 0.00085 0.00015 0.00105 
2.9112e+12 0.00085 0.00025 5e-05 
2.91122e+12 0.00085 0.00025 0.00015 
2.91123e+12 0.00085 0.00025 0.00025 
2.91123e+12 0.00085 0.00025 0.00035 
2.91123e+12 0.00085 0.00025 0.00045 
2.91121e+12 0.00085 0.00025 0.00055 
2.91119e+12 0.00085 0.00025 0.00065 
2.91114e+12 0.00085 0.00025 0.00075 
2.91113e+12 0.00085 0.00025 0.00085 
2.91115e+12 0.00085 0.00025 0.00095 
2.91114e+12 0.00085 0.00025 0.00105 
2.91121e+12 0.00085 0.00035 5e-05 
2.91122e+12 0.00085 0.00035 0.00015 
2.91122e+12 0.00085 0.00035 0.00025 
2.91123e+12 0.00085 0.00035 0.00035 
2.91124e+12 0.00085 0.00035 0.00045 
2.91122e+12 0.00085 0.00035 0.00055 
2.9112e+12 0.00085 0.00035 0.00065 
2.91118e+12 0.00085 0.00035 0.00075 
2.91117e+12 0.00085 0.00035 0.00085 
2.91118e+12 0.00085 0.00035 0.00095 
2.91118e+12 0.00085 0.00035 0.00105 
2.91122e+12 0.00085 0.00045 5e-05 
2.91122e+12 0.00085 0.00045 0.00015 
2.91124e+12 0.00085 0.00045 0.00025 
2.91125e+12 0.00085 0.00045 0.00035 
2.91125e+12 0.00085 0.00045 0.00045 
2.91123e+12 0.00085 0.00045 0.00055 
2.91121e+12 0.00085 0.00045 0.00065 
2.9112e+12 0.00085 0.00045 0.00075 
2.9112e+12 0.00085 0.00045 0.00085 
2.9112e+12 0.00085 0.00045 0.00095 
2.91121e+12 0.00085 0.00045 0.00105 
2.91126e+12 0.00085 0.00055 5e-05 
2.91125e+12 0.00085 0.00055 0.00015 
2.91127e+12 0.00085 0.00055 0.00025 
2.91128e+12 0.00085 0.00055 0.00035 
2.91125e+12 0.00085 0.00055 0.00045 
2.91123e+12 0.00085 0.00055 0.00055 
2.91122e+12 0.00085 0.00055 0.00065 
2.91121e+12 0.00085 0.00055 0.00075 
2.91122e+12 0.00085 0.00055 0.00085 
2.91123e+12 0.00085 0.00055 0.00095 
2.91123e+12 0.00085 0.00055 0.00105 
2.91131e+12 0.00085 0.00065 5e-05 
2.9113e+12 0.00085 0.00065 0.00015 
2.9113e+12 0.00085 0.00065 0.00025 
2.91129e+12 0.00085 0.00065 0.00035 
2.91127e+12 0.00085 0.00065 0.00045 
2.91124e+12 0.00085 0.00065 0.00055 
2.91123e+12 0.00085 0.00065 0.00065 
2.91122e+12 0.00085 0.00065 0.00075 
2.91122e+12 0.00085 0.00065 0.00085 
2.91124e+12 0.00085 0.00065 0.00095 
2.91124e+12 0.00085 0.00065 0.00105 
2.91134e+12 0.00085 0.00075 5e-05 
2.91137e+12 0.00085 0.00075 0.00015 
2.91132e+12 0.00085 0.00075 0.00025 
2.9113e+12 0.00085 0.00075 0.00035 
2.91127e+12 0.00085 0.00075 0.00045 
2.91124e+12 0.00085 0.00075 0.00055 
2.91122e+12 0.00085 0.00075 0.00065 
2.91122e+12 0.00085 0.00075 0.00075 
2.91122e+12 0.00085 0.00075 0.00085 
2.91123e+12 0.00085 0.00075 0.00095 
2.91123e+12 0.00085 0.00075 0.00105 
2.91137e+12 0.00085 0.00085 5e-05 
2.91137e+12 0.00085 0.00085 0.00015 
2.91133e+12 0.00085 0.00085 0.00025 
2.9113e+12 0.00085 0.00085 0.00035 
2.91126e+12 0.00085 0.00085 0.00045 
2.91123e+12 0.00085 0.00085 0.00055 
2.91121e+12 0.00085 0.00085 0.00065 
2.9112e+12 0.00085 0.00085 0.00075 
2.91121e+12 0.00085 0.00085 0.00085 
2.91122e+12 0.00085 0.00085 0.00095 
2.91122e+12 0.00085 0.00085 0.00105 
2.91142e+12 0.00085 0.00095 5e-05 
2.91139e+12 0.00085 0.00095 0.00015 
2.91134e+12 0.00085 0.00095 0.00025 
2.91129e+12 0.00085 0.00095 0.00035 
2.91126e+12 0.00085 0.00095 0.00045 
2.91123e+12 0.00085 0.00095 0.00055 
2.91121e+12 0.00085 0.00095 0.00065 
2.9112e+12 0.00085 0.00095 0.00075 
2.9112e+12 0.00085 0.00095 0.00085 
2.9112e+12 0.00085 0.00095 0.00095 
2.91121e+12 0.00085 0.00095 0.00105 
2.91141e+12 0.00085 0.00105 5e-05 
2.91139e+12 0.00085 0.00105 0.00015 
2.91134e+12 0.00085 0.00105 0.00025 
2.9113e+12 0.00085 0.00105 0.00035 
2.91126e+12 0.00085 0.00105 0.00045 
2.91123e+12 0.00085 0.00105 0.00055 
2.91121e+12 0.00085 0.00105 0.00065 
2.9112e+12 0.00085 0.00105 0.00075 
2.91119e+12 0.00085 0.00105 0.00085 
2.9112e+12 0.00085 0.00105 0.00095 
2.9112e+12 0.00085 0.00105 0.00105 
2.91121e+12 0.00095 5e-05 5e-05 
2.91123e+12 0.00095 5e-05 0.00015 
2.91125e+12 0.00095 5e-05 0.00025 
2.91125e+12 0.00095 5e-05 0.00035 
2.9112e+12 0.00095 5e-05 0.00045 
2.91117e+12 0.00095 5e-05 0.00055 
2.91114e+12 0.00095 5e-05 0.00065 
2.91113e+12 0.00095 5e-05 0.00075 
2.9111e+12 0.00095 5e-05 0.00085 
2.91108e+12 0.00095 5e-05 0.00095 
2.91108e+12 0.00095 5e-05 0.00105 
2.9112e+12 0.00095 0.00015 5e-05 
2.91122e+12 0.00095 0.00015 0.00015 
2.91125e+12 0.00095 0.00015 0.00025 
2.91122e+12 0.00095 0.00015 0.00035 
2.9112e+12 0.00095 0.00015 0.00045 
2.91118e+12 0.00095 0.00015 0.00055 
2.91115e+12 0.00095 0.00015 0.00065 
2.91113e+12 0.00095 0.00015 0.00075 
2.91112e+12 0.00095 0.00015 0.00085 
2.91109e+12 0.00095 0.00015 0.00095 
2.9111e+12 0.00095 0.00015 0.00105 
2.91121e+12 0.00095 0.00025 5e-05 
2.91122e+12 0.00095 0.00025 0.00015 
2.91123e+12 0.00095 0.00025 0.00025 
2.91123e+12 0.00095 0.00025 0.00035 
2.91121e+12 0.00095 0.00025 0.00045 
2.91119e+12 0.00095 0.00025 0.00055 
2.91117e+12 0.00095 0.00025 0.00065 
2.91116e+12 0.00095 0.00025 0.00075 
2.91115e+12 0.00095 0.00025 0.00085 
2.91115e+12 0.00095 0.00025 0.00095 
2.91114e+12 0.00095 0.00025 0.00105 
2.91122e+12 0.00095 0.00035 5e-05 
2.91122e+12 0.00095 0.00035 0.00015 
2.91123e+12 0.00095 0.00035 0.00025 
2.91124e+12 0.00095 0.00035 0.00035 
2.91124e+12 0.00095 0.00035 0.00045 
2.91121e+12 0.00095 0.00035 0.00055 
2.91119e+12 0.00095 0.00035 0.00065 
2.91118e+12 0.00095 0.00035 0.00075 
2.91119e+12 0.00095 0.00035 0.00085 
2.91119e+12 0.00095 0.00035 0.00095 
2.91119e+12 0.00095 0.00035 0.00105 
2.91124e+12 0.00095 0.00045 5e-05 
2.91123e+12 0.00095 0.00045 0.00015 
2.91126e+12 0.00095 0.00045 0.00025 
2.91126e+12 0.00095 0.00045 0.00035 
2.91124e+12 0.00095 0.00045 0.00045 
2.91122e+12 0.00095 0.00045 0.00055 
2.91121e+12 0.00095 0.00045 0.00065 
2.9112e+12 0.00095 0.00045 0.00075 
2.91121e+12 0.00095 0.00045 0.00085 
2.91122e+12 0.00095 0.00045 0.00095 
2.91123e+12 0.00095 0.00045 0.00105 
2.91128e+12 0.00095 0.00055 5e-05 
2.91129e+12 0.00095 0.00055 0.00015 
2.91132e+12 0.00095 0.00055 0.00025 
2.91131e+12 0.00095 0.00055 0.00035 
2.91125e+12 0.00095 0.00055 0.00045 
2.91124e+12 0.00095 0.00055 0.00055 
2.91122e+12 0.00095 0.00055 0.00065 
2.91121e+12 0.00095 0.00055 0.00075 
2.91122e+12 0.00095 0.00055 0.00085 
2.91124e+12 0.00095 0.00055 0.00095 
2.91125e+12 0.00095 0.00055 0.00105 
2.91133e+12 0.00095 0.00065 5e-05 
2.91135e+12 0.00095 0.00065 0.00015 
2.91135e+12 0.00095 0.00065 0.00025 
2.91133e+12 0.00095 0.00065 0.00035 
2.91131e+12 0.00095 0.00065 0.00045 
2.91125e+12 0.00095 0.00065 0.00055 
2.91122e+12 0.00095 0.00065 0.00065 
2.91121e+12 0.00095 0.00065 0.00075 
2.91123e+12 0.00095 0.00065 0.00085 
2.91124e+12 0.00095 0.00065 0.00095 
2.91125e+12 0.00095 0.00065 0.00105 
2.91138e+12 0.00095 0.00075 5e-05 
2.91139e+12 0.00095 0.00075 0.00015 
2.91138e+12 0.00095 0.00075 0.00025 
2.91133e+12 0.00095 0.00075 0.00035 
2.91129e+12 0.00095 0.00075 0.00045 
2.91124e+12 0.00095 0.00075 0.00055 
2.91121e+12 0.00095 0.00075 0.00065 
2.9112e+12 0.00095 0.00075 0.00075 
2.91122e+12 0.00095 0.00075 0.00085 
2.91123e+12 0.00095 0.00075 0.00095 
2.91123e+12 0.00095 0.00075 0.00105 
2.91143e+12 0.00095 0.00085 5e-05 
2.91142e+12 0.00095 0.00085 0.00015 
2.91138e+12 0.00095 0.00085 0.00025 
2.91131e+12 0.00095 0.00085 0.00035 
2.91127e+12 0.00095 0.00085 0.00045 
2.91122e+12 0.00095 0.00085 0.00055 
2.9112e+12 0.00095 0.00085 0.00065 
2.91119e+12 0.00095 0.00085 0.00075 
2.9112e+12 0.00095 0.00085 0.00085 
2.91121e+12 0.00095 0.00085 0.00095 
2.91121e+12 0.00095 0.00085 0.00105 
2.91146e+12 0.00095 0.00095 5e-05 
2.91144e+12 0.00095 0.00095 0.00015 
2.91136e+12 0.00095 0.00095 0.00025 
2.9113e+12 0.00095 0.00095 0.00035 
2.91125e+12 0.00095 0.00095 0.00045 
2.91122e+12 0.00095 0.00095 0.00055 
2.9112e+12 0.00095 0.00095 0.00065 
2.91119e+12 0.00095 0.00095 0.00075 
2.91119e+12 0.00095 0.00095 0.00085 
2.91119e+12 0.00095 0.00095 0.00095 
2.9112e+12 0.00095 0.00095 0.00105 
2.91145e+12 0.00095 0.00105 5e-05 
2.91141e+12 0.00095 0.00105 0.00015 
2.91134e+12 0.00095 0.00105 0.00025 
2.91131e+12 0.00095 0.00105 0.00035 
2.91127e+12 0.00095 0.00105 0.00045 
2.91122e+12 0.00095 0.00105 0.00055 
2.91119e+12 0.00095 0.00105 0.00065 
2.91119e+12 0.00095 0.00105 0.00075 
2.91118e+12 0.00095 0.00105 0.00085 
2.91119e+12 0.00095 0.00105 0.00095 
2.91119e+12 0.00095 0.00105 0.00105 
2.91121e+12 0.00105 5e-05 5e-05 
2.91122e+12 0.00105 5e-05 0.00015 
2.91124e+12 0.00105 5e-05 0.00025 
2.9112e+12 0.00105 5e-05 0.00035 
2.91117e+12 0.00105 5e-05 0.00045 
2.91115e+12 0.00105 5e-05 0.00055 
2.91114e+12 0.00105 5e-05 0.00065 
2.91112e+12 0.00105 5e-05 0.00075 
2.91111e+12 0.00105 5e-05 0.00085 
2.91109e+12 0.00105 5e-05 0.00095 
2.91109e+12 0.00105 5e-05 0.00105 
2.9112e+12 0.00105 0.00015 5e-05 
2.91122e+12 0.00105 0.00015 0.00015 
2.91123e+12 0.00105 0.00015 0.00025 
2.9112e+12 0.00105 0.00015 0.00035 
2.91117e+12 0.00105 0.00015 0.00045 
2.91116e+12 0.00105 0.00015 0.00055 
2.91115e+12 0.00105 0.00015 0.00065 
2.91114e+12 0.00105 0.00015 0.00075 
2.91112e+12 0.00105 0.00015 0.00085 
2.91112e+12 0.00105 0.00015 0.00095 
2.91111e+12 0.00105 0.00015 0.00105 
2.91121e+12 0.00105 0.00025 5e-05 
2.91122e+12 0.00105 0.00025 0.00015 
2.91123e+12 0.00105 0.00025 0.00025 
2.91122e+12 0.00105 0.00025 0.00035 
2.9112e+12 0.00105 0.00025 0.00045 
2.91118e+12 0.00105 0.00025 0.00055 
2.91117e+12 0.00105 0.00025 0.00065 
2.91117e+12 0.00105 0.00025 0.00075 
2.91116e+12 0.00105 0.00025 0.00085 
2.91116e+12 0.00105 0.00025 0.00095 
2.91117e+12 0.00105 0.00025 0.00105 
2.91122e+12 0.00105 0.00035 5e-05 
2.91122e+12 0.00105 0.00035 0.00015 
2.91124e+12 0.00105 0.00035 0.00025 
2.91124e+12 0.00105 0.00035 0.00035 
2.91123e+12 0.00105 0.00035 0.00045 
2.91119e+12 0.00105 0.00035 0.00055 
2.91119e+12 0.00105 0.00035 0.00065 
2.91118e+12 0.00105 0.00035 0.00075 
2.91119e+12 0.00105 0.00035 0.00085 
2.91119e+12 0.00105 0.00035 0.00095 
2.9112e+12 0.00105 0.00035 0.00105 
2.91123e+12 0.00105 0.00045 5e-05 
2.91126e+12 0.00105 0.00045 0.00015 
2.91127e+12 0.00105 0.00045 0.00025 
2.91129e+12 0.00105 0.00045 0.00035 
2.91124e+12 0.00105 0.00045 0.00045 
2.91122e+12 0.00105 0.00045 0.00055 
2.91121e+12 0.00105 0.00045 0.00065 
2.9112e+12 0.00105 0.00045 0.00075 
2.91121e+12 0.00105 0.00045 0.00085 
2.91122e+12 0.00105 0.00045 0.00095 
2.91122e+12 0.00105 0.00045 0.00105 
2.9113e+12 0.00105 0.00055 5e-05 
2.91131e+12 0.00105 0.00055 0.00015 
2.91133e+12 0.00105 0.00055 0.00025 
2.91133e+12 0.00105 0.00055 0.00035 
2.91131e+12 0.00105 0.00055 0.00045 
2.91124e+12 0.00105 0.00055 0.00055 
2.91122e+12 0.00105 0.00055 0.00065 
2.91121e+12 0.00105 0.00055 0.00075 
2.91122e+12 0.00105 0.00055 0.00085 
2.91124e+12 0.00105 0.00055 0.00095 
2.91125e+12 0.00105 0.00055 0.00105 
2.91135e+12 0.00105 0.00065 5e-05 
2.91137e+12 0.00105 0.00065 0.00015 
2.91136e+12 0.00105 0.00065 0.00025 
2.91134e+12 0.00105 0.00065 0.00035 
2.9113e+12 0.00105 0.00065 0.00045 
2.91125e+12 0.00105 0.00065 0.00055 
2.91122e+12 0.00105 0.00065 0.00065 
2.91121e+12 0.00105 0.00065 0.00075 
2.91122e+12 0.00105 0.00065 0.00085 
2.91125e+12 0.00105 0.00065 0.00095 
2.91125e+12 0.00105 0.00065 0.00105 
2.91141e+12 0.00105 0.00075 5e-05 
2.91141e+12 0.00105 0.00075 0.00015 
2.9114e+12 0.00105 0.00075 0.00025 
2.91132e+12 0.00105 0.00075 0.00035 
2.91128e+12 0.00105 0.00075 0.00045 
2.91125e+12 0.00105 0.00075 0.00055 
2.91122e+12 0.00105 0.00075 0.00065 
2.9112e+12 0.00105 0.00075 0.00075 
2.91122e+12 0.00105 0.00075 0.00085 
2.91124e+12 0.00105 0.00075 0.00095 
2.91124e+12 0.00105 0.00075 0.00105 
2.91145e+12 0.00105 0.00085 5e-05 
2.91144e+12 0.00105 0.00085 0.00015 
2.91138e+12 0.00105 0.00085 0.00025 
2.9113e+12 0.00105 0.00085 0.00035 
2.91127e+12 0.00105 0.00085 0.00045 
2.91124e+12 0.00105 0.00085 0.00055 
2.9112e+12 0.00105 0.00085 0.00065 
2.91119e+12 0.00105 0.00085 0.00075 
2.91119e+12 0.00105 0.00085 0.00085 
2.91122e+12 0.00105 0.00085 0.00095 
2.91121e+12 0.00105 0.00085 0.00105 
2.91147e+12 0.00105 0.00095 5e-05 
2.91143e+12 0.00105 0.00095 0.00015 
2.91136e+12 0.00105 0.00095 0.00025 
2.91131e+12 0.00105 0.00095 0.00035 
2.91126e+12 0.00105 0.00095 0.00045 
2.91122e+12 0.00105 0.00095 0.00055 
2.91119e+12 0.00105 0.00095 0.00065 
2.91119e+12 0.00105 0.00095 0.00075 
2.91119e+12 0.00105 0.00095 0.00085 
2.91119e+12 0.00105 0.00095 0.00095 
2.91119e+12 0.00105 0.00095 0.00105 
2.91145e+12 0.00105 0.00105 5e-05 
2.91142e+12 0.00105 0.00105 0.00015 
2.91136e+12 0.00105 0.00105 0.00025 
2.91131e+12 0.00105 0.00105 0.00035 
2.91127e+12 0.00105 0.00105 0.00045 
2.91122e+12 0.00105 0.00105 0.00055 
2.91119e+12 0.00105 0.00105 0.00065 
2.91118e+12 0.00105 0.00105 0.00075 
2.91118e+12 0.00105 0.00105 0.00085 
2.91119e+12 0.00105 0.00105 0.00095 
2.91119e+12 0.00105 0.00105 0.00105 
