3630
0 1
1 2
2 3
3 4
4 5
5 6
6 7
7 8
8 9
9 10
11 12
12 13
13 14
14 15
15 16
16 17
17 18
18 19
19 20
20 21
22 23
23 24
24 25
25 26
26 27
27 28
28 29
29 30
30 31
31 32
33 34
34 35
35 36
36 37
37 38
38 39
39 40
40 41
41 42
42 43
44 45
45 46
46 47
47 48
48 49
49 50
50 51
51 52
52 53
53 54
55 56
56 57
57 58
58 59
59 60
60 61
61 62
62 63
63 64
64 65
66 67
67 68
68 69
69 70
70 71
71 72
72 73
73 74
74 75
75 76
77 78
78 79
79 80
80 81
81 82
82 83
83 84
84 85
85 86
86 87
88 89
89 90
90 91
91 92
92 93
93 94
94 95
95 96
96 97
97 98
99 100
100 101
101 102
102 103
103 104
104 105
105 106
106 107
107 108
108 109
110 111
111 112
112 113
113 114
114 115
115 116
116 117
117 118
118 119
119 120
121 122
122 123
123 124
124 125
125 126
126 127
127 128
128 129
129 130
130 131
132 133
133 134
134 135
135 136
136 137
137 138
138 139
139 140
140 141
141 142
143 144
144 145
145 146
146 147
147 148
148 149
149 150
150 151
151 152
152 153
154 155
155 156
156 157
157 158
158 159
159 160
160 161
161 162
162 163
163 164
165 166
166 167
167 168
168 169
169 170
170 171
171 172
172 173
173 174
174 175
176 177
177 178
178 179
179 180
180 181
181 182
182 183
183 184
184 185
185 186
187 188
188 189
189 190
190 191
191 192
192 193
193 194
194 195
195 196
196 197
198 199
199 200
200 201
201 202
202 203
203 204
204 205
205 206
206 207
207 208
209 210
210 211
211 212
212 213
213 214
214 215
215 216
216 217
217 218
218 219
220 221
221 222
222 223
223 224
224 225
225 226
226 227
227 228
228 229
229 230
231 232
232 233
233 234
234 235
235 236
236 237
237 238
238 239
239 240
240 241
242 243
243 244
244 245
245 246
246 247
247 248
248 249
249 250
250 251
251 252
253 254
254 255
255 256
256 257
257 258
258 259
259 260
260 261
261 262
262 263
264 265
265 266
266 267
267 268
268 269
269 270
270 271
271 272
272 273
273 274
275 276
276 277
277 278
278 279
279 280
280 281
281 282
282 283
283 284
284 285
286 287
287 288
288 289
289 290
290 291
291 292
292 293
293 294
294 295
295 296
297 298
298 299
299 300
300 301
301 302
302 303
303 304
304 305
305 306
306 307
308 309
309 310
310 311
311 312
312 313
313 314
314 315
315 316
316 317
317 318
319 320
320 321
321 322
322 323
323 324
324 325
325 326
326 327
327 328
328 329
330 331
331 332
332 333
333 334
334 335
335 336
336 337
337 338
338 339
339 340
341 342
342 343
343 344
344 345
345 346
346 347
347 348
348 349
349 350
350 351
352 353
353 354
354 355
355 356
356 357
357 358
358 359
359 360
360 361
361 362
363 364
364 365
365 366
366 367
367 368
368 369
369 370
370 371
371 372
372 373
374 375
375 376
376 377
377 378
378 379
379 380
380 381
381 382
382 383
383 384
385 386
386 387
387 388
388 389
389 390
390 391
391 392
392 393
393 394
394 395
396 397
397 398
398 399
399 400
400 401
401 402
402 403
403 404
404 405
405 406
407 408
408 409
409 410
410 411
411 412
412 413
413 414
414 415
415 416
416 417
418 419
419 420
420 421
421 422
422 423
423 424
424 425
425 426
426 427
427 428
429 430
430 431
431 432
432 433
433 434
434 435
435 436
436 437
437 438
438 439
440 441
441 442
442 443
443 444
444 445
445 446
446 447
447 448
448 449
449 450
451 452
452 453
453 454
454 455
455 456
456 457
457 458
458 459
459 460
460 461
462 463
463 464
464 465
465 466
466 467
467 468
468 469
469 470
470 471
471 472
473 474
474 475
475 476
476 477
477 478
478 479
479 480
480 481
481 482
482 483
484 485
485 486
486 487
487 488
488 489
489 490
490 491
491 492
492 493
493 494
495 496
496 497
497 498
498 499
499 500
500 501
501 502
502 503
503 504
504 505
506 507
507 508
508 509
509 510
510 511
511 512
512 513
513 514
514 515
515 516
517 518
518 519
519 520
520 521
521 522
522 523
523 524
524 525
525 526
526 527
528 529
529 530
530 531
531 532
532 533
533 534
534 535
535 536
536 537
537 538
539 540
540 541
541 542
542 543
543 544
544 545
545 546
546 547
547 548
548 549
550 551
551 552
552 553
553 554
554 555
555 556
556 557
557 558
558 559
559 560
561 562
562 563
563 564
564 565
565 566
566 567
567 568
568 569
569 570
570 571
572 573
573 574
574 575
575 576
576 577
577 578
578 579
579 580
580 581
581 582
583 584
584 585
585 586
586 587
587 588
588 589
589 590
590 591
591 592
592 593
594 595
595 596
596 597
597 598
598 599
599 600
600 601
601 602
602 603
603 604
605 606
606 607
607 608
608 609
609 610
610 611
611 612
612 613
613 614
614 615
616 617
617 618
618 619
619 620
620 621
621 622
622 623
623 624
624 625
625 626
627 628
628 629
629 630
630 631
631 632
632 633
633 634
634 635
635 636
636 637
638 639
639 640
640 641
641 642
642 643
643 644
644 645
645 646
646 647
647 648
649 650
650 651
651 652
652 653
653 654
654 655
655 656
656 657
657 658
658 659
660 661
661 662
662 663
663 664
664 665
665 666
666 667
667 668
668 669
669 670
671 672
672 673
673 674
674 675
675 676
676 677
677 678
678 679
679 680
680 681
682 683
683 684
684 685
685 686
686 687
687 688
688 689
689 690
690 691
691 692
693 694
694 695
695 696
696 697
697 698
698 699
699 700
700 701
701 702
702 703
704 705
705 706
706 707
707 708
708 709
709 710
710 711
711 712
712 713
713 714
715 716
716 717
717 718
718 719
719 720
720 721
721 722
722 723
723 724
724 725
726 727
727 728
728 729
729 730
730 731
731 732
732 733
733 734
734 735
735 736
737 738
738 739
739 740
740 741
741 742
742 743
743 744
744 745
745 746
746 747
748 749
749 750
750 751
751 752
752 753
753 754
754 755
755 756
756 757
757 758
759 760
760 761
761 762
762 763
763 764
764 765
765 766
766 767
767 768
768 769
770 771
771 772
772 773
773 774
774 775
775 776
776 777
777 778
778 779
779 780
781 782
782 783
783 784
784 785
785 786
786 787
787 788
788 789
789 790
790 791
792 793
793 794
794 795
795 796
796 797
797 798
798 799
799 800
800 801
801 802
803 804
804 805
805 806
806 807
807 808
808 809
809 810
810 811
811 812
812 813
814 815
815 816
816 817
817 818
818 819
819 820
820 821
821 822
822 823
823 824
825 826
826 827
827 828
828 829
829 830
830 831
831 832
832 833
833 834
834 835
836 837
837 838
838 839
839 840
840 841
841 842
842 843
843 844
844 845
845 846
847 848
848 849
849 850
850 851
851 852
852 853
853 854
854 855
855 856
856 857
858 859
859 860
860 861
861 862
862 863
863 864
864 865
865 866
866 867
867 868
869 870
870 871
871 872
872 873
873 874
874 875
875 876
876 877
877 878
878 879
880 881
881 882
882 883
883 884
884 885
885 886
886 887
887 888
888 889
889 890
891 892
892 893
893 894
894 895
895 896
896 897
897 898
898 899
899 900
900 901
902 903
903 904
904 905
905 906
906 907
907 908
908 909
909 910
910 911
911 912
913 914
914 915
915 916
916 917
917 918
918 919
919 920
920 921
921 922
922 923
924 925
925 926
926 927
927 928
928 929
929 930
930 931
931 932
932 933
933 934
935 936
936 937
937 938
938 939
939 940
940 941
941 942
942 943
943 944
944 945
946 947
947 948
948 949
949 950
950 951
951 952
952 953
953 954
954 955
955 956
957 958
958 959
959 960
960 961
961 962
962 963
963 964
964 965
965 966
966 967
968 969
969 970
970 971
971 972
972 973
973 974
974 975
975 976
976 977
977 978
979 980
980 981
981 982
982 983
983 984
984 985
985 986
986 987
987 988
988 989
990 991
991 992
992 993
993 994
994 995
995 996
996 997
997 998
998 999
999 1000
1001 1002
1002 1003
1003 1004
1004 1005
1005 1006
1006 1007
1007 1008
1008 1009
1009 1010
1010 1011
1012 1013
1013 1014
1014 1015
1015 1016
1016 1017
1017 1018
1018 1019
1019 1020
1020 1021
1021 1022
1023 1024
1024 1025
1025 1026
1026 1027
1027 1028
1028 1029
1029 1030
1030 1031
1031 1032
1032 1033
1034 1035
1035 1036
1036 1037
1037 1038
1038 1039
1039 1040
1040 1041
1041 1042
1042 1043
1043 1044
1045 1046
1046 1047
1047 1048
1048 1049
1049 1050
1050 1051
1051 1052
1052 1053
1053 1054
1054 1055
1056 1057
1057 1058
1058 1059
1059 1060
1060 1061
1061 1062
1062 1063
1063 1064
1064 1065
1065 1066
1067 1068
1068 1069
1069 1070
1070 1071
1071 1072
1072 1073
1073 1074
1074 1075
1075 1076
1076 1077
1078 1079
1079 1080
1080 1081
1081 1082
1082 1083
1083 1084
1084 1085
1085 1086
1086 1087
1087 1088
1089 1090
1090 1091
1091 1092
1092 1093
1093 1094
1094 1095
1095 1096
1096 1097
1097 1098
1098 1099
1100 1101
1101 1102
1102 1103
1103 1104
1104 1105
1105 1106
1106 1107
1107 1108
1108 1109
1109 1110
1111 1112
1112 1113
1113 1114
1114 1115
1115 1116
1116 1117
1117 1118
1118 1119
1119 1120
1120 1121
1122 1123
1123 1124
1124 1125
1125 1126
1126 1127
1127 1128
1128 1129
1129 1130
1130 1131
1131 1132
1133 1134
1134 1135
1135 1136
1136 1137
1137 1138
1138 1139
1139 1140
1140 1141
1141 1142
1142 1143
1144 1145
1145 1146
1146 1147
1147 1148
1148 1149
1149 1150
1150 1151
1151 1152
1152 1153
1153 1154
1155 1156
1156 1157
1157 1158
1158 1159
1159 1160
1160 1161
1161 1162
1162 1163
1163 1164
1164 1165
1166 1167
1167 1168
1168 1169
1169 1170
1170 1171
1171 1172
1172 1173
1173 1174
1174 1175
1175 1176
1177 1178
1178 1179
1179 1180
1180 1181
1181 1182
1182 1183
1183 1184
1184 1185
1185 1186
1186 1187
1188 1189
1189 1190
1190 1191
1191 1192
1192 1193
1193 1194
1194 1195
1195 1196
1196 1197
1197 1198
1199 1200
1200 1201
1201 1202
1202 1203
1203 1204
1204 1205
1205 1206
1206 1207
1207 1208
1208 1209
1210 1211
1211 1212
1212 1213
1213 1214
1214 1215
1215 1216
1216 1217
1217 1218
1218 1219
1219 1220
1221 1222
1222 1223
1223 1224
1224 1225
1225 1226
1226 1227
1227 1228
1228 1229
1229 1230
1230 1231
1232 1233
1233 1234
1234 1235
1235 1236
1236 1237
1237 1238
1238 1239
1239 1240
1240 1241
1241 1242
1243 1244
1244 1245
1245 1246
1246 1247
1247 1248
1248 1249
1249 1250
1250 1251
1251 1252
1252 1253
1254 1255
1255 1256
1256 1257
1257 1258
1258 1259
1259 1260
1260 1261
1261 1262
1262 1263
1263 1264
1265 1266
1266 1267
1267 1268
1268 1269
1269 1270
1270 1271
1271 1272
1272 1273
1273 1274
1274 1275
1276 1277
1277 1278
1278 1279
1279 1280
1280 1281
1281 1282
1282 1283
1283 1284
1284 1285
1285 1286
1287 1288
1288 1289
1289 1290
1290 1291
1291 1292
1292 1293
1293 1294
1294 1295
1295 1296
1296 1297
1298 1299
1299 1300
1300 1301
1301 1302
1302 1303
1303 1304
1304 1305
1305 1306
1306 1307
1307 1308
1309 1310
1310 1311
1311 1312
1312 1313
1313 1314
1314 1315
1315 1316
1316 1317
1317 1318
1318 1319
1320 1321
1321 1322
1322 1323
1323 1324
1324 1325
1325 1326
1326 1327
1327 1328
1328 1329
1329 1330
0 11
1 12
2 13
3 14
4 15
5 16
6 17
7 18
8 19
9 20
10 21
11 22
12 23
13 24
14 25
15 26
16 27
17 28
18 29
19 30
20 31
21 32
22 33
23 34
24 35
25 36
26 37
27 38
28 39
29 40
30 41
31 42
32 43
33 44
34 45
35 46
36 47
37 48
38 49
39 50
40 51
41 52
42 53
43 54
44 55
45 56
46 57
47 58
48 59
49 60
50 61
51 62
52 63
53 64
54 65
55 66
56 67
57 68
58 69
59 70
60 71
61 72
62 73
63 74
64 75
65 76
66 77
67 78
68 79
69 80
70 81
71 82
72 83
73 84
74 85
75 86
76 87
77 88
78 89
79 90
80 91
81 92
82 93
83 94
84 95
85 96
86 97
87 98
88 99
89 100
90 101
91 102
92 103
93 104
94 105
95 106
96 107
97 108
98 109
99 110
100 111
101 112
102 113
103 114
104 115
105 116
106 117
107 118
108 119
109 120
121 132
122 133
123 134
124 135
125 136
126 137
127 138
128 139
129 140
130 141
131 142
132 143
133 144
134 145
135 146
136 147
137 148
138 149
139 150
140 151
141 152
142 153
143 154
144 155
145 156
146 157
147 158
148 159
149 160
150 161
151 162
152 163
153 164
154 165
155 166
156 167
157 168
158 169
159 170
160 171
161 172
162 173
163 174
164 175
165 176
166 177
167 178
168 179
169 180
170 181
171 182
172 183
173 184
174 185
175 186
176 187
177 188
178 189
179 190
180 191
181 192
182 193
183 194
184 195
185 196
186 197
187 198
188 199
189 200
190 201
191 202
192 203
193 204
194 205
195 206
196 207
197 208
198 209
199 210
200 211
201 212
202 213
203 214
204 215
205 216
206 217
207 218
208 219
209 220
210 221
211 222
212 223
213 224
214 225
215 226
216 227
217 228
218 229
219 230
220 231
221 232
222 233
223 234
224 235
225 236
226 237
227 238
228 239
229 240
230 241
242 253
243 254
244 255
245 256
246 257
247 258
248 259
249 260
250 261
251 262
252 263
253 264
254 265
255 266
256 267
257 268
258 269
259 270
260 271
261 272
262 273
263 274
264 275
265 276
266 277
267 278
268 279
269 280
270 281
271 282
272 283
273 284
274 285
275 286
276 287
277 288
278 289
279 290
280 291
281 292
282 293
283 294
284 295
285 296
286 297
287 298
288 299
289 300
290 301
291 302
292 303
293 304
294 305
295 306
296 307
297 308
298 309
299 310
300 311
301 312
302 313
303 314
304 315
305 316
306 317
307 318
308 319
309 320
310 321
311 322
312 323
313 324
314 325
315 326
316 327
317 328
318 329
319 330
320 331
321 332
322 333
323 334
324 335
325 336
326 337
327 338
328 339
329 340
330 341
331 342
332 343
333 344
334 345
335 346
336 347
337 348
338 349
339 350
340 351
341 352
342 353
343 354
344 355
345 356
346 357
347 358
348 359
349 360
350 361
351 362
363 374
364 375
365 376
366 377
367 378
368 379
369 380
370 381
371 382
372 383
373 384
374 385
375 386
376 387
377 388
378 389
379 390
380 391
381 392
382 393
383 394
384 395
385 396
386 397
387 398
388 399
389 400
390 401
391 402
392 403
393 404
394 405
395 406
396 407
397 408
398 409
399 410
400 411
401 412
402 413
403 414
404 415
405 416
406 417
407 418
408 419
409 420
410 421
411 422
412 423
413 424
414 425
415 426
416 427
417 428
418 429
419 430
420 431
421 432
422 433
423 434
424 435
425 436
426 437
427 438
428 439
429 440
430 441
431 442
432 443
433 444
434 445
435 446
436 447
437 448
438 449
439 450
440 451
441 452
442 453
443 454
444 455
445 456
446 457
447 458
448 459
449 460
450 461
451 462
452 463
453 464
454 465
455 466
456 467
457 468
458 469
459 470
460 471
461 472
462 473
463 474
464 475
465 476
466 477
467 478
468 479
469 480
470 481
471 482
472 483
484 495
485 496
486 497
487 498
488 499
489 500
490 501
491 502
492 503
493 504
494 505
495 506
496 507
497 508
498 509
499 510
500 511
501 512
502 513
503 514
504 515
505 516
506 517
507 518
508 519
509 520
510 521
511 522
512 523
513 524
514 525
515 526
516 527
517 528
518 529
519 530
520 531
521 532
522 533
523 534
524 535
525 536
526 537
527 538
528 539
529 540
530 541
531 542
532 543
533 544
534 545
535 546
536 547
537 548
538 549
539 550
540 551
541 552
542 553
543 554
544 555
545 556
546 557
547 558
548 559
549 560
550 561
551 562
552 563
553 564
554 565
555 566
556 567
557 568
558 569
559 570
560 571
561 572
562 573
563 574
564 575
565 576
566 577
567 578
568 579
569 580
570 581
571 582
572 583
573 584
574 585
575 586
576 587
577 588
578 589
579 590
580 591
581 592
582 593
583 594
584 595
585 596
586 597
587 598
588 599
589 600
590 601
591 602
592 603
593 604
605 616
606 617
607 618
608 619
609 620
610 621
611 622
612 623
613 624
614 625
615 626
616 627
617 628
618 629
619 630
620 631
621 632
622 633
623 634
624 635
625 636
626 637
627 638
628 639
629 640
630 641
631 642
632 643
633 644
634 645
635 646
636 647
637 648
638 649
639 650
640 651
641 652
642 653
643 654
644 655
645 656
646 657
647 658
648 659
649 660
650 661
651 662
652 663
653 664
654 665
655 666
656 667
657 668
658 669
659 670
660 671
661 672
662 673
663 674
664 675
665 676
666 677
667 678
668 679
669 680
670 681
671 682
672 683
673 684
674 685
675 686
676 687
677 688
678 689
679 690
680 691
681 692
682 693
683 694
684 695
685 696
686 697
687 698
688 699
689 700
690 701
691 702
692 703
693 704
694 705
695 706
696 707
697 708
698 709
699 710
700 711
701 712
702 713
703 714
704 715
705 716
706 717
707 718
708 719
709 720
710 721
711 722
712 723
713 724
714 725
726 737
727 738
728 739
729 740
730 741
731 742
732 743
733 744
734 745
735 746
736 747
737 748
738 749
739 750
740 751
741 752
742 753
743 754
744 755
745 756
746 757
747 758
748 759
749 760
750 761
751 762
752 763
753 764
754 765
755 766
756 767
757 768
758 769
759 770
760 771
761 772
762 773
763 774
764 775
765 776
766 777
767 778
768 779
769 780
770 781
771 782
772 783
773 784
774 785
775 786
776 787
777 788
778 789
779 790
780 791
781 792
782 793
783 794
784 795
785 796
786 797
787 798
788 799
789 800
790 801
791 802
792 803
793 804
794 805
795 806
796 807
797 808
798 809
799 810
800 811
801 812
802 813
803 814
804 815
805 816
806 817
807 818
808 819
809 820
810 821
811 822
812 823
813 824
814 825
815 826
816 827
817 828
818 829
819 830
820 831
821 832
822 833
823 834
824 835
825 836
826 837
827 838
828 839
829 840
830 841
831 842
832 843
833 844
834 845
835 846
847 858
848 859
849 860
850 861
851 862
852 863
853 864
854 865
855 866
856 867
857 868
858 869
859 870
860 871
861 872
862 873
863 874
864 875
865 876
866 877
867 878
868 879
869 880
870 881
871 882
872 883
873 884
874 885
875 886
876 887
877 888
878 889
879 890
880 891
881 892
882 893
883 894
884 895
885 896
886 897
887 898
888 899
889 900
890 901
891 902
892 903
893 904
894 905
895 906
896 907
897 908
898 909
899 910
900 911
901 912
902 913
903 914
904 915
905 916
906 917
907 918
908 919
909 920
910 921
911 922
912 923
913 924
914 925
915 926
916 927
917 928
918 929
919 930
920 931
921 932
922 933
923 934
924 935
925 936
926 937
927 938
928 939
929 940
930 941
931 942
932 943
933 944
934 945
935 946
936 947
937 948
938 949
939 950
940 951
941 952
942 953
943 954
944 955
945 956
946 957
947 958
948 959
949 960
950 961
951 962
952 963
953 964
954 965
955 966
956 967
968 979
969 980
970 981
971 982
972 983
973 984
974 985
975 986
976 987
977 988
978 989
979 990
980 991
981 992
982 993
983 994
984 995
985 996
986 997
987 998
988 999
989 1000
990 1001
991 1002
992 1003
993 1004
994 1005
995 1006
996 1007
997 1008
998 1009
999 1010
1000 1011
1001 1012
1002 1013
1003 1014
1004 1015
1005 1016
1006 1017
1007 1018
1008 1019
1009 1020
1010 1021
1011 1022
1012 1023
1013 1024
1014 1025
1015 1026
1016 1027
1017 1028
1018 1029
1019 1030
1020 1031
1021 1032
1022 1033
1023 1034
1024 1035
1025 1036
1026 1037
1027 1038
1028 1039
1029 1040
1030 1041
1031 1042
1032 1043
1033 1044
1034 1045
1035 1046
1036 1047
1037 1048
1038 1049
1039 1050
1040 1051
1041 1052
1042 1053
1043 1054
1044 1055
1045 1056
1046 1057
1047 1058
1048 1059
1049 1060
1050 1061
1051 1062
1052 1063
1053 1064
1054 1065
1055 1066
1056 1067
1057 1068
1058 1069
1059 1070
1060 1071
1061 1072
1062 1073
1063 1074
1064 1075
1065 1076
1066 1077
1067 1078
1068 1079
1069 1080
1070 1081
1071 1082
1072 1083
1073 1084
1074 1085
1075 1086
1076 1087
1077 1088
1089 1100
1090 1101
1091 1102
1092 1103
1093 1104
1094 1105
1095 1106
1096 1107
1097 1108
1098 1109
1099 1110
1100 1111
1101 1112
1102 1113
1103 1114
1104 1115
1105 1116
1106 1117
1107 1118
1108 1119
1109 1120
1110 1121
1111 1122
1112 1123
1113 1124
1114 1125
1115 1126
1116 1127
1117 1128
1118 1129
1119 1130
1120 1131
1121 1132
1122 1133
1123 1134
1124 1135
1125 1136
1126 1137
1127 1138
1128 1139
1129 1140
1130 1141
1131 1142
1132 1143
1133 1144
1134 1145
1135 1146
1136 1147
1137 1148
1138 1149
1139 1150
1140 1151
1141 1152
1142 1153
1143 1154
1144 1155
1145 1156
1146 1157
1147 1158
1148 1159
1149 1160
1150 1161
1151 1162
1152 1163
1153 1164
1154 1165
1155 1166
1156 1167
1157 1168
1158 1169
1159 1170
1160 1171
1161 1172
1162 1173
1163 1174
1164 1175
1165 1176
1166 1177
1167 1178
1168 1179
1169 1180
1170 1181
1171 1182
1172 1183
1173 1184
1174 1185
1175 1186
1176 1187
1177 1188
1178 1189
1179 1190
1180 1191
1181 1192
1182 1193
1183 1194
1184 1195
1185 1196
1186 1197
1187 1198
1188 1199
1189 1200
1190 1201
1191 1202
1192 1203
1193 1204
1194 1205
1195 1206
1196 1207
1197 1208
1198 1209
1210 1221
1211 1222
1212 1223
1213 1224
1214 1225
1215 1226
1216 1227
1217 1228
1218 1229
1219 1230
1220 1231
1221 1232
1222 1233
1223 1234
1224 1235
1225 1236
1226 1237
1227 1238
1228 1239
1229 1240
1230 1241
1231 1242
1232 1243
1233 1244
1234 1245
1235 1246
1236 1247
1237 1248
1238 1249
1239 1250
1240 1251
1241 1252
1242 1253
1243 1254
1244 1255
1245 1256
1246 1257
1247 1258
1248 1259
1249 1260
1250 1261
1251 1262
1252 1263
1253 1264
1254 1265
1255 1266
1256 1267
1257 1268
1258 1269
1259 1270
1260 1271
1261 1272
1262 1273
1263 1274
1264 1275
1265 1276
1266 1277
1267 1278
1268 1279
1269 1280
1270 1281
1271 1282
1272 1283
1273 1284
1274 1285
1275 1286
1276 1287
1277 1288
1278 1289
1279 1290
1280 1291
1281 1292
1282 1293
1283 1294
1284 1295
1285 1296
1286 1297
1287 1298
1288 1299
1289 1300
1290 1301
1291 1302
1292 1303
1293 1304
1294 1305
1295 1306
1296 1307
1297 1308
1298 1309
1299 1310
1300 1311
1301 1312
1302 1313
1303 1314
1304 1315
1305 1316
1306 1317
1307 1318
1308 1319
1309 1320
1310 1321
1311 1322
1312 1323
1313 1324
1314 1325
1315 1326
1316 1327
1317 1328
1318 1329
1319 1330
0 121
1 122
2 123
3 124
4 125
5 126
6 127
7 128
8 129
9 130
10 131
11 132
12 133
13 134
14 135
15 136
16 137
17 138
18 139
19 140
20 141
21 142
22 143
23 144
24 145
25 146
26 147
27 148
28 149
29 150
30 151
31 152
32 153
33 154
34 155
35 156
36 157
37 158
38 159
39 160
40 161
41 162
42 163
43 164
44 165
45 166
46 167
47 168
48 169
49 170
50 171
51 172
52 173
53 174
54 175
55 176
56 177
57 178
58 179
59 180
60 181
61 182
62 183
63 184
64 185
65 186
66 187
67 188
68 189
69 190
70 191
71 192
72 193
73 194
74 195
75 196
76 197
77 198
78 199
79 200
80 201
81 202
82 203
83 204
84 205
85 206
86 207
87 208
88 209
89 210
90 211
91 212
92 213
93 214
94 215
95 216
96 217
97 218
98 219
99 220
100 221
101 222
102 223
103 224
104 225
105 226
106 227
107 228
108 229
109 230
110 231
111 232
112 233
113 234
114 235
115 236
116 237
117 238
118 239
119 240
120 241
121 242
122 243
123 244
124 245
125 246
126 247
127 248
128 249
129 250
130 251
131 252
132 253
133 254
134 255
135 256
136 257
137 258
138 259
139 260
140 261
141 262
142 263
143 264
144 265
145 266
146 267
147 268
148 269
149 270
150 271
151 272
152 273
153 274
154 275
155 276
156 277
157 278
158 279
159 280
160 281
161 282
162 283
163 284
164 285
165 286
166 287
167 288
168 289
169 290
170 291
171 292
172 293
173 294
174 295
175 296
176 297
177 298
178 299
179 300
180 301
181 302
182 303
183 304
184 305
185 306
186 307
187 308
188 309
189 310
190 311
191 312
192 313
193 314
194 315
195 316
196 317
197 318
198 319
199 320
200 321
201 322
202 323
203 324
204 325
205 326
206 327
207 328
208 329
209 330
210 331
211 332
212 333
213 334
214 335
215 336
216 337
217 338
218 339
219 340
220 341
221 342
222 343
223 344
224 345
225 346
226 347
227 348
228 349
229 350
230 351
231 352
232 353
233 354
234 355
235 356
236 357
237 358
238 359
239 360
240 361
241 362
242 363
243 364
244 365
245 366
246 367
247 368
248 369
249 370
250 371
251 372
252 373
253 374
254 375
255 376
256 377
257 378
258 379
259 380
260 381
261 382
262 383
263 384
264 385
265 386
266 387
267 388
268 389
269 390
270 391
271 392
272 393
273 394
274 395
275 396
276 397
277 398
278 399
279 400
280 401
281 402
282 403
283 404
284 405
285 406
286 407
287 408
288 409
289 410
290 411
291 412
292 413
293 414
294 415
295 416
296 417
297 418
298 419
299 420
300 421
301 422
302 423
303 424
304 425
305 426
306 427
307 428
308 429
309 430
310 431
311 432
312 433
313 434
314 435
315 436
316 437
317 438
318 439
319 440
320 441
321 442
322 443
323 444
324 445
325 446
326 447
327 448
328 449
329 450
330 451
331 452
332 453
333 454
334 455
335 456
336 457
337 458
338 459
339 460
340 461
341 462
342 463
343 464
344 465
345 466
346 467
347 468
348 469
349 470
350 471
351 472
352 473
353 474
354 475
355 476
356 477
357 478
358 479
359 480
360 481
361 482
362 483
363 484
364 485
365 486
366 487
367 488
368 489
369 490
370 491
371 492
372 493
373 494
374 495
375 496
376 497
377 498
378 499
379 500
380 501
381 502
382 503
383 504
384 505
385 506
386 507
387 508
388 509
389 510
390 511
391 512
392 513
393 514
394 515
395 516
396 517
397 518
398 519
399 520
400 521
401 522
402 523
403 524
404 525
405 526
406 527
407 528
408 529
409 530
410 531
411 532
412 533
413 534
414 535
415 536
416 537
417 538
418 539
419 540
420 541
421 542
422 543
423 544
424 545
425 546
426 547
427 548
428 549
429 550
430 551
431 552
432 553
433 554
434 555
435 556
436 557
437 558
438 559
439 560
440 561
441 562
442 563
443 564
444 565
445 566
446 567
447 568
448 569
449 570
450 571
451 572
452 573
453 574
454 575
455 576
456 577
457 578
458 579
459 580
460 581
461 582
462 583
463 584
464 585
465 586
466 587
467 588
468 589
469 590
470 591
471 592
472 593
473 594
474 595
475 596
476 597
477 598
478 599
479 600
480 601
481 602
482 603
483 604
484 605
485 606
486 607
487 608
488 609
489 610
490 611
491 612
492 613
493 614
494 615
495 616
496 617
497 618
498 619
499 620
500 621
501 622
502 623
503 624
504 625
505 626
506 627
507 628
508 629
509 630
510 631
511 632
512 633
513 634
514 635
515 636
516 637
517 638
518 639
519 640
520 641
521 642
522 643
523 644
524 645
525 646
526 647
527 648
528 649
529 650
530 651
531 652
532 653
533 654
534 655
535 656
536 657
537 658
538 659
539 660
540 661
541 662
542 663
543 664
544 665
545 666
546 667
547 668
548 669
549 670
550 671
551 672
552 673
553 674
554 675
555 676
556 677
557 678
558 679
559 680
560 681
561 682
562 683
563 684
564 685
565 686
566 687
567 688
568 689
569 690
570 691
571 692
572 693
573 694
574 695
575 696
576 697
577 698
578 699
579 700
580 701
581 702
582 703
583 704
584 705
585 706
586 707
587 708
588 709
589 710
590 711
591 712
592 713
593 714
594 715
595 716
596 717
597 718
598 719
599 720
600 721
601 722
602 723
603 724
604 725
605 726
606 727
607 728
608 729
609 730
610 731
611 732
612 733
613 734
614 735
615 736
616 737
617 738
618 739
619 740
620 741
621 742
622 743
623 744
624 745
625 746
626 747
627 748
628 749
629 750
630 751
631 752
632 753
633 754
634 755
635 756
636 757
637 758
638 759
639 760
640 761
641 762
642 763
643 764
644 765
645 766
646 767
647 768
648 769
649 770
650 771
651 772
652 773
653 774
654 775
655 776
656 777
657 778
658 779
659 780
660 781
661 782
662 783
663 784
664 785
665 786
666 787
667 788
668 789
669 790
670 791
671 792
672 793
673 794
674 795
675 796
676 797
677 798
678 799
679 800
680 801
681 802
682 803
683 804
684 805
685 806
686 807
687 808
688 809
689 810
690 811
691 812
692 813
693 814
694 815
695 816
696 817
697 818
698 819
699 820
700 821
701 822
702 823
703 824
704 825
705 826
706 827
707 828
708 829
709 830
710 831
711 832
712 833
713 834
714 835
715 836
716 837
717 838
718 839
719 840
720 841
721 842
722 843
723 844
724 845
725 846
726 847
727 848
728 849
729 850
730 851
731 852
732 853
733 854
734 855
735 856
736 857
737 858
738 859
739 860
740 861
741 862
742 863
743 864
744 865
745 866
746 867
747 868
748 869
749 870
750 871
751 872
752 873
753 874
754 875
755 876
756 877
757 878
758 879
759 880
760 881
761 882
762 883
763 884
764 885
765 886
766 887
767 888
768 889
769 890
770 891
771 892
772 893
773 894
774 895
775 896
776 897
777 898
778 899
779 900
780 901
781 902
782 903
783 904
784 905
785 906
786 907
787 908
788 909
789 910
790 911
791 912
792 913
793 914
794 915
795 916
796 917
797 918
798 919
799 920
800 921
801 922
802 923
803 924
804 925
805 926
806 927
807 928
808 929
809 930
810 931
811 932
812 933
813 934
814 935
815 936
816 937
817 938
818 939
819 940
820 941
821 942
822 943
823 944
824 945
825 946
826 947
827 948
828 949
829 950
830 951
831 952
832 953
833 954
834 955
835 956
836 957
837 958
838 959
839 960
840 961
841 962
842 963
843 964
844 965
845 966
846 967
847 968
848 969
849 970
850 971
851 972
852 973
853 974
854 975
855 976
856 977
857 978
858 979
859 980
860 981
861 982
862 983
863 984
864 985
865 986
866 987
867 988
868 989
869 990
870 991
871 992
872 993
873 994
874 995
875 996
876 997
877 998
878 999
879 1000
880 1001
881 1002
882 1003
883 1004
884 1005
885 1006
886 1007
887 1008
888 1009
889 1010
890 1011
891 1012
892 1013
893 1014
894 1015
895 1016
896 1017
897 1018
898 1019
899 1020
900 1021
901 1022
902 1023
903 1024
904 1025
905 1026
906 1027
907 1028
908 1029
909 1030
910 1031
911 1032
912 1033
913 1034
914 1035
915 1036
916 1037
917 1038
918 1039
919 1040
920 1041
921 1042
922 1043
923 1044
924 1045
925 1046
926 1047
927 1048
928 1049
929 1050
930 1051
931 1052
932 1053
933 1054
934 1055
935 1056
936 1057
937 1058
938 1059
939 1060
940 1061
941 1062
942 1063
943 1064
944 1065
945 1066
946 1067
947 1068
948 1069
949 1070
950 1071
951 1072
952 1073
953 1074
954 1075
955 1076
956 1077
957 1078
958 1079
959 1080
960 1081
961 1082
962 1083
963 1084
964 1085
965 1086
966 1087
967 1088
968 1089
969 1090
970 1091
971 1092
972 1093
973 1094
974 1095
975 1096
976 1097
977 1098
978 1099
979 1100
980 1101
981 1102
982 1103
983 1104
984 1105
985 1106
986 1107
987 1108
988 1109
989 1110
990 1111
991 1112
992 1113
993 1114
994 1115
995 1116
996 1117
997 1118
998 1119
999 1120
1000 1121
1001 1122
1002 1123
1003 1124
1004 1125
1005 1126
1006 1127
1007 1128
1008 1129
1009 1130
1010 1131
1011 1132
1012 1133
1013 1134
1014 1135
1015 1136
1016 1137
1017 1138
1018 1139
1019 1140
1020 1141
1021 1142
1022 1143
1023 1144
1024 1145
1025 1146
1026 1147
1027 1148
1028 1149
1029 1150
1030 1151
1031 1152
1032 1153
1033 1154
1034 1155
1035 1156
1036 1157
1037 1158
1038 1159
1039 1160
1040 1161
1041 1162
1042 1163
1043 1164
1044 1165
1045 1166
1046 1167
1047 1168
1048 1169
1049 1170
1050 1171
1051 1172
1052 1173
1053 1174
1054 1175
1055 1176
1056 1177
1057 1178
1058 1179
1059 1180
1060 1181
1061 1182
1062 1183
1063 1184
1064 1185
1065 1186
1066 1187
1067 1188
1068 1189
1069 1190
1070 1191
1071 1192
1072 1193
1073 1194
1074 1195
1075 1196
1076 1197
1077 1198
1078 1199
1079 1200
1080 1201
1081 1202
1082 1203
1083 1204
1084 1205
1085 1206
1086 1207
1087 1208
1088 1209
1089 1210
1090 1211
1091 1212
1092 1213
1093 1214
1094 1215
1095 1216
1096 1217
1097 1218
1098 1219
1099 1220
1100 1221
1101 1222
1102 1223
1103 1224
1104 1225
1105 1226
1106 1227
1107 1228
1108 1229
1109 1230
1110 1231
1111 1232
1112 1233
1113 1234
1114 1235
1115 1236
1116 1237
1117 1238
1118 1239
1119 1240
1120 1241
1121 1242
1122 1243
1123 1244
1124 1245
1125 1246
1126 1247
1127 1248
1128 1249
1129 1250
1130 1251
1131 1252
1132 1253
1133 1254
1134 1255
1135 1256
1136 1257
1137 1258
1138 1259
1139 1260
1140 1261
1141 1262
1142 1263
1143 1264
1144 1265
1145 1266
1146 1267
1147 1268
1148 1269
1149 1270
1150 1271
1151 1272
1152 1273
1153 1274
1154 1275
1155 1276
1156 1277
1157 1278
1158 1279
1159 1280
1160 1281
1161 1282
1162 1283
1163 1284
1164 1285
1165 1286
1166 1287
1167 1288
1168 1289
1169 1290
1170 1291
1171 1292
1172 1293
1173 1294
1174 1295
1175 1296
1176 1297
1177 1298
1178 1299
1179 1300
1180 1301
1181 1302
1182 1303
1183 1304
1184 1305
1185 1306
1186 1307
1187 1308
1188 1309
1189 1310
1190 1311
1191 1312
1192 1313
1193 1314
1194 1315
1195 1316
1196 1317
1197 1318
1198 1319
1199 1320
1200 1321
1201 1322
1202 1323
1203 1324
1204 1325
1205 1326
1206 1327
1207 1328
1208 1329
1209 1330
