1 0 0 0 0.001
1 0 100 0 0.001
1 0 200 0 0.001
1 0 300 0 0.001
1 0 400 0 0.001
1 0 500 0 0.001
1 0 600 0 0.001
1 0 700 0 0.001
1 0 800 0 0.001
1 0 900 0 0.001
1 0 1000 0 0.001
1 100 0 0 0.001
1 100 100 0 0.001
1 100 200 0 0.001
1 100 300 0 0.001
1 100 400 0 0.001
1 100 500 0 0.001
1 100 600 0 0.001
1 100 700 0 0.001
1 100 800 0 0.001
1 100 900 0 0.001
1 100 1000 0 0.001
1 200 0 0 0.001
1 200 100 0 0.001
1 200 200 0 0.001
1 200 300 0 0.001
1 200 400 0 0.001
1 200 500 0 0.001
1 200 600 0 0.001
1 200 700 0 0.001
1 200 800 0 0.001
1 200 900 0 0.001
1 200 1000 0 0.001
1 300 0 0 0.001
1 300 100 0 0.001
1 300 200 0 0.001
1 300 300 0 0.001
1 300 400 0 0.001
1 300 500 0 0.001
1 300 600 0 0.001
1 300 700 0 0.001
1 300 800 0 0.001
1 300 900 0 0.001
1 300 1000 0 0.001
1 400 0 0 0.001
1 400 100 0 0.001
1 400 200 0 0.001
1 400 300 0 0.001
1 400 400 0 0.001
1 400 500 0 0.001
1 400 600 0 0.001
1 400 700 0 0.001
1 400 800 0 0.001
1 400 900 0 0.001
1 400 1000 0 0.001
1 500 0 0 0.001
1 500 100 0 0.001
1 500 200 0 0.001
1 500 300 0 0.001
1 500 400 0 0.001
1 500 500 0 0.001
1 500 600 0 0.001
1 500 700 0 0.001
1 500 800 0 0.001
1 500 900 0 0.001
1 500 1000 0 0.001
1 600 0 0 0.001
1 600 100 0 0.001
1 600 200 0 0.001
1 600 300 0 0.001
1 600 400 0 0.001
1 600 500 0 0.001
1 600 600 0 0.001
1 600 700 0 0.001
1 600 800 0 0.001
1 600 900 0 0.001
1 600 1000 0 0.001
1 700 0 0 0.001
1 700 100 0 0.001
1 700 200 0 0.001
1 700 300 0 0.001
1 700 400 0 0.001
1 700 500 0 0.001
1 700 600 0 0.001
1 700 700 0 0.001
1 700 800 0 0.001
1 700 900 0 0.001
1 700 1000 0 0.001
1 800 0 0 0.001
1 800 100 0 0.001
1 800 200 0 0.001
1 800 300 0 0.001
1 800 400 0 0.001
1 800 500 0 0.001
1 800 600 0 0.001
1 800 700 0 0.001
1 800 800 0 0.001
1 800 900 0 0.001
1 800 1000 0 0.001
1 900 0 0 0.001
1 900 100 0 0.001
1 900 200 0 0.001
1 900 300 0 0.001
1 900 400 0 0.001
1 900 500 0 0.001
1 900 600 0 0.001
1 900 700 0 0.001
1 900 800 0 0.001
1 900 900 0 0.001
1 900 1000 0 0.001
1 1000 0 0 0.001
1 1000 100 0 0.001
1 1000 200 0 0.001
1 1000 300 0 0.001
1 1000 400 0 0.001
1 1000 500 0 0.001
1 1000 600 0 0.001
1 1000 700 0 0.001
1 1000 800 0 0.001
1 1000 900 0 0.001
1 1000 1000 0 0.001
0.947489 0 0 100 0.001
0.94597 0 100 100 0.001
0.945118 0 200 100 0.001
0.946067 0 300 100 0.001
0.951736 0 400 100 0.001
0.949362 0 500 100 0.001
0.950574 0 600 100 0.001
0.952978 0 700 100 0.001
0.952185 0 800 100 0.001
0.953661 0 900 100 0.001
0.951349 0 1000 100 0.001
0.94681 100 0 100 0.001
0.946755 100 100 100 0.001
0.942192 100 200 100 0.001
0.945849 100 300 100 0.001
0.950155 100 400 100 0.001
0.949153 100 500 100 0.001
0.950529 100 600 100 0.001
0.951064 100 700 100 0.001
0.950587 100 800 100 0.001
0.954401 100 900 100 0.001
0.951195 100 1000 100 0.001
0.948311 200 0 100 0.001
0.946372 200 100 100 0.001
0.95059 200 200 100 0.001
0.952145 200 300 100 0.001
0.951664 200 400 100 0.001
0.949313 200 500 100 0.001
0.948644 200 600 100 0.001
0.953677 200 700 100 0.001
0.954789 200 800 100 0.001
0.954424 200 900 100 0.001
0.948019 200 1000 100 0.001
0.949441 300 0 100 0.001
0.950401 300 100 100 0.001
0.951178 300 200 100 0.001
0.953586 300 300 100 0.001
0.950766 300 400 100 0.001
0.949283 300 500 100 0.001
0.95133 300 600 100 0.001
0.953363 300 700 100 0.001
0.951432 300 800 100 0.001
0.948723 300 900 100 0.001
0.949238 300 1000 100 0.001
0.945133 400 0 100 0.001
0.948401 400 100 100 0.001
0.949618 400 200 100 0.001
0.951853 400 300 100 0.001
0.947381 400 400 100 0.001
0.949758 400 500 100 0.001
0.950721 400 600 100 0.001
0.950986 400 700 100 0.001
0.948947 400 800 100 0.001
0.947835 400 900 100 0.001
0.948707 400 1000 100 0.001
0.948632 500 0 100 0.001
0.947938 500 100 100 0.001
0.948424 500 200 100 0.001
0.946112 500 300 100 0.001
0.950217 500 400 100 0.001
0.950174 500 500 100 0.001
0.95002 500 600 100 0.001
0.951213 500 700 100 0.001
0.948289 500 800 100 0.001
0.94506 500 900 100 0.001
0.947279 500 1000 100 0.001
0.953354 600 0 100 0.001
0.95123 600 100 100 0.001
0.946596 600 200 100 0.001
0.945935 600 300 100 0.001
0.949291 600 400 100 0.001
0.948418 600 500 100 0.001
0.950234 600 600 100 0.001
0.951188 600 700 100 0.001
0.949947 600 800 100 0.001
0.946225 600 900 100 0.001
0.944921 600 1000 100 0.001
0.95226 700 0 100 0.001
0.95434 700 100 100 0.001
0.950851 700 200 100 0.001
0.952651 700 300 100 0.001
0.951328 700 400 100 0.001
0.951875 700 500 100 0.001
0.950528 700 600 100 0.001
0.94998 700 700 100 0.001
0.949621 700 800 100 0.001
0.94568 700 900 100 0.001
0.941595 700 1000 100 0.001
0.952719 800 0 100 0.001
0.951194 800 100 100 0.001
0.952541 800 200 100 0.001
0.95244 800 300 100 0.001
0.951052 800 400 100 0.001
0.951557 800 500 100 0.001
0.949776 800 600 100 0.001
0.945732 800 700 100 0.001
0.946245 800 800 100 0.001
0.946824 800 900 100 0.001
0.954726 800 1000 100 0.001
0.948483 900 0 100 0.001
0.950957 900 100 100 0.001
0.951674 900 200 100 0.001
0.953517 900 300 100 0.001
0.951204 900 400 100 0.001
0.950301 900 500 100 0.001
0.949026 900 600 100 0.001
0.946037 900 700 100 0.001
0.943692 900 800 100 0.001
0.942719 900 900 100 0.001
0.947445 900 1000 100 0.001
0.947295 1000 0 100 0.001
0.950065 1000 100 100 0.001
0.952642 1000 200 100 0.001
0.952202 1000 300 100 0.001
0.953225 1000 400 100 0.001
0.94708 1000 500 100 0.001
0.948936 1000 600 100 0.001
0.945426 1000 700 100 0.001
0.945495 1000 800 100 0.001
0.944287 1000 900 100 0.001
0.945799 1000 1000 100 0.001
0.898392 0 0 200 0.001
0.899737 0 100 200 0.001
0.900694 0 200 200 0.001
0.898637 0 300 200 0.001
0.897225 0 400 200 0.001
0.9 0 500 200 0.001
0.902729 0 600 200 0.001
0.901092 0 700 200 0.001
0.904564 0 800 200 0.001
0.903721 0 900 200 0.001
0.90065 0 1000 200 0.001
0.89786 100 0 200 0.001
0.89962 100 100 200 0.001
0.898818 100 200 200 0.001
0.899301 100 300 200 0.001
0.89804 100 400 200 0.001
0.893884 100 500 200 0.001
0.898907 100 600 200 0.001
0.898919 100 700 200 0.001
0.901351 100 800 200 0.001
0.900626 100 900 200 0.001
0.899104 100 1000 200 0.001
0.895769 200 0 200 0.001
0.892955 200 100 200 0.001
0.899837 200 200 200 0.001
0.904993 200 300 200 0.001
0.901459 200 400 200 0.001
0.896404 200 500 200 0.001
0.898137 200 600 200 0.001
0.899775 200 700 200 0.001
0.899892 200 800 200 0.001
0.897913 200 900 200 0.001
0.894512 200 1000 200 0.001
0.89558 300 0 200 0.001
0.898668 300 100 200 0.001
0.90287 300 200 200 0.001
0.902108 300 300 200 0.001
0.901806 300 400 200 0.001
0.901156 300 500 200 0.001
0.903783 300 600 200 0.001
0.90227 300 700 200 0.001
0.902109 300 800 200 0.001
0.898812 300 900 200 0.001
0.897609 300 1000 200 0.001
0.897905 400 0 200 0.001
0.899376 400 100 200 0.001
0.898945 400 200 200 0.001
0.902735 400 300 200 0.001
0.902814 400 400 200 0.001
0.90175 400 500 200 0.001
0.898163 400 600 200 0.001
0.900223 400 700 200 0.001
0.901112 400 800 200 0.001
0.898902 400 900 200 0.001
0.896205 400 1000 200 0.001
0.899182 500 0 200 0.001
0.899838 500 100 200 0.001
0.899374 500 200 200 0.001
0.898875 500 300 200 0.001
0.900436 500 400 200 0.001
0.901743 500 500 200 0.001
0.901793 500 600 200 0.001
0.900755 500 700 200 0.001
0.901206 500 800 200 0.001
0.896935 500 900 200 0.001
0.894303 500 1000 200 0.001
0.901012 600 0 200 0.001
0.899995 600 100 200 0.001
0.89771 600 200 200 0.001
0.899435 600 300 200 0.001
0.900692 600 400 200 0.001
0.9018 600 500 200 0.001
0.906901 600 600 200 0.001
0.902786 600 700 200 0.001
0.903874 600 800 200 0.001
0.897674 600 900 200 0.001
0.895834 600 1000 200 0.001
0.904812 700 0 200 0.001
0.899857 700 100 200 0.001
0.900273 700 200 200 0.001
0.902863 700 300 200 0.001
0.901373 700 400 200 0.001
0.897832 700 500 200 0.001
0.901198 700 600 200 0.001
0.900441 700 700 200 0.001
0.898269 700 800 200 0.001
0.897388 700 900 200 0.001
0.894609 700 1000 200 0.001
0.904115 800 0 200 0.001
0.901931 800 100 200 0.001
0.904493 800 200 200 0.001
0.907006 800 300 200 0.001
0.902895 800 400 200 0.001
0.901802 800 500 200 0.001
0.898679 800 600 200 0.001
0.893069 800 700 200 0.001
0.894127 800 800 200 0.001
0.89271 800 900 200 0.001
0.889121 800 1000 200 0.001
0.901673 900 0 200 0.001
0.902245 900 100 200 0.001
0.902963 900 200 200 0.001
0.901918 900 300 200 0.001
0.900767 900 400 200 0.001
0.898823 900 500 200 0.001
0.898003 900 600 200 0.001
0.893736 900 700 200 0.001
0.891681 900 800 200 0.001
0.893233 900 900 200 0.001
0.891889 900 1000 200 0.001
0.901533 1000 0 200 0.001
0.900786 1000 100 200 0.001
0.901204 1000 200 200 0.001
0.902842 1000 300 200 0.001
0.905206 1000 400 200 0.001
0.899405 1000 500 200 0.001
0.901981 1000 600 200 0.001
0.899955 1000 700 200 0.001
0.895862 1000 800 200 0.001
0.894813 1000 900 200 0.001
0.895144 1000 1000 200 0.001
0.852256 0 0 300 0.001
0.853602 0 100 300 0.001
0.855487 0 200 300 0.001
0.85315 0 300 300 0.001
0.845378 0 400 300 0.001
0.850189 0 500 300 0.001
0.848737 0 600 300 0.001
0.848228 0 700 300 0.001
0.849071 0 800 300 0.001
0.84906 0 900 300 0.001
0.848626 0 1000 300 0.001
0.851056 100 0 300 0.001
0.851034 100 100 300 0.001
0.852064 100 200 300 0.001
0.851363 100 300 300 0.001
0.848436 100 400 300 0.001
0.850132 100 500 300 0.001
0.849075 100 600 300 0.001
0.847553 100 700 300 0.001
0.846333 100 800 300 0.001
0.846508 100 900 300 0.001
0.846797 100 1000 300 0.001
0.849313 200 0 300 0.001
0.847053 200 100 300 0.001
0.849096 200 200 300 0.001
0.85532 200 300 300 0.001
0.849472 200 400 300 0.001
0.849944 200 500 300 0.001
0.848411 200 600 300 0.001
0.844112 200 700 300 0.001
0.843543 200 800 300 0.001
0.846132 200 900 300 0.001
0.846333 200 1000 300 0.001
0.847793 300 0 300 0.001
0.84995 300 100 300 0.001
0.853079 300 200 300 0.001
0.848239 300 300 300 0.001
0.852385 300 400 300 0.001
0.852445 300 500 300 0.001
0.85055 300 600 300 0.001
0.848997 300 700 300 0.001
0.84998 300 800 300 0.001
0.848272 300 900 300 0.001
0.846557 300 1000 300 0.001
0.850061 400 0 300 0.001
0.852112 400 100 300 0.001
0.850544 400 200 300 0.001
0.848156 400 300 300 0.001
0.849744 400 400 300 0.001
0.851757 400 500 300 0.001
0.851856 400 600 300 0.001
0.851741 400 700 300 0.001
0.852782 400 800 300 0.001
0.850291 400 900 300 0.001
0.848151 400 1000 300 0.001
0.849719 500 0 300 0.001
0.850752 500 100 300 0.001
0.852211 500 200 300 0.001
0.849771 500 300 300 0.001
0.848982 500 400 300 0.001
0.852426 500 500 300 0.001
0.85383 500 600 300 0.001
0.851578 500 700 300 0.001
0.850731 500 800 300 0.001
0.849522 500 900 300 0.001
0.848146 500 1000 300 0.001
0.850009 600 0 300 0.001
0.848741 600 100 300 0.001
0.849744 600 200 300 0.001
0.849181 600 300 300 0.001
0.849853 600 400 300 0.001
0.851978 600 500 300 0.001
0.851085 600 600 300 0.001
0.850595 600 700 300 0.001
0.849612 600 800 300 0.001
0.851367 600 900 300 0.001
0.848165 600 1000 300 0.001
0.850137 700 0 300 0.001
0.845466 700 100 300 0.001
0.849089 700 200 300 0.001
0.849508 700 300 300 0.001
0.848909 700 400 300 0.001
0.846517 700 500 300 0.001
0.849746 700 600 300 0.001
0.850709 700 700 300 0.001
0.845698 700 800 300 0.001
0.847792 700 900 300 0.001
0.846545 700 1000 300 0.001
0.851798 800 0 300 0.001
0.852181 800 100 300 0.001
0.851516 800 200 300 0.001
0.854134 800 300 300 0.001
0.852154 800 400 300 0.001
0.848811 800 500 300 0.001
0.848845 800 600 300 0.001
0.848772 800 700 300 0.001
0.84539 800 800 300 0.001
0.844725 800 900 300 0.001
0.842606 800 1000 300 0.001
0.85044 900 0 300 0.001
0.854832 900 100 300 0.001
0.855838 900 200 300 0.001
0.85127 900 300 300 0.001
0.850049 900 400 300 0.001
0.848692 900 500 300 0.001
0.85113 900 600 300 0.001
0.849591 900 700 300 0.001
0.847639 900 800 300 0.001
0.84502 900 900 300 0.001
0.845012 900 1000 300 0.001
0.85078 1000 0 300 0.001
0.854591 1000 100 300 0.001
0.853131 1000 200 300 0.001
0.85116 1000 300 300 0.001
0.842881 1000 400 300 0.001
0.847035 1000 500 300 0.001
0.847502 1000 600 300 0.001
0.848084 1000 700 300 0.001
0.843328 1000 800 300 0.001
0.845599 1000 900 300 0.001
0.844471 1000 1000 300 0.001
0.800902 0 0 400 0.001
0.799869 0 100 400 0.001
0.80216 0 200 400 0.001
0.799764 0 300 400 0.001
0.799109 0 400 400 0.001
0.801936 0 500 400 0.001
0.798697 0 600 400 0.001
0.797467 0 700 400 0.001
0.798312 0 800 400 0.001
0.79674 0 900 400 0.001
0.796354 0 1000 400 0.001
0.798552 100 0 400 0.001
0.795952 100 100 400 0.001
0.801566 100 200 400 0.001
0.798653 100 300 400 0.001
0.79888 100 400 400 0.001
0.800141 100 500 400 0.001
0.79956 100 600 400 0.001
0.798561 100 700 400 0.001
0.798035 100 800 400 0.001
0.797694 100 900 400 0.001
0.79652 100 1000 400 0.001
0.798473 200 0 400 0.001
0.797879 200 100 400 0.001
0.799366 200 200 400 0.001
0.794987 200 300 400 0.001
0.798623 200 400 400 0.001
0.800619 200 500 400 0.001
0.800321 200 600 400 0.001
0.798172 200 700 400 0.001
0.798588 200 800 400 0.001
0.797843 200 900 400 0.001
0.797159 200 1000 400 0.001
0.800636 300 0 400 0.001
0.797811 300 100 400 0.001
0.797835 300 200 400 0.001
0.797652 300 300 400 0.001
0.801979 300 400 400 0.001
0.800089 300 500 400 0.001
0.796903 300 600 400 0.001
0.797124 300 700 400 0.001
0.799047 300 800 400 0.001
0.798914 300 900 400 0.001
0.799121 300 1000 400 0.001
0.797368 400 0 400 0.001
0.798607 400 100 400 0.001
0.797628 400 200 400 0.001
0.796244 400 300 400 0.001
0.803047 400 400 400 0.001
0.802827 400 500 400 0.001
0.80035 400 600 400 0.001
0.802635 400 700 400 0.001
0.802545 400 800 400 0.001
0.802766 400 900 400 0.001
0.800579 400 1000 400 0.001
0.79824 500 0 400 0.001
0.798398 500 100 400 0.001
0.801449 500 200 400 0.001
0.798085 500 300 400 0.001
0.798921 500 400 400 0.001
0.798451 500 500 400 0.001
0.800006 500 600 400 0.001
0.800852 500 700 400 0.001
0.799359 500 800 400 0.001
0.801115 500 900 400 0.001
0.800088 500 1000 400 0.001
0.798195 600 0 400 0.001
0.799291 600 100 400 0.001
0.799554 600 200 400 0.001
0.798919 600 300 400 0.001
0.800896 600 400 400 0.001
0.799027 600 500 400 0.001
0.793249 600 600 400 0.001
0.797183 600 700 400 0.001
0.79596 600 800 400 0.001
0.800035 600 900 400 0.001
0.799438 600 1000 400 0.001
0.798457 700 0 400 0.001
0.799745 700 100 400 0.001
0.803256 700 200 400 0.001
0.801772 700 300 400 0.001
0.804068 700 400 400 0.001
0.801916 700 500 400 0.001
0.801354 700 600 400 0.001
0.797275 700 700 400 0.001
0.79798 700 800 400 0.001
0.79803 700 900 400 0.001
0.7985 700 1000 400 0.001
0.801499 800 0 400 0.001
0.806966 800 100 400 0.001
0.802192 800 200 400 0.001
0.802506 800 300 400 0.001
0.799495 800 400 400 0.001
0.799128 800 500 400 0.001
0.80035 800 600 400 0.001
0.800512 800 700 400 0.001
0.797806 800 800 400 0.001
0.796831 800 900 400 0.001
0.792455 800 1000 400 0.001
0.802655 900 0 400 0.001
0.803804 900 100 400 0.001
0.80601 900 200 400 0.001
0.80093 900 300 400 0.001
0.799287 900 400 400 0.001
0.799482 900 500 400 0.001
0.799845 900 600 400 0.001
0.799396 900 700 400 0.001
0.79643 900 800 400 0.001
0.796368 900 900 400 0.001
0.796263 900 1000 400 0.001
0.802341 1000 0 400 0.001
0.806452 1000 100 400 0.001
0.805626 1000 200 400 0.001
0.801612 1000 300 400 0.001
0.797368 1000 400 400 0.001
0.798649 1000 500 400 0.001
0.797608 1000 600 400 0.001
0.795111 1000 700 400 0.001
0.792218 1000 800 400 0.001
0.796398 1000 900 400 0.001
0.797332 1000 1000 400 0.001
0.745504 0 0 500 0.001
0.74831 0 100 500 0.001
0.747462 0 200 500 0.001
0.744601 0 300 500 0.001
0.749358 0 400 500 0.001
0.747628 0 500 500 0.001
0.747828 0 600 500 0.001
0.750936 0 700 500 0.001
0.751351 0 800 500 0.001
0.749606 0 900 500 0.001
0.749107 0 1000 500 0.001
0.746498 100 0 500 0.001
0.747098 100 100 500 0.001
0.746103 100 200 500 0.001
0.746625 100 300 500 0.001
0.749085 100 400 500 0.001
0.747293 100 500 500 0.001
0.750246 100 600 500 0.001
0.750828 100 700 500 0.001
0.75006 100 800 500 0.001
0.745779 100 900 500 0.001
0.748235 100 1000 500 0.001
0.746267 200 0 500 0.001
0.74872 200 100 500 0.001
0.749949 200 200 500 0.001
0.747467 200 300 500 0.001
0.749399 200 400 500 0.001
0.751304 200 500 500 0.001
0.756108 200 600 500 0.001
0.752662 200 700 500 0.001
0.74964 200 800 500 0.001
0.744856 200 900 500 0.001
0.748552 200 1000 500 0.001
0.749983 300 0 500 0.001
0.745662 300 100 500 0.001
0.741833 300 200 500 0.001
0.746839 300 300 500 0.001
0.748115 300 400 500 0.001
0.753688 300 500 500 0.001
0.751114 300 600 500 0.001
0.750978 300 700 500 0.001
0.75047 300 800 500 0.001
0.748055 300 900 500 0.001
0.753004 300 1000 500 0.001
0.747876 400 0 500 0.001
0.746874 400 100 500 0.001
0.746433 400 200 500 0.001
0.748055 400 300 500 0.001
0.751048 400 400 500 0.001
0.751338 400 500 500 0.001
0.751033 400 600 500 0.001
0.75035 400 700 500 0.001
0.749598 400 800 500 0.001
0.75025 400 900 500 0.001
0.750236 400 1000 500 0.001
0.748255 500 0 500 0.001
0.747573 500 100 500 0.001
0.746035 500 200 500 0.001
0.747292 500 300 500 0.001
0.747892 500 400 500 0.001
0.747385 500 500 500 0.001
0.746552 500 600 500 0.001
0.749828 500 700 500 0.001
0.751135 500 800 500 0.001
0.752766 500 900 500 0.001
0.750161 500 1000 500 0.001
0.746909 600 0 500 0.001
0.751349 600 100 500 0.001
0.7491 600 200 500 0.001
0.748329 600 300 500 0.001
0.747718 600 400 500 0.001
0.747068 600 500 500 0.001
0.74727 600 600 500 0.001
0.750371 600 700 500 0.001
0.753011 600 800 500 0.001
0.753947 600 900 500 0.001
0.750936 600 1000 500 0.001
0.750645 700 0 500 0.001
0.749865 700 100 500 0.001
0.749134 700 200 500 0.001
0.746053 700 300 500 0.001
0.747895 700 400 500 0.001
0.748983 700 500 500 0.001
0.748138 700 600 500 0.001
0.747432 700 700 500 0.001
0.753472 700 800 500 0.001
0.750336 700 900 500 0.001
0.750755 700 1000 500 0.001
0.746607 800 0 500 0.001
0.747867 800 100 500 0.001
0.74832 800 200 500 0.001
0.745938 800 300 500 0.001
0.749439 800 400 500 0.001
0.751264 800 500 500 0.001
0.750795 800 600 500 0.001
0.747303 800 700 500 0.001
0.748935 800 800 500 0.001
0.747672 800 900 500 0.001
0.749227 800 1000 500 0.001
0.750631 900 0 500 0.001
0.748604 900 100 500 0.001
0.749004 900 200 500 0.001
0.748826 900 300 500 0.001
0.7486 900 400 500 0.001
0.750101 900 500 500 0.001
0.749641 900 600 500 0.001
0.748156 900 700 500 0.001
0.745198 900 800 500 0.001
0.747419 900 900 500 0.001
0.74652 900 1000 500 0.001
0.751979 1000 0 500 0.001
0.750783 1000 100 500 0.001
0.759938 1000 200 500 0.001
0.750544 1000 300 500 0.001
0.74943 1000 400 500 0.001
0.749381 1000 500 500 0.001
0.748796 1000 600 500 0.001
0.749148 1000 700 500 0.001
0.749157 1000 800 500 0.001
0.748224 1000 900 500 0.001
0.747219 1000 1000 500 0.001
0.698405 0 0 600 0.001
0.701595 0 100 600 0.001
0.69688 0 200 600 0.001
0.698906 0 300 600 0.001
0.696902 0 400 600 0.001
0.693875 0 500 600 0.001
0.698391 0 600 600 0.001
0.699724 0 700 600 0.001
0.699523 0 800 600 0.001
0.698599 0 900 600 0.001
0.701772 0 1000 600 0.001
0.700399 100 0 600 0.001
0.7015 100 100 600 0.001
0.696544 100 200 600 0.001
0.699141 100 300 600 0.001
0.69883 100 400 600 0.001
0.699964 100 500 600 0.001
0.702443 100 600 600 0.001
0.701594 100 700 600 0.001
0.704138 100 800 600 0.001
0.700833 100 900 600 0.001
0.701207 100 1000 600 0.001
0.699077 200 0 600 0.001
0.700564 200 100 600 0.001
0.696011 200 200 600 0.001
0.695432 200 300 600 0.001
0.698861 200 400 600 0.001
0.700033 200 500 600 0.001
0.701198 200 600 600 0.001
0.701179 200 700 600 0.001
0.700983 200 800 600 0.001
0.69971 200 900 600 0.001
0.70035 200 1000 600 0.001
0.698493 300 0 600 0.001
0.699275 300 100 600 0.001
0.696696 300 200 600 0.001
0.697606 300 300 600 0.001
0.695656 300 400 600 0.001
0.699516 300 500 600 0.001
0.699552 300 600 600 0.001
0.700935 300 700 600 0.001
0.701224 300 800 600 0.001
0.701145 300 900 600 0.001
0.704826 300 1000 600 0.001
0.697972 400 0 600 0.001
0.699239 400 100 600 0.001
0.697453 400 200 600 0.001
0.697869 400 300 600 0.001
0.692821 400 400 600 0.001
0.696747 400 500 600 0.001
0.699918 400 600 600 0.001
0.697268 400 700 600 0.001
0.697581 400 800 600 0.001
0.699292 400 900 600 0.001
0.701454 400 1000 600 0.001
0.698371 500 0 600 0.001
0.699387 500 100 600 0.001
0.694842 500 200 600 0.001
0.697785 500 300 600 0.001
0.696798 500 400 600 0.001
0.698216 500 500 600 0.001
0.697177 500 600 600 0.001
0.698762 500 700 600 0.001
0.702379 500 800 600 0.001
0.702561 500 900 600 0.001
0.700992 500 1000 600 0.001
0.69685 600 0 600 0.001
0.696407 600 100 600 0.001
0.694836 600 200 600 0.001
0.694759 600 300 600 0.001
0.694206 600 400 600 0.001
0.695583 600 500 600 0.001
0.69728 600 600 600 0.001
0.697937 600 700 600 0.001
0.697776 600 800 600 0.001
0.698139 600 900 600 0.001
0.700431 600 1000 600 0.001
0.69648 700 0 600 0.001
0.693702 700 100 600 0.001
0.690369 700 200 600 0.001
0.690159 700 300 600 0.001
0.690893 700 400 600 0.001
0.693263 700 500 600 0.001
0.694527 700 600 600 0.001
0.698184 700 700 600 0.001
0.697848 700 800 600 0.001
0.699969 700 900 600 0.001
0.700709 700 1000 600 0.001
0.69379 800 0 600 0.001
0.68987 800 100 600 0.001
0.692758 800 200 600 0.001
0.688989 800 300 600 0.001
0.695869 800 400 600 0.001
0.69835 800 500 600 0.001
0.699492 800 600 600 0.001
0.696638 800 700 600 0.001
0.697516 800 800 600 0.001
0.699009 800 900 600 0.001
0.699548 800 1000 600 0.001
0.695882 900 0 600 0.001
0.694145 900 100 600 0.001
0.692957 900 200 600 0.001
0.696526 900 300 600 0.001
0.698486 900 400 600 0.001
0.701038 900 500 600 0.001
0.697849 900 600 600 0.001
0.695968 900 700 600 0.001
0.698202 900 800 600 0.001
0.700144 900 900 600 0.001
0.698605 900 1000 600 0.001
0.693869 1000 0 600 0.001
0.696139 1000 100 600 0.001
0.699131 1000 200 600 0.001
0.700149 1000 300 600 0.001
0.699198 1000 400 600 0.001
0.700585 1000 500 600 0.001
0.697687 1000 600 600 0.001
0.696881 1000 700 600 0.001
0.69778 1000 800 600 0.001
0.701552 1000 900 600 0.001
0.697847 1000 1000 600 0.001
0.649851 0 0 700 0.001
0.649003 0 100 700 0.001
0.652213 0 200 700 0.001
0.655236 0 300 700 0.001
0.648341 0 400 700 0.001
0.649003 0 500 700 0.001
0.650951 0 600 700 0.001
0.64795 0 700 700 0.001
0.644574 0 800 700 0.001
0.647576 0 900 700 0.001
0.653978 0 1000 700 0.001
0.650606 100 0 700 0.001
0.649987 100 100 700 0.001
0.650514 100 200 700 0.001
0.6534 100 300 700 0.001
0.648946 100 400 700 0.001
0.652438 100 500 700 0.001
0.648414 100 600 700 0.001
0.64895 100 700 700 0.001
0.650149 100 800 700 0.001
0.652436 100 900 700 0.001
0.654849 100 1000 700 0.001
0.648162 200 0 700 0.001
0.647295 200 100 700 0.001
0.645018 200 200 700 0.001
0.64819 200 300 700 0.001
0.649365 200 400 700 0.001
0.648743 200 500 700 0.001
0.64297 200 600 700 0.001
0.648971 200 700 700 0.001
0.652499 200 800 700 0.001
0.653543 200 900 700 0.001
0.652987 200 1000 700 0.001
0.647235 300 0 700 0.001
0.652093 300 100 700 0.001
0.647317 300 200 700 0.001
0.646961 300 300 700 0.001
0.647742 300 400 700 0.001
0.643378 300 500 700 0.001
0.645941 300 600 700 0.001
0.649927 300 700 700 0.001
0.647875 300 800 700 0.001
0.650429 300 900 700 0.001
0.649194 300 1000 700 0.001
0.646475 400 0 700 0.001
0.646557 400 100 700 0.001
0.648072 400 200 700 0.001
0.645725 400 300 700 0.001
0.643301 400 400 700 0.001
0.644983 400 500 700 0.001
0.645298 400 600 700 0.001
0.647955 400 700 700 0.001
0.653209 400 800 700 0.001
0.649268 400 900 700 0.001
0.653243 400 1000 700 0.001
0.646769 500 0 700 0.001
0.646758 500 100 700 0.001
0.647209 500 200 700 0.001
0.648231 500 300 700 0.001
0.644546 500 400 700 0.001
0.645867 500 500 700 0.001
0.647133 500 600 700 0.001
0.649789 500 700 700 0.001
0.65269 500 800 700 0.001
0.647798 500 900 700 0.001
0.650316 500 1000 700 0.001
0.644494 600 0 700 0.001
0.642615 600 100 700 0.001
0.644224 600 200 700 0.001
0.645454 600 300 700 0.001
0.644978 600 400 700 0.001
0.645251 600 500 700 0.001
0.646524 600 600 700 0.001
0.646118 600 700 700 0.001
0.644125 600 800 700 0.001
0.643718 600 900 700 0.001
0.649473 600 1000 700 0.001
0.642693 700 0 700 0.001
0.643569 700 100 700 0.001
0.642472 700 200 700 0.001
0.643722 700 300 700 0.001
0.644906 700 400 700 0.001
0.645562 700 500 700 0.001
0.647601 700 600 700 0.001
0.646888 700 700 700 0.001
0.643768 700 800 700 0.001
0.64744 700 900 700 0.001
0.648564 700 1000 700 0.001
0.645628 800 0 700 0.001
0.645249 800 100 700 0.001
0.645302 800 200 700 0.001
0.645892 800 300 700 0.001
0.647237 800 400 700 0.001
0.645691 800 500 700 0.001
0.64385 800 600 700 0.001
0.647009 800 700 700 0.001
0.646384 800 800 700 0.001
0.648864 800 900 700 0.001
0.649216 800 1000 700 0.001
0.647083 900 0 700 0.001
0.648254 900 100 700 0.001
0.649295 900 200 700 0.001
0.651008 900 300 700 0.001
0.64942 900 400 700 0.001
0.64866 900 500 700 0.001
0.645894 900 600 700 0.001
0.646345 900 700 700 0.001
0.646255 900 800 700 0.001
0.647582 900 900 700 0.001
0.647906 900 1000 700 0.001
0.644338 1000 0 700 0.001
0.645137 1000 100 700 0.001
0.639951 1000 200 700 0.001
0.649767 1000 300 700 0.001
0.648915 1000 400 700 0.001
0.648917 1000 500 700 0.001
0.647067 1000 600 700 0.001
0.644486 1000 700 700 0.001
0.643138 1000 800 700 0.001
0.646314 1000 900 700 0.001
0.647911 1000 1000 700 0.001
0.601338 0 0 800 0.001
0.59587 0 100 800 0.001
0.597366 0 200 800 0.001
0.598469 0 300 800 0.001
0.598658 0 400 800 0.001
0.59896 0 500 800 0.001
0.599082 0 600 800 0.001
0.597914 0 700 800 0.001
0.598112 0 800 800 0.001
0.599703 0 900 800 0.001
0.601757 0 1000 800 0.001
0.598083 100 0 800 0.001
0.600793 100 100 800 0.001
0.602612 100 200 800 0.001
0.600948 100 300 800 0.001
0.598062 100 400 800 0.001
0.597914 100 500 800 0.001
0.596435 100 600 800 0.001
0.59819 100 700 800 0.001
0.598991 100 800 800 0.001
0.601609 100 900 800 0.001
0.609199 100 1000 800 0.001
0.598506 200 0 800 0.001
0.598165 200 100 800 0.001
0.59722 200 200 800 0.001
0.597613 200 300 800 0.001
0.596103 200 400 800 0.001
0.597841 200 500 800 0.001
0.598121 200 600 800 0.001
0.597793 200 700 800 0.001
0.599851 200 800 800 0.001
0.600113 200 900 800 0.001
0.604138 200 1000 800 0.001
0.599263 300 0 800 0.001
0.596906 300 100 800 0.001
0.597223 300 200 800 0.001
0.596605 300 300 800 0.001
0.593577 300 400 800 0.001
0.594835 300 500 800 0.001
0.597013 300 600 800 0.001
0.594642 300 700 800 0.001
0.59668 300 800 800 0.001
0.598721 300 900 800 0.001
0.599507 300 1000 800 0.001
0.598597 400 0 800 0.001
0.597263 400 100 800 0.001
0.598192 400 200 800 0.001
0.595655 400 300 800 0.001
0.594727 400 400 800 0.001
0.59324 400 500 800 0.001
0.594701 400 600 800 0.001
0.595869 400 700 800 0.001
0.598005 400 800 800 0.001
0.599788 400 900 800 0.001
0.603896 400 1000 800 0.001
0.600366 500 0 800 0.001
0.598529 500 100 800 0.001
0.598686 500 200 800 0.001
0.596109 500 300 800 0.001
0.595587 500 400 800 0.001
0.594249 500 500 800 0.001
0.597253 500 600 800 0.001
0.597322 500 700 800 0.001
0.597971 500 800 800 0.001
0.596898 500 900 800 0.001
0.599692 500 1000 800 0.001
0.598634 600 0 800 0.001
0.599907 600 100 800 0.001
0.598003 600 200 800 0.001
0.598298 600 300 800 0.001
0.597018 600 400 800 0.001
0.596242 600 500 800 0.001
0.598375 600 600 800 0.001
0.597909 600 700 800 0.001
0.597406 600 800 800 0.001
0.598582 600 900 800 0.001
0.600052 600 1000 800 0.001
0.598008 700 0 800 0.001
0.597688 700 100 800 0.001
0.597209 700 200 800 0.001
0.597035 700 300 800 0.001
0.596314 700 400 800 0.001
0.597108 700 500 800 0.001
0.598502 700 600 800 0.001
0.595758 700 700 800 0.001
0.596996 700 800 800 0.001
0.596232 700 900 800 0.001
0.599156 700 1000 800 0.001
0.596648 800 0 800 0.001
0.59668 800 100 800 0.001
0.596502 800 200 800 0.001
0.597799 800 300 800 0.001
0.596075 800 400 800 0.001
0.594954 800 500 800 0.001
0.596713 800 600 800 0.001
0.598816 800 700 800 0.001
0.597377 800 800 800 0.001
0.597827 800 900 800 0.001
0.598819 800 1000 800 0.001
0.59553 900 0 800 0.001
0.598516 900 100 800 0.001
0.598573 900 200 800 0.001
0.602551 900 300 800 0.001
0.600027 900 400 800 0.001
0.595068 900 500 800 0.001
0.598659 900 600 800 0.001
0.596426 900 700 800 0.001
0.595858 900 800 800 0.001
0.59555 900 900 800 0.001
0.598278 900 1000 800 0.001
0.594499 1000 0 800 0.001
0.594651 1000 100 800 0.001
0.595882 1000 200 800 0.001
0.602779 1000 300 800 0.001
0.600038 1000 400 800 0.001
0.597921 1000 500 800 0.001
0.597711 1000 600 800 0.001
0.596416 1000 700 800 0.001
0.59602 1000 800 800 0.001
0.595 1000 900 800 0.001
0.599289 1000 1000 800 0.001
0.550661 0 0 900 0.001
0.547694 0 100 900 0.001
0.54467 0 200 900 0.001
0.543568 0 300 900 0.001
0.548755 0 400 900 0.001
0.549955 0 500 900 0.001
0.547979 0 600 900 0.001
0.548278 0 700 900 0.001
0.54875 0 800 900 0.001
0.550795 0 900 900 0.001
0.555038 0 1000 900 0.001
0.549298 100 0 900 0.001
0.548288 100 100 900 0.001
0.547091 100 200 900 0.001
0.5462 100 300 900 0.001
0.547947 100 400 900 0.001
0.547027 100 500 900 0.001
0.548864 100 600 900 0.001
0.548747 100 700 900 0.001
0.548817 100 800 900 0.001
0.549688 100 900 900 0.001
0.553604 100 1000 900 0.001
0.549046 200 0 900 0.001
0.548352 200 100 900 0.001
0.546861 200 200 900 0.001
0.549571 200 300 900 0.001
0.546172 200 400 900 0.001
0.546514 200 500 900 0.001
0.551344 200 600 900 0.001
0.547753 200 700 900 0.001
0.546385 200 800 900 0.001
0.549285 200 900 900 0.001
0.553468 200 1000 900 0.001
0.545692 300 0 900 0.001
0.545726 300 100 900 0.001
0.547982 300 200 900 0.001
0.549244 300 300 900 0.001
0.547442 300 400 900 0.001
0.548875 300 500 900 0.001
0.552747 300 600 900 0.001
0.548405 300 700 900 0.001
0.547976 300 800 900 0.001
0.549962 300 900 900 0.001
0.549467 300 1000 900 0.001
0.548427 400 0 900 0.001
0.548793 400 100 900 0.001
0.548995 400 200 900 0.001
0.54879 400 300 900 0.001
0.546881 400 400 900 0.001
0.547059 400 500 900 0.001
0.549981 400 600 900 0.001
0.548179 400 700 900 0.001
0.544725 400 800 900 0.001
0.550479 400 900 900 0.001
0.550038 400 1000 900 0.001
0.549258 500 0 900 0.001
0.549303 500 100 900 0.001
0.549349 500 200 900 0.001
0.547968 500 300 900 0.001
0.549544 500 400 900 0.001
0.549045 500 500 900 0.001
0.55079 500 600 900 0.001
0.546544 500 700 900 0.001
0.550395 500 800 900 0.001
0.55072 500 900 900 0.001
0.551124 500 1000 900 0.001
0.550992 600 0 900 0.001
0.550399 600 100 900 0.001
0.550437 600 200 900 0.001
0.549267 600 300 900 0.001
0.549377 600 400 900 0.001
0.551536 600 500 900 0.001
0.550287 600 600 900 0.001
0.548426 600 700 900 0.001
0.549819 600 800 900 0.001
0.556516 600 900 900 0.001
0.556367 600 1000 900 0.001
0.547297 700 0 900 0.001
0.55037 700 100 900 0.001
0.550712 700 200 900 0.001
0.548888 700 300 900 0.001
0.54913 700 400 900 0.001
0.549754 700 500 900 0.001
0.545805 700 600 900 0.001
0.546762 700 700 900 0.001
0.547886 700 800 900 0.001
0.550601 700 900 900 0.001
0.551579 700 1000 900 0.001
0.546342 800 0 900 0.001
0.548705 800 100 900 0.001
0.551059 800 200 900 0.001
0.548956 800 300 900 0.001
0.549017 800 400 900 0.001
0.547487 800 500 900 0.001
0.548147 800 600 900 0.001
0.549474 800 700 900 0.001
0.548992 800 800 900 0.001
0.547904 800 900 900 0.001
0.551206 800 1000 900 0.001
0.544125 900 0 900 0.001
0.545636 900 100 900 0.001
0.546419 900 200 900 0.001
0.550317 900 300 900 0.001
0.549 900 400 900 0.001
0.548313 900 500 900 0.001
0.548761 900 600 900 0.001
0.545942 900 700 900 0.001
0.547774 900 800 900 0.001
0.548512 900 900 900 0.001
0.550641 900 1000 900 0.001
0.545822 1000 0 900 0.001
0.546412 1000 100 900 0.001
0.547564 1000 200 900 0.001
0.548849 1000 300 900 0.001
0.550146 1000 400 900 0.001
0.550585 1000 500 900 0.001
0.549465 1000 600 900 0.001
0.546612 1000 700 900 0.001
0.549373 1000 800 900 0.001
0.549078 1000 900 900 0.001
0.549601 1000 1000 900 0.001
0.5 0 0 1000 0.001
0.5 0 100 1000 0.001
0.5 0 200 1000 0.001
0.5 0 300 1000 0.001
0.5 0 400 1000 0.001
0.5 0 500 1000 0.001
0.5 0 600 1000 0.001
0.5 0 700 1000 0.001
0.5 0 800 1000 0.001
0.5 0 900 1000 0.001
0.5 0 1000 1000 0.001
0.5 100 0 1000 0.001
0.5 100 100 1000 0.001
0.5 100 200 1000 0.001
0.5 100 300 1000 0.001
0.5 100 400 1000 0.001
0.5 100 500 1000 0.001
0.5 100 600 1000 0.001
0.5 100 700 1000 0.001
0.5 100 800 1000 0.001
0.5 100 900 1000 0.001
0.5 100 1000 1000 0.001
0.5 200 0 1000 0.001
0.5 200 100 1000 0.001
0.5 200 200 1000 0.001
0.5 200 300 1000 0.001
0.5 200 400 1000 0.001
0.5 200 500 1000 0.001
0.5 200 600 1000 0.001
0.5 200 700 1000 0.001
0.5 200 800 1000 0.001
0.5 200 900 1000 0.001
0.5 200 1000 1000 0.001
0.5 300 0 1000 0.001
0.5 300 100 1000 0.001
0.5 300 200 1000 0.001
0.5 300 300 1000 0.001
0.5 300 400 1000 0.001
0.5 300 500 1000 0.001
0.5 300 600 1000 0.001
0.5 300 700 1000 0.001
0.5 300 800 1000 0.001
0.5 300 900 1000 0.001
0.5 300 1000 1000 0.001
0.5 400 0 1000 0.001
0.5 400 100 1000 0.001
0.5 400 200 1000 0.001
0.5 400 300 1000 0.001
0.5 400 400 1000 0.001
0.5 400 500 1000 0.001
0.5 400 600 1000 0.001
0.5 400 700 1000 0.001
0.5 400 800 1000 0.001
0.5 400 900 1000 0.001
0.5 400 1000 1000 0.001
0.5 500 0 1000 0.001
0.5 500 100 1000 0.001
0.5 500 200 1000 0.001
0.5 500 300 1000 0.001
0.5 500 400 1000 0.001
0.5 500 500 1000 0.001
0.5 500 600 1000 0.001
0.5 500 700 1000 0.001
0.5 500 800 1000 0.001
0.5 500 900 1000 0.001
0.5 500 1000 1000 0.001
0.5 600 0 1000 0.001
0.5 600 100 1000 0.001
0.5 600 200 1000 0.001
0.5 600 300 1000 0.001
0.5 600 400 1000 0.001
0.5 600 500 1000 0.001
0.5 600 600 1000 0.001
0.5 600 700 1000 0.001
0.5 600 800 1000 0.001
0.5 600 900 1000 0.001
0.5 600 1000 1000 0.001
0.5 700 0 1000 0.001
0.5 700 100 1000 0.001
0.5 700 200 1000 0.001
0.5 700 300 1000 0.001
0.5 700 400 1000 0.001
0.5 700 500 1000 0.001
0.5 700 600 1000 0.001
0.5 700 700 1000 0.001
0.5 700 800 1000 0.001
0.5 700 900 1000 0.001
0.5 700 1000 1000 0.001
0.5 800 0 1000 0.001
0.5 800 100 1000 0.001
0.5 800 200 1000 0.001
0.5 800 300 1000 0.001
0.5 800 400 1000 0.001
0.5 800 500 1000 0.001
0.5 800 600 1000 0.001
0.5 800 700 1000 0.001
0.5 800 800 1000 0.001
0.5 800 900 1000 0.001
0.5 800 1000 1000 0.001
0.5 900 0 1000 0.001
0.5 900 100 1000 0.001
0.5 900 200 1000 0.001
0.5 900 300 1000 0.001
0.5 900 400 1000 0.001
0.5 900 500 1000 0.001
0.5 900 600 1000 0.001
0.5 900 700 1000 0.001
0.5 900 800 1000 0.001
0.5 900 900 1000 0.001
0.5 900 1000 1000 0.001
0.5 1000 0 1000 0.001
0.5 1000 100 1000 0.001
0.5 1000 200 1000 0.001
0.5 1000 300 1000 0.001
0.5 1000 400 1000 0.001
0.5 1000 500 1000 0.001
0.5 1000 600 1000 0.001
0.5 1000 700 1000 0.001
0.5 1000 800 1000 0.001
0.5 1000 900 1000 0.001
0.5 1000 1000 1000 0.001
