1.051806928527450967e-13
4.875139480053553270e-15
7.228146352761675878e-14
9.923076038823247900e-14
4.747588267397356315e-14
1.596337452226603812e-14
1.400068052414894062e-14
1.023006868436706135e-13
1.206421868287219885e-14
7.622106911867237787e-15
8.368157647487655343e-14
1.622485208811498856e-13
4.314057020083780458e-15
4.967842160541874517e-14
1.167034914540988881e-13
6.794027075793036399e-14
9.238533670748575506e-14
2.167671968316716550e-14
1.497723210304326451e-13
9.062279315769045994e-14
5.480422535823490199e-14
1.043074188674050722e-14
3.027062151990369126e-14
8.111171041131445122e-14
3.904691650376348310e-14
3.796895527433214173e-14
6.900073286560235765e-14
4.983313735813398809e-14
7.585239170800384115e-14
6.565405699157501434e-14
1.145805970867203399e-13
5.123924148512864553e-14
1.466824143038346058e-13
2.435135027401431112e-14
7.721784694612376392e-15
2.251671822657550186e-14
8.887064911133498848e-15
1.214021586139396155e-13
5.841561709380736196e-15
7.074818564809864164e-14
5.568840211165013870e-14
1.186387223082525890e-13
1.406290332317485275e-14
1.299449173668918023e-13
2.779458511622518892e-14
1.007527967067121504e-13
2.206300528542112906e-14
1.385285378437632221e-13
2.499434644071361247e-14
1.180566996881031335e-14
3.258025841425032033e-14
7.864398061687685185e-15
1.191703914192809571e-13
1.095778676284794792e-14
3.155346117761333008e-14
1.589860990042071039e-13
1.748740741568783344e-13
4.109541645586680880e-14
1.206453497577997723e-13
1.808840036702287145e-14
6.493512652672253296e-14
1.447350271670255474e-13
5.342288559561518197e-14
6.354467966073721875e-14
5.548021928100129701e-15
2.841247480606648068e-14
7.220740189919609385e-15
2.297871118512727285e-14
2.553644227033965437e-14
1.058582178647040267e-13
5.573729295192788217e-15
3.735472307114435627e-14
2.391627280943857193e-14
7.287950619797538684e-14
2.721017104173577084e-14
5.693851177418484836e-15
1.372309909585896154e-13
1.030189872499109819e-13
1.366468791812401907e-13
3.575909278645664322e-14
6.655111879596426806e-14
4.988692001390183865e-14
6.502599204188478178e-14
1.900671127770624623e-14
2.253323163633999623e-14
5.038490273254169864e-15
2.274524138066320418e-14
1.732477858759116128e-14
5.746869976476828004e-14
5.890809011897710130e-14
4.386616796139905013e-14
2.176348630830061260e-14
6.548884775809257651e-15
1.715657333571186693e-13
2.649044823404820607e-14
4.692978159352289348e-14
1.709176192210053764e-13
3.889969385960193933e-14
2.425363888872853333e-14
5.093127889777975784e-14
6.125011913391706671e-14
1.290423938337593748e-13
6.713004989779084149e-15
4.229120479773009348e-14
1.080699570119373985e-13
9.160862268462425441e-14
6.274345416464287163e-14
5.465556673598097355e-15
2.768421384475128749e-14
5.848512955330285955e-14
2.242331821322513909e-14
4.970160738251207067e-14
8.096077167123367554e-14
1.144446572469919585e-14
5.983130009679708130e-15
2.628770319818954311e-14
8.583478466161033527e-15
1.269771587456089234e-14
1.391413957363427450e-13
2.934366667568457153e-14
1.550582983136268443e-14
1.001906301209074996e-13
8.523599470963762408e-15
9.814621347059103229e-14
4.306701940236287818e-14
6.510794588832745275e-14
1.074847858557743527e-14
1.303841683468139086e-14
7.470461454984997485e-14
5.909731911209380900e-15
1.785930660820277223e-14
5.478053147513817458e-14
1.611536654923567388e-14
3.122828173361034653e-14
1.512977262296556752e-13
1.523726914877977195e-13
5.913588163130198584e-14
5.323668025308139035e-14
4.673189602150871647e-15
1.712225809763044461e-13
6.029563303748450224e-14
1.107826541375724676e-13
5.818810648619757154e-14
1.364028104946559661e-13
6.239548936442117631e-14
8.923327524257114302e-14
1.080234360954700892e-14
3.721420145563515457e-14
8.567017831263681844e-14
8.410103750535926110e-15
3.873771975436511717e-14
1.188018414886924416e-14
4.883146992279697800e-14
1.185654308150205890e-13
7.705141991067055902e-15
1.131167754437552824e-13
5.883844133598643802e-14
6.338047594532660649e-14
1.400333486157463047e-14
3.825707411992358373e-14
2.205749495260701579e-14
5.482953416921111246e-15
5.228623751161347875e-15
4.063648150210166756e-14
9.821332646546406974e-14
5.741780155125331974e-14
3.167423509518537070e-14
1.199832482964565434e-14
1.242640651241357696e-13
6.526384429644862068e-14
1.082801253088079095e-13
1.273749003336412784e-13
6.607286224164020448e-14
1.078264233367235230e-13
6.858865622614049963e-14
4.889517957294413968e-15
9.966173118750959826e-14
1.251040546500848234e-14
4.141437326150573540e-14
4.983059403319292031e-14
4.521642467920924777e-14
1.261170400797226108e-13
1.243055181899282389e-14
4.665585141900036410e-15
1.274529290903270967e-13
9.765091807092963109e-14
4.115202281553916707e-14
3.567900897747470883e-14
9.030222080826713464e-15
2.638008117744943430e-14
7.921847691027803279e-15
9.092928060724161114e-14
7.107175277907057071e-15
1.456195083014726509e-14
6.043466856930583850e-14
2.186103793381886807e-14
7.701285147595813152e-14
1.141092652253506816e-13
2.774589845594958911e-14
7.863441979871132742e-15
1.169043036147232059e-13
1.088722347681539464e-13
3.269012708125048327e-14
1.323255471496810458e-13
3.154336011372794822e-14
1.858682693163557183e-14
1.216158826843174861e-13
9.604670716951345860e-14
4.893204883474528690e-14
7.454485498122711129e-14
1.508990579885796278e-14
1.423741059490792771e-13
1.668051547076986793e-13
2.412508994753360678e-14
1.326628293029975625e-13
2.345331265124844061e-14
5.033665214644783508e-15
5.932173348149088264e-15
1.307810681790004399e-14
6.753358166656448636e-15
1.860146740743179724e-14
1.483473986464306631e-13
4.131825398310772986e-14
9.755662693861225595e-15
1.159172555721109540e-13
3.394824859331784605e-14
5.004203650294873521e-15
1.299389436753724667e-13
2.006587505150194963e-14
8.929512659237253128e-14
2.825410927208362742e-14
1.114958795605162638e-13
1.261879164334545429e-13
5.404083314259215354e-14
5.774069293428096686e-14
9.336678589890483571e-15
3.077851233205740332e-14
3.725418446512418152e-14
4.951789007520212398e-14
1.410771651352440200e-13
2.246956681104872921e-14
3.306518066659166935e-14
1.112060286914709232e-13
3.507677232624131069e-14
1.309426765632595853e-14
1.248629303555492532e-13
5.959980377830788741e-14
6.372712448652904556e-15
1.753628083656360414e-13
1.627082702102834242e-14
6.837916858011428013e-14
2.965087798447709634e-14
1.138840300824029303e-13
7.101213248364388066e-14
1.192028393879297713e-13
2.133797673876250943e-14
2.011057357256005387e-14
6.565660262270497634e-14
1.569558767604048672e-13
8.885874854811812419e-14
1.910914485936306369e-14
9.327350898385142000e-15
4.144477496095343292e-14
1.700744406118972501e-13
8.257957201626317039e-14
1.366564305241822823e-14
5.835403627301611598e-15
1.619791463001968369e-13
1.305036194062366436e-13
1.211716447967864300e-13
1.660568223001833651e-13
6.524124123373170380e-14
1.542980412473125910e-13
1.069842492354643376e-14
8.885817296114797908e-15
3.011683383649838294e-14
1.039034622700280337e-13
2.454545359800189249e-14
7.320567151001266233e-14
4.485209113670666356e-15
5.496497938213632657e-14
2.628115794724367034e-14
1.431387145676929091e-13
1.577285472865645313e-13
3.155435458944156421e-14
3.302483263765396728e-14
1.428926031023005446e-13
6.321823718914347499e-15
3.419085851974964144e-14
9.753661942246206938e-15
7.558118127393394697e-15
1.086236627513401614e-13
2.289218684839232033e-14
6.236887460065438621e-14
1.367654394684224767e-13
1.375132403125328410e-13
6.563738393972355722e-14
7.473799178127387536e-14
6.231560697770943848e-15
2.220810821665117561e-14
8.517410979624041822e-14
1.337579698574740221e-14
1.139498295259063867e-13
5.009974018525962776e-14
1.014450309169914906e-13
1.262454913077319153e-14
7.357416935218544555e-15
4.491802985722463345e-14
5.245064499136749250e-14
8.623959496527902314e-14
1.447642376551985418e-14
8.048777327706070717e-14
1.112049361709248810e-13
5.641600953014619952e-15
1.658585619441445140e-13
1.702898631501366942e-13
5.623223856642705636e-14
6.576681982665453562e-15
2.708890777329424590e-14
4.863955937044830214e-15
1.133383500726837065e-13
1.470493612365878518e-14
1.049334283498849497e-14
8.708856124990397653e-14
6.285824820002436762e-15
1.852790371877088499e-14
4.937507347771098166e-14
1.777759188956287390e-13
1.068357280470974145e-14
4.012559166104624116e-14
6.573307171067900602e-14
8.048073760288256829e-15
2.138281456250462788e-14
9.214947984874965023e-14
5.625802270971572857e-14
1.243591326152029002e-13
6.166337778408380684e-14
1.307440930989010330e-14
6.854111020761188883e-14
1.395079025909765884e-13
5.043327971572813104e-14
7.071851713000114319e-14
4.852208773441937467e-14
1.470235445049871317e-13
3.521019337904500707e-14
5.357922665539560914e-14
2.680705658821879587e-14
9.720652817839915214e-15
7.857600370019390967e-14
1.559574594537969014e-13
6.798116589264734872e-14
1.256168485358143560e-13
1.544119861312199472e-14
1.448483643702260548e-13
4.503280942808556148e-15
1.604138298855349002e-14
9.857766650975203906e-15
1.463108462064461825e-13
1.472149398410548320e-13
6.180058166574449634e-14
7.582526339426394427e-15
9.038084695450005971e-15
1.051135245312271025e-13
9.513994910915873692e-14
7.565521508159976853e-15
2.844416877427321092e-14
1.056909263983878705e-13
9.825368015512372367e-15
5.398640147319179268e-14
1.007726601430036669e-13
1.990839335325907888e-14
5.909314734224780736e-14
4.410007412400730176e-14
5.729648076038521852e-14
3.889459076981875513e-14
8.563430581841781768e-14
9.151882158876366258e-14
1.012075722727282363e-13
5.474098892939626807e-15
8.218152525669152026e-14
4.418098550372539572e-14
8.189646725436157116e-15
6.827702909630710427e-14
1.241596828753389348e-13
9.541706425809647905e-14
2.458872814432799802e-14
6.702600385207275984e-15
5.474407878231685582e-15
5.774769869748184972e-14
1.154662545255059760e-14
1.949934032547180842e-14
1.681472521117885427e-14
4.826481999611115162e-15
1.098969215140580152e-14
5.346691568596341755e-15
1.726939277629094517e-13
2.878598691863434249e-14
1.204511276796964268e-13
3.507176301934805105e-14
1.823919085150830709e-14
1.689411481286051084e-14
1.056649774384531396e-13
8.046176190854932758e-14
8.862652992614568409e-14
1.288022467476941330e-13
5.130638783827219725e-14
3.917737218291879781e-14
5.678193116193591344e-14
7.619903556438437194e-14
1.098917910300676530e-13
1.412433044242671894e-13
2.333676053643870410e-14
1.005666797200970574e-14
9.978185571011181692e-14
5.210908079132218900e-14
1.088369165954233191e-13
3.741337681600836650e-14
1.244403494620482312e-13
5.390382474932157042e-14
1.800935567168647854e-14
6.324785566345983645e-15
7.792371264970861663e-15
1.239076358615263342e-14
3.868917233462964113e-14
1.162171704147495917e-13
1.472727512159998632e-13
6.086661868383390821e-14
2.160896285285343086e-14
7.615374284302273580e-14
7.318147468267024039e-14
4.828373739694580787e-14
1.666610240646680010e-13
1.149997821498360546e-13
1.534660427395297292e-13
6.822430845790281243e-14
1.727573193598367913e-13
9.072336783458965432e-14
4.466760885534270908e-15
2.132797442845721144e-14
1.252109900289606511e-13
3.923422010086779861e-14
1.231645025782188872e-14
8.915247983999383023e-15
1.124991459215658599e-13
7.552961837581063457e-14
4.799116649780005689e-14
2.109587141936693115e-14
7.292269127970821125e-14
2.968740218339928523e-14
5.428157480567306849e-14
1.027074433193520341e-13
1.247542818399893448e-13
8.426997972915268053e-15
4.942382672215839728e-14
7.479397561468983307e-14
1.107239156902432003e-14
4.244314756318539654e-15
1.672082823313421236e-13
1.153361579546989255e-13
2.004559597478064510e-14
2.049698046831549830e-14
9.238903407360946782e-15
4.470697278765908710e-14
1.547806456969209480e-13
1.488037877902041024e-13
1.747082920995092110e-14
3.286833994573228810e-14
1.683829494424174834e-13
2.018438031329265569e-14
1.567221423579784581e-13
1.045600345503724559e-13
1.387818780265558278e-13
1.343848735576363619e-13
1.068095038455862608e-14
1.100679943701308480e-13
1.468752988825183867e-13
1.242367391659367490e-13
9.000352859435214446e-14
2.316679173371022030e-14
2.803175821444315382e-14
1.686567518916887749e-14
7.691232458432746862e-15
1.375043314897340550e-14
6.860304013617489962e-14
1.547045738133358543e-13
8.501256832971008290e-14
5.842255461930435352e-14
1.913963332822561117e-14
5.216200303836070386e-14
1.143411072142365519e-13
2.197886776033973412e-14
1.299184019464252065e-14
4.839787614049498473e-15
9.781679775154232783e-14
5.510657767183903732e-15
3.792331266312724425e-14
1.224138039952625958e-13
4.625988979237876986e-15
4.921312213710573449e-14
4.453365175094214077e-14
5.191203646787941171e-15
4.558183842143946786e-15
2.565453726569919528e-14
6.430269298523249614e-15
6.509187073287108711e-14
1.391716400441652644e-13
3.505834034152511107e-14
5.509857964542414459e-15
7.276405845054334569e-15
7.325187249035684516e-15
1.157666154529713082e-13
1.132936737277193673e-13
4.742801870663118976e-15
1.313281905739241189e-13
1.475757645493093125e-13
3.362060985039252641e-14
2.121150781435886061e-14
1.257097804998661840e-13
6.885390402835408013e-14
1.034031313976936430e-14
1.626875287085566659e-14
1.252410436096110581e-13
1.261087333987588120e-13
1.560955282662047815e-14
1.162757472946154656e-13
5.366257401780766944e-14
6.751889586016677688e-14
5.161085635179004463e-14
7.354344636940371365e-14
4.352878839514649437e-15
5.015039887874850095e-15
8.476560523722477838e-14
1.222276282498517348e-14
8.567971940230444645e-14
2.106131444846056540e-14
6.169444931151747395e-15
6.202100573841738960e-14
2.204941002283512219e-14
2.471679478803117887e-14
1.671876004289298218e-13
1.378213370437367826e-14
2.732510399881656970e-14
8.379856924673387343e-15
3.373473492186850039e-14
7.835138766994795702e-15
4.848746615524254287e-14
9.762942613472598089e-14
4.357204433103206704e-15
7.707709610630990944e-15
6.213391624334181949e-15
1.386545473652713166e-13
1.741040846651617165e-13
5.099404698262048799e-14
1.402559642518731780e-14
1.551456079800812075e-13
7.676614228963342209e-14
1.107923454774371750e-13
4.951903655893155095e-14
1.097969609671559035e-13
2.596631271818170085e-14
8.849188904549202211e-15
1.453966617855278031e-13
4.322894557447378925e-15
6.948311229524275133e-15
9.870903261017773870e-15
1.582383421183391811e-13
2.273234769448433653e-14
1.509924579101193355e-14
1.844802062992202685e-14
7.982587373848600601e-15
3.373675840110646248e-14
9.469527087878621049e-14
7.537953439864106243e-14
1.804440293762910436e-14
1.616675981364151769e-14
4.705061567410886418e-14
1.324152843627471694e-13
7.236866825791967452e-14
1.007121702714422867e-13
3.839518425555308227e-14
3.353698075065894889e-14
9.267248516569257032e-14
3.015660373854542599e-14
5.657670789693964237e-14
7.259223293231432867e-15
6.433227910557294135e-14
2.066330154868215820e-14
9.759273490420462904e-14
2.233664954352255412e-14
1.015109577839421863e-13
1.608351501079186409e-14
4.328791877503089117e-15
1.029341969042339031e-14
2.204417953135806830e-14
1.382799377777493203e-14
5.591718657324018304e-14
1.485529965160125341e-14
1.071244831996095480e-13
4.531762280763242653e-14
7.348218357123482861e-14
1.197448497656285136e-14
1.521402531059918759e-13
9.129870512856534377e-14
1.117763585729643709e-14
9.285018947973206562e-14
1.319813522008560206e-14
1.216938441989045237e-13
1.390111332990807500e-14
1.651090236514220704e-13
5.569041712008881425e-14
1.581566616662602769e-14
1.505598007879321848e-14
7.110051112861754564e-14
7.220342923742621079e-14
2.276625798634602513e-14
1.177886184451417939e-13
3.596255707529399593e-14
1.170610987650585102e-13
1.926615589844978480e-14
1.732909721323007216e-13
1.347977575400282605e-13
3.998544485051118175e-14
2.602867544986895204e-14
5.193056555930903839e-15
1.761289635372626874e-13
8.266561102226236557e-14
1.338456882282295442e-14
5.769285386498294916e-15
4.615289385256415503e-15
7.835195286690614961e-14
8.555560499775085933e-15
2.342102756849846866e-14
2.322264576328635150e-14
9.069216532846085616e-15
1.599355792820665872e-13
1.710330071794590143e-13
1.452847951703845793e-13
1.120207325714272050e-13
6.598878599243106805e-15
9.122486046567061041e-14
4.103870026590578350e-14
1.097758245749141674e-14
7.505859755901900193e-14
5.175981527176068732e-15
1.004581109495574076e-13
1.404132259595684848e-13
4.523424244666406967e-15
2.519291348153987892e-14
1.213457778171258845e-13
8.815324940091267787e-15
5.013515282351111898e-15
1.172044369648325284e-13
1.788350098663917902e-14
1.790759799919853280e-14
1.138581238455882311e-14
2.022351077281839352e-14
3.724919718856314352e-14
1.868190894991972007e-14
2.952601022578822300e-14
2.753392789180025168e-14
2.578007379877302877e-14
2.277482074429367232e-14
2.393639168026163333e-14
1.970474641939900594e-14
1.438910994604164495e-13
1.671820291154085909e-13
1.427005701357716442e-13
3.026294469590825914e-14
7.539448193010217367e-14
2.356822078506540767e-14
1.159403764869436083e-13
1.144522149358371522e-13
1.115263052204104460e-13
8.755489114540940508e-15
1.164084303019090573e-13
1.074138500292828144e-13
1.388990535236761424e-13
2.467628711136367526e-14
8.538027883293744354e-15
1.157116626256395070e-14
8.080688510168565769e-14
9.051894934530059495e-14
1.693580598081422684e-14
1.147215976143085030e-13
1.499504357863118479e-13
1.737409428033329252e-13
1.784603834322039571e-13
5.029060918398571055e-14
8.713377811492277602e-14
7.083665550096742944e-15
1.441724301398895852e-13
1.169813715626675076e-13
2.862463083334780864e-14
1.704054130942297148e-13
3.177995130630646705e-14
4.718937914909505525e-15
4.803281365963027169e-15
5.508295087186434739e-14
3.922992497175255209e-14
5.049170511113409197e-15
2.968306825011302886e-14
3.612928294978377431e-14
3.419400093044730435e-14
1.788555940434093675e-13
1.129053879644718749e-14
3.837258365778828346e-14
1.970540589513826523e-14
1.679129461539082779e-13
6.346917966545446759e-14
8.811215944237476682e-14
7.575267099592886970e-14
1.009517175938089265e-13
1.389749812521017378e-13
1.822860326203859706e-14
1.620969029116112917e-14
6.596991661310765397e-14
1.685063343568453801e-14
9.468488769546692184e-14
7.883738196384198572e-14
1.709903634547541505e-14
1.316472778841341459e-14
2.370103548417667365e-14
2.945468349827469432e-14
6.348798523909752350e-14
1.019594580806678543e-13
2.466908665024646154e-14
4.803526984896981164e-14
6.232613991492479583e-14
1.938680706570447143e-14
9.044505724205095846e-14
4.123473383919373160e-14
7.581647653679937590e-14
4.813865878180807134e-14
3.761218921002269913e-14
9.140329635385596029e-14
4.589241268949326582e-15
7.251554856501026367e-15
6.091943208414415335e-14
1.169926700135185018e-13
5.818427117219503751e-14
6.615761083878199882e-14
1.564241101301547753e-14
1.503755899337049476e-13
1.452956408632375694e-14
8.437245587049279107e-14
3.049063258841898956e-14
1.496786520597607028e-14
1.191369256113680621e-13
8.917708265905003145e-15
1.056474400223049001e-13
4.506921964935931634e-14
1.609273266741298498e-13
5.606257581156604499e-14
5.170414792012302543e-14
1.352048428156422090e-13
7.505980765192430866e-14
2.538069973774711272e-14
4.525715567986030728e-15
1.014058369473463481e-14
1.049107983516808175e-13
1.227066940585689122e-13
7.898879726119355765e-14
6.076668169001355469e-14
1.466149117572464135e-13
9.057386364926279632e-14
4.489176605589103740e-14
8.888127952265662381e-14
7.348908332323441057e-14
5.022151107274448857e-15
1.139687374658072558e-13
9.859590630846403521e-14
3.191153106415950449e-14
6.280055057583170310e-14
1.686594873236356344e-14
1.752542121137380001e-13
6.327187816147659072e-14
1.407208656031005713e-14
1.758369961915773034e-13
1.287855907246410373e-13
2.696741865943883131e-14
7.730083428488691510e-14
1.550451205691445899e-13
5.773885684957408237e-14
6.886619727024252662e-14
4.294887370544929988e-14
1.776119800032433512e-13
1.551893835407035250e-13
5.140640299028952253e-15
3.996683638746189593e-14
2.651925887991815838e-14
1.123507538770481035e-14
2.203286966702797706e-14
9.127670448265222954e-14
4.567657075741739529e-14
2.325714885028067737e-14
1.505150029502132551e-13
8.610885821238549079e-14
2.028311314017709393e-14
1.111726669974288568e-13
1.790711579115224154e-13
8.813945472323510043e-14
4.382060166361431321e-14
1.118194711345331064e-13
5.307178526833849186e-14
6.059431124375414220e-14
1.669091205341803801e-13
1.584285522999858749e-13
6.336463665087419428e-14
1.633114945393542316e-14
4.697796874547679803e-14
3.819351744847860473e-14
2.556278823810904057e-14
6.618893560372641076e-14
7.923161329121741931e-15
8.979362128102902768e-15
1.681798279553292449e-13
1.620692596136745613e-13
3.105952474837877192e-14
1.748553526822946098e-13
9.151721702893230069e-14
1.519849495756998450e-13
2.565038151948572010e-14
1.255765306894705525e-13
6.642112443942335098e-14
1.253367046145834940e-13
7.598583753584634266e-15
2.766634602860988541e-14
3.731472131599880558e-14
1.138477737759656981e-13
1.732428315067558933e-14
4.294351316923040757e-15
3.210495315964655383e-14
1.510782530848448592e-13
1.104581000049957882e-14
9.953959730454390609e-14
1.601323651578792059e-13
1.803870071405416140e-14
1.133708209513447518e-14
2.685171979896474948e-14
2.171852307398744297e-14
1.972133272131869778e-14
4.376930355189888290e-14
5.765355201602460830e-14
4.391383187512265007e-15
1.258350657309412186e-13
1.008057887705349685e-14
1.028069692438185435e-13
7.349033083488603703e-15
1.031573564104703128e-13
2.911745988755334597e-14
1.729807861646627065e-14
1.017976761534562357e-13
6.198496135497892666e-15
4.002066007488196251e-14
1.440674599527464128e-13
1.462243516932125806e-13
4.293287544701294784e-14
1.221041387277570566e-13
7.970580297210071631e-14
1.896355277037273812e-14
2.845489579363414190e-14
1.531542354343475817e-13
1.379353540713500650e-13
1.637762743978464467e-13
1.568892151804893780e-14
1.094020797542255167e-14
9.374963117050362126e-15
4.429397225937067929e-14
1.859695055533001689e-14
1.597612404056128619e-13
4.628684812066116985e-14
9.217200543016490377e-14
1.781482848693158159e-13
3.815003849510019208e-14
4.899943857117614070e-15
4.681357375248234496e-15
4.335152363763210123e-14
7.320663589684718274e-14
8.456577811721828008e-15
1.557269987519721288e-14
9.568072130036222776e-14
9.027007421273065858e-14
1.647769565719968561e-13
9.477173700403098392e-14
1.248022640593135095e-13
6.432863087368127075e-14
8.290509540568593562e-14
8.970859516722877819e-14
1.248218583459596848e-14
3.128558805698622393e-14
3.335672917760510796e-14
3.192040206338979664e-14
1.325968343541751046e-14
3.653565994445595671e-14
9.645187935768650234e-14
1.758189292465419407e-13
6.744850903645218734e-15
1.285835793162738113e-13
1.088399443863809701e-13
4.450142374475159219e-14
2.221343181560107000e-14
4.510490474509796831e-14
3.262490013755077193e-14
1.436919565699131218e-13
2.058066297468219366e-14
7.919801083350272180e-15
4.843375364047750176e-14
1.262311061812326127e-14
1.647677607638736988e-14
8.658038872670838613e-14
1.389349293899762886e-13
1.426078074970166586e-13
1.150362126858891196e-13
1.094717023586829580e-13
1.163908500376267040e-13
2.489633279883362566e-14
6.962681251792321500e-14
1.287544014361052959e-14
1.286452525831909921e-13
1.638520066320157010e-13
1.819016195275441216e-14
6.770664390219242052e-15
9.430007459305656497e-14
1.495273206782034837e-13
1.258352380679842686e-13
4.612912594233197002e-15
3.754268055683039513e-14
3.293603238729591659e-14
3.627374859137983926e-14
1.031948403938893598e-14
1.024879734825380173e-13
8.533422316153700816e-14
6.779974482624091592e-14
1.536014998987341193e-13
9.082847615735917077e-14
2.474319746663756941e-14
1.176947998313474157e-13
1.599708272469158188e-13
1.157703689300943478e-14
5.247176292697450303e-14
1.073560070822369719e-13
2.848510055628722185e-14
2.972825254922175141e-14
8.739270517167644712e-14
5.666377132762645273e-14
7.001828789710934548e-14
1.451344786699415161e-14
7.430098706718689376e-14
4.709826183539843541e-14
7.727819730744437882e-14
2.178336084730216086e-14
1.037849672157712693e-14
1.238084729774791652e-13
8.844788157813278590e-15
8.783673574567119234e-15
4.147205591609916605e-14
3.542619827738837497e-14
1.594001052672756494e-13
3.505867095878286060e-14
2.502512445625031915e-14
2.457845771685873482e-14
1.790917144092610418e-14
9.669299636618402524e-14
5.169129137693587453e-15
7.540891288081836820e-14
6.581870255027626454e-15
1.717280530396438019e-14
7.721183406823306779e-15
1.024155448974123828e-13
1.524847802024219685e-14
8.256479559750582228e-14
4.382635784064381824e-14
1.542632938714889961e-13
1.136943522972040766e-14
4.479009241091110754e-14
7.751756916500107489e-15
1.253749985123774162e-14
6.953775281342545832e-15
2.695353293208820105e-14
8.176115483153304591e-14
2.036590311723656512e-14
2.347149090190769576e-14
6.143254339387693059e-15
2.269869152716520090e-14
1.294465718956292139e-13
5.933733216149700887e-14
1.683223466716003066e-13
8.521059150975152751e-14
9.893526404931220314e-15
1.151666671641354964e-14
3.238656509589123188e-14
1.230317665622341153e-14
5.095674274051247489e-15
1.629482511433319072e-14
3.375705188421920066e-14
5.023540949809554980e-14
1.486707139243662977e-14
1.181173123668476286e-14
8.474731627290911449e-14
7.947349891194490888e-15
2.742760991388543894e-14
1.156504996138380495e-13
4.157710244826229151e-14
7.071451362846522289e-14
1.439651619401623423e-14
7.874683509030721632e-15
1.703393617512439953e-13
2.957186049625434010e-14
6.090277873740401595e-14
1.763880558775766600e-14
1.767077508952128100e-13
5.904806154506614382e-14
5.043281229733114585e-14
1.377201006075642861e-13
4.574318310208963787e-15
9.449837816654172980e-14
2.430502172901280798e-14
7.576693740412192226e-14
1.204091372193610500e-13
3.799955922755234868e-14
1.130047872626348972e-14
4.420200654942978964e-14
2.546192708794122893e-14
1.720086410464268709e-14
6.702472672426791005e-14
1.514816015412742318e-14
4.516463543686353817e-14
3.936019752041770317e-14
2.927849741825026711e-14
2.908210158864378036e-14
1.515370392222548013e-14
2.966163371312157395e-14
1.114118096443066957e-14
8.931464461062368772e-14
1.201873216043100516e-13
2.113083399789082765e-14
8.839538722112008284e-14
1.587536223898641185e-13
1.005841618027782395e-14
4.639256067796420689e-14
7.741224987528917554e-14
5.136931921698925163e-14
9.766307286429873920e-15
3.390608676670307268e-14
3.509221067379325325e-14
3.753421654818488645e-14
9.154353674546103903e-15
1.864340124627699438e-14
4.325208523462338477e-14
1.368715517297633399e-13
1.072510597951245515e-13
1.119598663918496743e-13
4.329127258789590662e-15
1.294622991547287501e-13
1.390792961291534872e-14
1.509817891779862847e-13
8.978385436780720543e-15
8.173735065363191827e-15
3.542473305397554372e-14
1.218315844261775874e-13
7.758453416992489271e-14
1.249580105975472390e-13
2.232725226116694662e-14
2.162768089616488592e-14
1.556941662462544597e-14
1.350539458934928968e-13
1.767356274194096493e-13
9.467068144473070658e-15
5.042219649105365491e-14
2.828369061725185332e-14
1.116088270077313230e-13
1.396629584687858741e-13
1.318348033064758994e-13
1.279449364989843635e-13
3.771982969557138997e-14
1.021096432320003708e-13
6.379237663563262942e-15
1.773151842805300622e-14
6.459350250633786280e-14
1.953860952927781744e-14
1.573921952406136971e-13
6.811711075470472430e-14
1.561648724458556961e-13
1.596655882420076844e-13
6.560834783588766655e-14
1.561681447047196994e-13
3.954358576473532304e-14
5.587414375309398947e-15
6.137424983900612021e-15
2.712498436026155240e-14
1.410058953543941279e-14
1.416571594393827631e-13
9.695221441323301084e-15
5.039917390349120073e-14
1.746466809572343519e-13
1.763859575539354602e-13
1.135755893473219286e-14
3.539711926532018890e-14
8.394449460594832538e-14
2.834931030556134465e-14
7.726149904180777757e-14
1.221875219604992219e-14
4.535718826407933232e-14
1.839726824083663943e-14
1.301596006917477294e-13
6.285460861322208209e-15
8.625733855836611385e-14
1.024111263139276406e-13
9.842241164420925758e-15
1.122382678482051815e-14
1.181515957966672993e-13
1.423859574462641947e-13
1.727379593563984705e-13
9.787251427827432468e-14
1.053758885610618036e-13
1.763322475582845594e-14
1.254554730458793207e-13
4.794724741067458054e-15
1.049603869491411858e-14
2.903500229659432560e-14
3.244181789255491641e-14
3.806095825895974985e-14
1.273051477002796625e-13
8.970766884754779624e-14
4.024907564261448822e-14
9.596180824856680692e-14
8.766236061533587560e-15
1.988726203192582727e-14
9.134537614467829816e-14
1.551806900665992632e-13
6.179475375297870591e-14
1.751539044717157308e-14
8.344860198409127524e-14
1.485977866068859922e-13
2.292258832456058427e-14
4.391320462711929895e-14
1.024916076275569323e-14
1.254052926619876432e-13
5.937973527703960583e-14
5.272519309993411492e-15
1.361119156350136378e-14
1.574115420214076102e-13
7.579106732066230400e-14
5.214554126656155436e-15
1.415157696326700406e-13
4.630378612379839887e-15
4.584229621011173755e-15
4.319832750541122417e-15
5.666106138714252955e-15
3.181548275624653308e-14
2.376120976607585822e-14
2.576101000816294025e-14
3.987395614280285029e-14
1.730014416442668481e-13
1.231552008400760858e-13
1.164955105925509343e-13
8.675667462628962908e-14
4.562001240418379313e-14
5.838292153170858024e-14
5.398526225278548829e-15
1.698351895931073249e-14
9.711465773464610815e-15
8.415189201981325773e-14
1.523406637251912013e-14
1.204716084935762874e-13
1.690355209958979266e-14
1.500181905107505918e-13
1.733949622608263535e-13
4.652597716183026149e-14
1.361697364818747489e-13
1.411870604474750390e-14
7.539657288887510904e-15
9.420412744850719621e-14
8.530455537469243684e-15
1.169023946853179988e-13
1.055680740535374445e-13
6.290616466422848196e-15
1.034261649087526549e-14
7.298563145866021206e-14
3.095871066429492795e-14
2.094805167330363643e-14
2.901431089779337081e-14
2.097012423260056446e-14
1.389563618596205301e-13
1.572206020137445224e-13
9.276610645195586784e-14
5.105287048280059026e-14
9.603974543540435699e-14
1.328452219108075983e-13
6.822675927316708371e-15
9.419376878339775371e-15
8.683556377707403858e-15
1.642575996019486334e-14
1.349129014970513399e-13
1.086034855569593352e-13
1.949614436627336479e-14
1.008915793898199577e-13
1.655002025156457117e-13
9.469932887748365744e-14
6.278041799303447084e-14
8.260225627250820730e-14
9.463744817336314269e-15
1.675119312068568959e-13
7.449318542458468041e-15
2.293619658081887042e-14
6.353368509764623239e-14
6.803625806683933691e-14
1.467022867463373779e-14
7.294215666239654305e-15
7.619944782801984524e-14
1.941254487111103210e-14
9.623579781593454337e-14
5.054981396701884116e-14
1.438164145280237202e-14
1.418581588585489072e-13
5.701457599915767124e-14
1.440528685544844139e-13
6.699655058530484769e-14
9.154605999198670163e-14
1.840627153698046423e-14
8.831589484327037448e-14
2.165668905510843983e-14
4.452161147352093649e-14
4.356005212702230045e-15
2.853999886236012758e-14
5.747873579253185581e-15
1.565878711339852195e-14
3.865952343376380219e-14
1.033670625788878080e-14
1.634562050791447487e-13
1.967520898965441331e-14
1.379684753249911746e-14
1.467274603606711940e-13
8.886636332255441609e-14
1.331417964711014782e-13
1.453072639439579724e-14
1.694651084416123494e-14
1.380711257611334966e-13
1.783577759499359394e-13
1.649053899844558410e-13
4.797234377504181412e-14
3.182777255809304434e-14
3.408789547049987750e-14
1.013265475338064153e-13
1.668599843056995718e-14
1.069566765090531269e-13
7.375065246707723148e-14
4.107944704545280725e-14
8.244166764094494771e-15
4.296947205458017462e-14
1.546497111162259798e-13
1.543896660883417772e-13
6.391938778334222094e-14
1.246014651078610669e-13
2.322166164803380211e-14
5.431860991816812627e-14
6.488057694808991117e-14
5.016357365937562575e-15
1.298018301515089773e-14
8.542472009821126362e-15
1.548164532927278459e-13
5.529039453297948689e-15
1.711300964636008885e-13
1.713354364599186999e-14
9.234163859925489176e-15
3.879503181647062772e-14
1.081169052109134547e-13
3.810663120339772676e-14
1.343998879817671983e-13
2.009551523130441195e-14
4.365412242923051333e-14
1.073731427928120413e-13
1.277648160252451586e-13
4.141440916727728459e-14
7.722495357042979751e-14
1.052088334609870030e-13
7.132962292905002281e-14
1.448684198733408458e-14
1.269972040762750620e-13
1.242561293983182384e-13
3.485835564975468978e-14
7.857103833596726649e-14
3.705190646550907447e-14
6.141682788811839014e-14
5.086726597055087761e-14
9.982321246954582593e-15
1.578515375586852766e-13
1.601566161877664960e-14
1.382781644049816955e-13
1.738867889775773878e-14
1.701827546145607723e-14
8.496320544629753536e-14
1.344160292641585671e-13
1.273776380730941932e-14
4.036090198333395614e-14
1.320391636547409520e-14
1.733111564968422328e-13
4.608367564998179647e-14
1.214093976454630178e-13
3.152701607287332329e-14
6.089263008158704889e-15
2.160983581469255022e-14
1.581074515734259511e-13
4.640336282854749430e-15
8.008310375919938283e-14
1.707788828400733181e-13
3.234121722362558843e-14
2.382528724804590236e-14
1.776290278046406741e-14
3.283895253422652702e-14
1.127045991920400754e-14
2.448296624352481612e-14
4.880322214145847903e-14
4.381431105142221840e-14
6.584079692493079901e-14
1.190257324020459363e-13
2.329554134425782668e-14
1.648772027815720441e-13
1.190354431508148634e-14
1.485011359615890835e-13
4.713109762380425789e-14
3.011164673436273125e-14
2.994235497841993546e-14
2.306583136646952963e-14
3.638657730193811547e-14
4.279274877149954929e-15
4.702936757654583651e-15
1.864242473806580659e-14
5.076365221610431300e-14
1.373889345641950122e-14
4.542115072009088147e-14
