5.856603216333730925e-05
2.103759746797007570e-05
5.168241174631375888e-05
5.744019412693058033e-05
4.492535061512952096e-05
3.123983227654237899e-05
2.990314323798118018e-05
5.802653560994788990e-05
2.845554182812675618e-05
2.441699070870049956e-05
5.426799091838987126e-05
6.766966730974681302e-05
2.019741331639572318e-05
4.560961316928882484e-05
6.063104808260566238e-05
5.062630334146940136e-05
5.608776587158996333e-05
3.459380340853162960e-05
6.588870612564712043e-05
5.572878916988449632e-05
4.712721840056302688e-05
2.710850238007634678e-05
3.866703800257346047e-05
5.370668075331725306e-05
4.209165872114979797e-05
4.170069966666468351e-05
5.088834892346584949e-05
4.565691212771953706e-05
5.251985909657331587e-05
5.005194767022718235e-05
6.026115984163727231e-05
4.608235761968167431e-05
6.543244404043338969e-05
3.596180444942725495e-05
2.452296746354536884e-05
3.503500283181016392e-05
2.569921809317748880e-05
6.143406631538382969e-05
2.234481596946248733e-05
5.131435741556959041e-05
4.737930779596214061e-05
6.096434978350338482e-05
2.994737698394059518e-05
6.284251512288665349e-05
3.758263197160439527e-05
5.773238457649285257e-05
3.479808534398392921e-05
6.419682397805929271e-05
3.627558189161243709e-05
2.825079488595742228e-05
3.962646219732933570e-05
2.467301872793250004e-05
6.105528289184638624e-05
2.755760098212817533e-05
3.920572243460997933e-05
6.721303561194004114e-05
6.938127374509360143e-05
4.281522735473920435e-05
6.130614219213698351e-05
3.256870671035296834e-05
4.986858241154420806e-05
6.514158801658132762e-05
4.672789744009072180e-05
4.951006814927110992e-05
2.196408836126935302e-05
3.785908793172680523e-05
2.398065450779819646e-05
3.527299591714089418e-05
3.653596559910658124e-05
5.869151481052974767e-05
2.199796043449885112e-05
4.147460892158188854e-05
3.574634359213438517e-05
5.182455715337719651e-05
3.731735750400162413e-05
2.215486781024970803e-05
6.399575872589576345e-05
5.816202935718400467e-05
6.390483213624287718e-05
4.087545719196332173e-05
5.027887821968781080e-05
4.567333137041438581e-05
4.989183239814864643e-05
3.311078305659749641e-05
3.504356544703534151e-05
2.126998910250529255e-05
3.515312803255171725e-05
3.210379377017635232e-05
4.787890943313217248e-05
4.827535099440834378e-05
4.375661237075249415e-05
3.463989881447543482e-05
2.321255303474120888e-05
6.894095728788207558e-05
3.698539218189316098e-05
4.475243154412268974e-05
6.885403629613404174e-05
4.203869124503329248e-05
3.591364027394753532e-05
4.598984929376897515e-05
4.890682149412333915e-05
6.269668752502426850e-05
2.340486367689748826e-05
4.322654038896660245e-05
5.909745593095736959e-05
5.593014051911248107e-05
4.930109900265875367e-05
2.185472066172038081e-05
3.753281956415662428e-05
4.815953422463721518e-05
3.498649362122815509e-05
4.561670766367745207e-05
5.367334626423601982e-05
2.795968666890467403e-05
2.252388350769987964e-05
3.689079435323396852e-05
2.540318863897261386e-05
2.894514042855450480e-05
6.429135480838523938e-05
3.826824856070576371e-05
3.093846745897684903e-05
5.762480851093013096e-05
2.534397921967845480e-05
5.723016203877801780e-05
4.348926467202471753e-05
4.991278356395545217e-05
2.738100961426488035e-05
2.920174110465754522e-05
5.225360632341206028e-05
2.243140031317026616e-05
3.243062539013845174e-05
4.712042581140020111e-05
3.133866716350046085e-05
3.907057674523159381e-05
6.611163934517730919e-05
6.626784364338882561e-05
4.833749622874998708e-05
4.667354424945012551e-05
2.074300123166139401e-05
6.889496317010020338e-05
4.865144520165925562e-05
5.958784981383115950e-05
4.807786801381843625e-05
6.386676207824672766e-05
4.920979142653376736e-05
5.544249131844775422e-05
2.742667256782292855e-05
4.142253694839481562e-05
5.469450331712057475e-05
2.523098722614264242e-05
4.198026188872949445e-05
2.831010738522666539e-05
4.534893146320233238e-05
6.095179320681061804e-05
2.450533673622192442e-05
6.000343753470724421e-05
4.825631769789021899e-05
4.946738558403036135e-05
2.990503286081344487e-05
4.180591276694170473e-05
3.479518811104184082e-05
2.187788379708387128e-05
2.153424201864730106e-05
4.265525001006164815e-05
5.724320384750338522e-05
4.786477031181983889e-05
3.925567997827432610e-05
2.840363987663092822e-05
6.191306603518463277e-05
4.995258987307461948e-05
5.913574091224855470e-05
6.242545909473568347e-05
5.015814879310171039e-05
5.905303086451406131e-05
5.078684380167842983e-05
2.105825955860774834e-05
5.752323052437454385e-05
2.880210666418469336e-05
4.292571031186364868e-05
4.565613538661224480e-05
4.420104451434128852e-05
6.221928972696737442e-05
2.874069474110595222e-05
2.073174375516248429e-05
6.243820359056156521e-05
5.713372886497166320e-05
4.283487676600860781e-05
4.084492035246885494e-05
2.583647554734814770e-05
3.693395664946695964e-05
2.473295203718263953e-05
5.579154363756567742e-05
2.385427022080191702e-05
3.029751291844860780e-05
4.868881157256006969e-05
3.469157776018837571e-05
5.278633713572987505e-05
6.017841738716093813e-05
3.756067514982040876e-05
2.467201884718834003e-05
6.066580418354015620e-05
5.924333591384730409e-05
3.967095562182574193e-05
6.322395969009762806e-05
3.920153840578659472e-05
3.286514436025016504e-05
6.147009599136175667e-05
5.681913519192812682e-05
4.538004540274793622e-05
5.221633075207080844e-05
3.065932826893238777e-05
6.478544743517785406e-05
6.829731257539071467e-05
3.585007811528938748e-05
6.327763091136412465e-05
3.551418534700592403e-05
2.126319727159084352e-05
2.245975788868641963e-05
2.923134190071325841e-05
2.345166708086268896e-05
3.287377117022713153e-05
6.567908657853368203e-05
4.289247559872049674e-05
2.651058947397972844e-05
6.049458327000889111e-05
4.017349202403327471e-05
2.122163224915819168e-05
6.284155213138758361e-05
3.371474095076978418e-05
5.545529820359948534e-05
3.778861714118314589e-05
5.971545309132670530e-05
6.223094305719252355e-05
4.690737585699791292e-05
4.795432582016291172e-05
2.612549907187099266e-05
3.888209592870400425e-05
4.143736645645210062e-05
4.556043231427323774e-05
6.458812849678466340e-05
3.501053057970062978e-05
3.982209394392251885e-05
5.966366165138069905e-05
4.061380386767002635e-05
2.924337749954561801e-05
6.201236580441951284e-05
4.846356998506441634e-05
2.300251027754097994e-05
6.944584870981001471e-05
3.143911666009824323e-05
5.073508564900844890e-05
3.840133404177294846e-05
6.013879681741231688e-05
5.137809263528143254e-05
6.106082380991300176e-05
3.441265693961081896e-05
3.373975657963843353e-05
5.005259455662549163e-05
6.692570986046686259e-05
5.536481546707182588e-05
3.317015824783785738e-05
2.611679605575023419e-05
4.293621145949314851e-05
6.874062496983344896e-05
5.402871872222223166e-05
2.966268661432305045e-05
2.233696135806974764e-05
6.763219683853118449e-05
6.293245077342131605e-05
6.139515878742854969e-05
6.819502614191409338e-05
4.994682245363370697e-05
6.654579179238753598e-05
2.733844071393632424e-05
2.569801543773461076e-05
3.860144510869171759e-05
5.832800632854532794e-05
3.605710157324797186e-05
5.190175406723132845e-05
2.046105508349394501e-05
4.717325192374579099e-05
3.688773234425915022e-05
6.490121544247571606e-05
6.703535192416111576e-05
3.920609245767843931e-05
3.980588961702983869e-05
6.486399724096739497e-05
2.294111840509235051e-05
4.026896442147844294e-05
2.650877703154562093e-05
2.434847044623087879e-05
5.919821434794938142e-05
3.522866776733097558e-05
4.920279362776341551e-05
6.392330892133311231e-05
6.403960303067697611e-05
5.004771036228381062e-05
5.226138728420164970e-05
2.283141014190531040e-05
3.487420484879608009e-05
5.458873037882331893e-05
2.945147264278176447e-05
6.015037683584488238e-05
4.573818749283561008e-05
5.786430201578069788e-05
2.888943743085487854e-05
2.413101456477462494e-05
4.410359848614292208e-05
4.644269396810627403e-05
5.481541359044981421e-05
3.023808070150979312e-05
5.356861649786813582e-05
5.966346626632098481e-05
2.208689062584803965e-05
6.816787528607449521e-05
6.876963585866658778e-05
4.753303921109072109e-05
2.324534912033046939e-05
3.726183949309285387e-05
2.102149844057475133e-05
6.004259048918075066e-05
3.039635490660754936e-05
2.716262554525908409e-05
5.499469922646259436e-05
2.289749030050272391e-05
3.283037834244980621e-05
4.551658922744221782e-05
6.976293924101275158e-05
2.732578396584006729e-05
4.247573887993379523e-05
5.007201880914027132e-05
2.486362470699399221e-05
3.443674402709874104e-05
5.603999509537030432e-05
4.754030320204740155e-05
6.192885075269431987e-05
4.901656757339879506e-05
2.922858683048128821e-05
5.077510585292700378e-05
6.434775442343047770e-05
4.583946389102206440e-05
5.130718345632114062e-05
4.525295587782302736e-05
6.548312882932768165e-05
4.066523277822848713e-05
4.677343581458611441e-05
3.713215627822630434e-05
2.647883885716298893e-05
5.314108756999940005e-05
6.678350009978242785e-05
5.063645909645266149e-05
6.213692497248817306e-05
3.089542181014213464e-05
6.515858698649605965e-05
2.048849885598428636e-05
3.129063633317173622e-05
2.660275636359934342e-05
6.537714732580255273e-05
6.551153183298810689e-05
4.905289535674521085e-05
2.437465262619525343e-05
2.584397197871989162e-05
5.855356276539271744e-05
5.663976343982609116e-05
2.435641784662560838e-05
3.787315990599422939e-05
5.866058108761306985e-05
2.657358008058780332e-05
4.689162169269869336e-05
5.773617831134741500e-05
3.362630879955673917e-05
4.832584979536638174e-05
4.383424853583306870e-05
4.783103462709196183e-05
4.203685287069005503e-05
5.468686821309557880e-05
5.591185901598234989e-05
5.781911789477990642e-05
2.186610045056695250e-05
5.394176984464906551e-05
4.386104004539668517e-05
2.500856938354659306e-05
5.070981168573448616e-05
6.189572544830975755e-05
5.669470188294166278e-05
3.607827913559535747e-05
2.339276555434501693e-05
2.186651185321362626e-05
4.795626519802409683e-05
2.804263496342739134e-05
3.339440928510458621e-05
3.178559782179983019e-05
2.096737308089135306e-05
2.758432121974894262e-05
2.169512565662807570e-05
6.909174290439389250e-05
3.802426550770293467e-05
6.127322642810084554e-05
4.061187042587275785e-05
3.265895731549699367e-05
3.183554382400801812e-05
5.865577996383567795e-05
5.356284525628154583e-05
5.531654426003330591e-05
6.265777065952005240e-05
4.610247834180036016e-05
4.213848266607255795e-05
4.768742206277517740e-05
5.259974242030549245e-05
5.942769372376200738e-05
6.461347258463438900e-05
3.545525793395268483e-05
2.678048861335346320e-05
5.754633259220932174e-05
4.634166107685375619e-05
5.923692903802366269e-05
4.149630514282859101e-05
6.194232938067629579e-05
4.686770127118146861e-05
3.252119665750870730e-05
2.294470057203868723e-05
2.459746424538237965e-05
2.870999715707231898e-05
4.196271752991375639e-05
6.054671125375524600e-05
6.552010618031669175e-05
4.880453560059934908e-05
3.455772148901743685e-05
5.258931858906076633e-05
5.189603503777836900e-05
4.517873698586649921e-05
6.827763578108975932e-05
6.033455748052447338e-05
6.642596782018081057e-05
5.069675633322185868e-05
6.910019581715501119e-05
5.574939779226627398e-05
2.043296357086454076e-05
3.440727904969053151e-05
6.206993287509102305e-05
4.215885435136734017e-05
2.865248617383016368e-05
2.572635561131316322e-05
5.989402980106149323e-05
5.244525757228065993e-05
4.508729990734977215e-05
3.428201041160823607e-05
5.183479142426954269e-05
3.841709526651114601e-05
4.697692716761256145e-05
5.810334009899374946e-05
6.199437405771897932e-05
2.524787060108438195e-05
4.553156541729575576e-05
5.227443313720875199e-05
2.765334071263293974e-05
2.008798245521797819e-05
6.835228766150245943e-05
6.039332666325457469e-05
3.370337946817355743e-05
3.395448035360627750e-05
2.603398207109889446e-05
4.403441324954282006e-05
6.661509893812807433e-05
6.574637128841338894e-05
3.219375479879053555e-05
3.974291482079366926e-05
6.851197651132940757e-05
3.378098168018805173e-05
6.689247204332064668e-05
5.845060785117528213e-05
6.423593440530298070e-05
6.355024876219996649e-05
2.732354796134075375e-05
5.945943939625881309e-05
6.546111228357547897e-05
6.190852742653524395e-05
5.560155931935810018e-05
3.536897092687322011e-05
3.768922773854944524e-05
3.181766976118889618e-05
2.449058195316126306e-05
2.972390871610189127e-05
5.079039376835583282e-05
6.660418377825544595e-05
5.455419748915548128e-05
4.814235233521281157e-05
3.318778977062710345e-05
4.635734404424831457e-05
6.021914573545420911e-05
3.475379469529991315e-05
2.916692752797502705e-05
2.098662297533101875e-05
5.716606159862743837e-05
2.191467020929182936e-05
4.168398344869242347e-05
6.160423806563742276e-05
2.067292792498788686e-05
4.546676957570692699e-05
4.397743500706263444e-05
2.148274703988641089e-05
2.057142634120330129e-05
3.659220001172469621e-05
2.307155393026473492e-05
4.990867540282368608e-05
6.429601267613116358e-05
4.060668876819702861e-05
2.191360994510978193e-05
2.404212018954028084e-05
2.409572711509242883e-05
6.046836669107673171e-05
6.003470014424989017e-05
2.084549056773537444e-05
6.306471626153084477e-05
6.556501121762237127e-05
4.004383423175807795e-05
3.434453491688537857e-05
6.215224426319191850e-05
5.085222764887081028e-05
2.702993633926970796e-05
3.143778068579579176e-05
6.207489855875979038e-05
6.221792367540989854e-05
3.100729966903191531e-05
6.055688198760805058e-05
4.679767669445574564e-05
5.052142244912162300e-05
4.619349415631407679e-05
5.198145742477812512e-05
2.025781740169585213e-05
2.123693917078097487e-05
5.450131926578560121e-05
2.857965097811066907e-05
5.469653368443280707e-05
3.426328115609061735e-05
2.275529603908440872e-05
4.911114512930043444e-05
3.479093632827975267e-05
3.614080677876523018e-05
6.834946939274981308e-05
2.974673323915433631e-05
3.736982525728069199e-05
2.520070325553545317e-05
4.008909262372444064e-05
2.464238225436455701e-05
4.524219032308492692e-05
5.712953704723699831e-05
2.026452545846913294e-05
2.450805844225102483e-05
2.280919904559701583e-05
6.421628316832161878e-05
6.927929283264247821e-05
4.600873428137490419e-05
2.992087147663976862e-05
6.666741580415090726e-05
5.272991016710680567e-05
5.958958735800431013e-05
4.556078393056891477e-05
5.941059461896097135e-05
3.673983658374333535e-05
2.566265672086947051e-05
6.524069883514119574e-05
2.021119567542033863e-05
2.367519403033800646e-05
2.661456819776810201e-05
6.710749596373495845e-05
3.514648431213110159e-05
3.066565255901514380e-05
3.278312762577626773e-05
2.479600333971898168e-05
4.008989414995480383e-05
5.655138201778493338e-05
5.241049676207950485e-05
3.254227904172593159e-05
3.137194569759138520e-05
4.479080791702340570e-05
6.323824833914889370e-05
5.170318765614228970e-05
5.772462374541319414e-05
4.185615956338655869e-05
4.001060451213906809e-05
5.614581569726267681e-05
3.861842897061570413e-05
4.762990151996499032e-05
2.402318086785955884e-05
4.971377835517666767e-05
3.404607334666033471e-05
5.712237931572000096e-05
3.494135983263413093e-05
5.787683420855803206e-05
3.131800690094198352e-05
2.022038224615345416e-05
2.698901404935977798e-05
3.478818511200794291e-05
2.977969081253783353e-05
4.744410189214457157e-05
3.049960850450229361e-05
5.892460851393510298e-05
4.423399515211378502e-05
5.196701963616416717e-05
2.838481537173612041e-05
6.623413018911436143e-05
5.586699756816516151e-05
2.774068057490832790e-05
5.618168029096965767e-05
2.932049629125621656e-05
6.148322826217381847e-05
2.983208816698771650e-05
6.806503345558578811e-05
4.737987924082289105e-05
3.114317998680300530e-05
3.063633452570719358e-05
5.139939812032196095e-05
5.166380645749756658e-05
3.516395186429306305e-05
6.081838757267332230e-05
4.095283585044470894e-05
6.069291426169949035e-05
3.326075852805154408e-05
6.917127357017431859e-05
6.361526613299536804e-05
4.242622946824727709e-05
3.676922549236914795e-05
2.148530269916990346e-05
6.954683743247877764e-05
5.404747624152942033e-05
2.945790932007966894e-05
2.225227747485865486e-05
2.065697726812495164e-05
5.309053083147977374e-05
2.537561723482639100e-05
3.549788196523439513e-05
3.539737241469049638e-05
2.587361130824190569e-05
6.734657103974996594e-05
6.886952746178020689e-05
6.522396271343540105e-05
5.980900747325175660e-05
2.327147114339140198e-05
5.585193129984621199e-05
4.279552171398684414e-05
2.757418564752507013e-05
5.233600975611799364e-05
2.146172859397987707e-05
5.767604362550256486e-05
6.448664730450767582e-05
2.051900196385776824e-05
3.637139214033206178e-05
6.142455457362443606e-05
2.562987969802095546e-05
2.123478689568557827e-05
6.071767644361326959e-05
3.244526359875825067e-05
3.245982978145662190e-05
2.791184000301169212e-05
3.380279742786110835e-05
4.143551727868337363e-05
3.292109027022351871e-05
3.834735210527607857e-05
3.746477966487204406e-05
3.665178902186629468e-05
3.516835988875899110e-05
3.575636430769550954e-05
3.351125886959631654e-05
6.501473093762014772e-05
6.834871016468914353e-05
6.483492736708324107e-05
3.866376898983311358e-05
5.241396081360116045e-05
3.557209077306275644e-05
6.049860509608515167e-05
6.023864483544076257e-05
5.972088443351679089e-05
2.557175864156799902e-05
6.057990718166493663e-05
5.897761692982788999e-05
6.425400775488191297e-05
3.612105259116433554e-05
2.535827158699919734e-05
2.806248786340397876e-05
5.363931807314340492e-05
5.570749466772799695e-05
3.186171014902745201e-05
6.028586842399671154e-05
6.591481486991016144e-05
6.923109231094011647e-05
6.985235725102159317e-05
4.579619803314717233e-05
5.500421543085918407e-05
2.382793876095975626e-05
6.505707483758245814e-05
6.067913235558584819e-05
3.795308566252891694e-05
6.878518685464866966e-05
3.929930484980975427e-05
2.081046959955220238e-05
2.093372276816525147e-05
4.720697716810772296e-05
4.215731586166373185e-05
2.128500737235390093e-05
3.841522572793687528e-05
4.101602539554513843e-05
4.027019806260877298e-05
6.990388323243457548e-05
2.783376877209501086e-05
4.184794533969094833e-05
3.351163271549120423e-05
6.844817182998310951e-05
4.949045207579123954e-05
5.520932120704164994e-05
5.249683361063363992e-05
5.777035416772694263e-05
6.426571355138358400e-05
3.265263673977122531e-05
3.139969032580442951e-05
5.013208541388200880e-05
3.180820802131382910e-05
5.654931501970592185e-05
5.319994587963847269e-05
3.196374601164540818e-05
2.929573647764765898e-05
3.563878580217777611e-05
3.831644831836327186e-05
4.949533951061172869e-05
5.796194699561963353e-05
3.611753891377221645e-05
4.510110725524431205e-05
4.919155326488098201e-05
3.333004412865957629e-05
5.569233222728325595e-05
4.286355535243315456e-05
5.251156861961825471e-05
4.513344192595439785e-05
4.156967827085747646e-05
5.588832305439741247e-05
2.061804212855825922e-05
2.401471875276635736e-05
4.881864726744227325e-05
6.068108582366016043e-05
4.807681168241921950e-05
5.017958480806344759e-05
3.102904126082058338e-05
6.597705213070560422e-05
3.027503502046742604e-05
5.441692822984781866e-05
3.876049108564896096e-05
3.057645133891150963e-05
6.104956711060194590e-05
2.572872190428040484e-05
5.865253471404380849e-05
4.415302590291382903e-05
6.748548781570171422e-05
4.748518581491236991e-05
4.622131045851645586e-05
6.367924052208159250e-05
5.233629100790356724e-05
3.646153848591379308e-05
2.052246598645437355e-05
2.685477041201970598e-05
5.851589561924841297e-05
6.165333083527108516e-05
5.323398275367806782e-05
4.877781022135965999e-05
6.542240526758473431e-05
5.571875757605037168e-05
4.409500094386491063e-05
5.536949449549564885e-05
5.196864609992385501e-05
2.124697227201753806e-05
6.015370361224226637e-05
5.731743586736480446e-05
3.935346764343684015e-05
4.931604910082048264e-05
3.181784177643846791e-05
6.943151059515138477e-05
4.943911652328053876e-05
2.995389422573170026e-05
6.950838712975801860e-05
6.265506968628995756e-05
3.720605168651513041e-05
5.285205191934155567e-05
6.665301925763091777e-05
4.795381751811407680e-05
5.085525387056574401e-05
4.344946023738777521e-05
6.974148831105839966e-05
6.667368546076474472e-05
2.141277061941050566e-05
4.241964699447694348e-05
3.699879559129693114e-05
2.778811726152955293e-05
3.478223468324035680e-05
5.586250970322698725e-05
4.435047643449013376e-05
3.541489430937092584e-05
6.599743491318135410e-05
5.478770004972622514e-05
3.383597252377628333e-05
5.965769470897224857e-05
6.993195560328994422e-05
5.521502151127999998e-05
4.374145628966896515e-05
5.977316749198096968e-05
4.662530562198782905e-05
4.873164558462391138e-05
6.831149901117666281e-05
6.713437402146082760e-05
4.946326447389630545e-05
3.147792118520530201e-05
4.476774345961711198e-05
4.178274914321873933e-05
3.654852600880905653e-05
5.018750335116472350e-05
2.473431907315347191e-05
2.578787885944914315e-05
6.848441660674129587e-05
6.764473637763095549e-05
3.900007072647144525e-05
6.937879774226166562e-05
5.591153225460938539e-05
6.621158542946105970e-05
3.659022406354704065e-05
6.213027646130702959e-05
5.024612028996249300e-05
6.209069911893715002e-05
2.439184645298706224e-05
3.752474307391144548e-05
4.145979910572220349e-05
6.013241417806741197e-05
3.210348774305838543e-05
2.016661386459544348e-05
3.943281725536923189e-05
6.607965659748278023e-05
2.763119379038705463e-05
5.749972298117210826e-05
6.737418095258338444e-05
3.253885077828281777e-05
2.787196297398002428e-05
3.715276678582337316e-05
3.461602709177964764e-05
3.352065883790737093e-05
4.372438113797348717e-05
4.793018982113642654e-05
2.031737380005552672e-05
6.217288485526168112e-05
2.680169639616885647e-05
5.812210187376565924e-05
2.412184523520496577e-05
5.818805766824915605e-05
3.816965968386565263e-05
3.208729310552432790e-05
5.793127415195740683e-05
2.279095747683080580e-05
4.243868075567957930e-05
6.504128191663760680e-05
6.536426179394701425e-05
4.344406465918187777e-05
6.155224828254454435e-05
5.339457159272722163e-05
3.308570253043733363e-05
3.787792028485427318e-05
6.638094994544119513e-05
6.410506190386236350e-05
6.788139963768517738e-05
3.105976432467773572e-05
2.754285687074326951e-05
2.616115909035558016e-05
4.389839773090715422e-05
3.287111012599617643e-05
6.732209161219741887e-05
4.454712310559241675e-05
5.604456097619267064e-05
6.981161330369748644e-05
4.176688816194190022e-05
2.107321641404561922e-05
2.075507902944005286e-05
4.358481910706979109e-05
5.190198197830017077e-05
2.527737718712069114e-05
3.098287849168465956e-05
5.674687357964423927e-05
5.565639326531319472e-05
6.801937205804206338e-05
5.656659960854928146e-05
6.200232100305168867e-05
4.971283859459467929e-05
5.409961822737451107e-05
5.554075909742142979e-05
2.878043412646238776e-05
3.909446132251824687e-05
3.993879389473604583e-05
3.935711389319518431e-05
2.936600338259667237e-05
4.116923319454307388e-05
5.689892011332289108e-05
6.950600642632246817e-05
2.344181552117595462e-05
6.262229256565202747e-05
5.923747834727315737e-05
4.396682395212572449e-05
3.487699124022963695e-05
4.416467605132414051e-05
3.964455276606045851e-05
6.498472398791399897e-05
3.400062597877144901e-05
2.473082193609034833e-05
4.522547830879957852e-05
2.888834011378616279e-05
3.157120845498195404e-05
5.488752353757654336e-05
6.425953927746663166e-05
6.482087565352498361e-05
6.034092789320189844e-05
5.935187131728443798e-05
6.057685738995702323e-05
3.622810235984349429e-05
5.104179792814019569e-05
2.907955930797652405e-05
6.263230292643327921e-05
6.789186109978948642e-05
3.262966746316983322e-05
2.347168248600607691e-05
5.647260279925624105e-05
6.585275919341302981e-05
6.217291323814573686e-05
2.065343066865744429e-05
4.154405506928990848e-05
3.977017966150552853e-05
4.107062124053997951e-05
2.701177480948800859e-05
5.806192465099942939e-05
5.462291492242512733e-05
5.059137452812546989e-05
6.644550575118712355e-05
5.577091912812382678e-05
3.615367083266376216e-05
6.080223600535272359e-05
6.735151814660484510e-05
2.806723289482383914e-05
4.644892612675271350e-05
5.896702843894314214e-05
3.789131796776814339e-05
3.843470804737014312e-05
5.505864512846433522e-05
4.765432085835099148e-05
5.113727970345305476e-05
3.026383717096077061e-05
5.215932794062371250e-05
4.480592206631785261e-05
5.284689230485684975e-05
3.465044005697076406e-05
2.706316653784061454e-05
6.183730895251130411e-05
2.565840195883354517e-05
2.559916827476453485e-05
4.294563029007703731e-05
4.074821999819686199e-05
6.727132686901391161e-05
4.060681641475943638e-05
3.629046569019736876e-05
3.607325527603284776e-05
3.246078044226681974e-05
5.694629393054074791e-05
2.145225347840246983e-05
5.241730471451787630e-05
2.325146018071108420e-05
3.200964624897745925e-05
2.452233092056025488e-05
5.804824391057837737e-05
3.076634874567933122e-05
5.402549597767905765e-05
4.374337146603655789e-05
6.654079612466717723e-05
2.789845094608992392e-05
4.406168608596464233e-05
2.455465525401261511e-05
2.882288437374056996e-05
2.368139834809357121e-05
3.719966469790279899e-05
5.384963925217946246e-05
3.388194634517525434e-05
3.552335845118552774e-05
2.272305002580012474e-05
3.512913047743318110e-05
6.276207744351970262e-05
4.839232237696706752e-05
6.850375613461874905e-05
5.459652306826759724e-05
2.663488534560805047e-05
2.801836092930556221e-05
3.954777813009360251e-05
2.864218941932486490e-05
2.135015401660236601e-05
3.145456574630369390e-05
4.009793088848422890e-05
4.577943638021828655e-05
3.050766261540539310e-05
2.825562890043260551e-05
5.449739926239641593e-05
2.475946391041992042e-05
3.741649599259126610e-05
6.044814300244789044e-05
4.298185939127121386e-05
5.130621524095875020e-05
3.018234154257685398e-05
2.468377023876863722e-05
6.877629836330688689e-05
3.836719141676345559e-05
4.881419839715795230e-05
3.229660339773083910e-05
6.962293473723519708e-05
4.831355641386369024e-05
4.583932227636440792e-05
6.407169839862603068e-05
2.059566978149723754e-05
5.651216048507595648e-05
3.593898414396903016e-05
5.250012895866768058e-05
6.126610544863558784e-05
4.171190060280737807e-05
2.784193444551874552e-05
4.386799521496750957e-05
3.650039373574021214e-05
3.202707037868296718e-05
5.039786550476351985e-05
3.069873090041249611e-05
4.418416264641872884e-05
4.220392885812784643e-05
3.823989761769683678e-05
3.815420319711350090e-05
3.070247537909178884e-05
3.840597678677221013e-05
2.771048978584040890e-05
5.545933835939804806e-05
6.122846120590837485e-05
3.430093869571128318e-05
5.526841289593151599e-05
6.718025899114878931e-05
2.678204032541612445e-05
4.458101041193871189e-05
5.287743204960738968e-05
4.612132009641690294e-05
2.652022804181441558e-05
4.015685405736117540e-05
4.061976144787424122e-05
4.154093279472716676e-05
2.595432199568331006e-05
3.289845540267062732e-05
4.355146908528873667e-05
6.393983671614485490e-05
5.894780750771627583e-05
5.979817315348213183e-05
2.022090443670709656e-05
6.276461912401520924e-05
2.983696333355229579e-05
6.606558958505564800e-05
2.578694383717657339e-05
2.499236250437778699e-05
4.074765820991560266e-05
6.150641628993513076e-05
5.291662998552803171e-05
6.202810213964004454e-05
3.493645906955180773e-05
3.456769676718044772e-05
3.098070092658323203e-05
6.365554172016719113e-05
6.962659566582989404e-05
2.624655413034884780e-05
4.583610574932817805e-05
3.780180045346876599e-05
5.973561058290871296e-05
6.437158533945862250e-05
6.314570520272154170e-05
6.251844396874096195e-05
4.160929591160254787e-05
5.799039213549697836e-05
2.301035859037827886e-05
3.235309019455919854e-05
4.978097564571021212e-05
3.341681162476643839e-05
6.698766762841395237e-05
5.067018992400188729e-05
6.681309284795171083e-05
6.730865324778878859e-05
5.004032938128592008e-05
6.681355950904061913e-05
4.226937327122324808e-05
2.201594945573143489e-05
2.271586042407781360e-05
3.727837373509918130e-05
2.997410443186112965e-05
6.467651872284724366e-05
2.645572719182684549e-05
4.582912848876649929e-05
6.935118795681006261e-05
6.958064681613695469e-05
2.788873349866682211e-05
4.073706777758562703e-05
5.432476614705431732e-05
3.783101194658545553e-05
5.284308564681631490e-05
2.857652470963299753e-05
4.424686453210416591e-05
3.275303677032443886e-05
6.287710366881832272e-05
2.289704835896816097e-05
5.481917271330107684e-05
5.804740909362143413e-05
2.658878302427749446e-05
2.777884030636308766e-05
6.088079614866171308e-05
6.478724500747105939e-05
6.909761448898643404e-05
5.717691348337391381e-05
5.860223897822762739e-05
3.229319687591708938e-05
6.211030520549430038e-05
2.092128484857649741e-05
2.716495147592478486e-05
3.813359479478756935e-05
3.957025539163641658e-05
4.173435430320433283e-05
6.241406193766170767e-05
5.554056792779702161e-05
4.251926639657284851e-05
5.680238880731832758e-05
2.558221707000830000e-05
3.361440728850579191e-05
5.587651550301711627e-05
6.667244045124077502e-05
4.905135338106563609e-05
3.222110277709763911e-05
5.421758233674527148e-05
6.571601792792743178e-05
3.524425576033520934e-05
4.377224651464882969e-05
2.695027664967188815e-05
6.210202302504386294e-05
4.840384686228902517e-05
2.159433588395170156e-05
2.962323664819338899e-05
6.699041224274403120e-05
5.250570170280997938e-05
2.151490927891194492e-05
6.465499340860102065e-05
2.067946475287770570e-05
2.061053413331244367e-05
2.020642283988295619e-05
2.211882373536429967e-05
3.931394553940409224e-05
3.566892127855099013e-05
3.664275240004952368e-05
4.238676136936258643e-05
6.913272884899042642e-05
6.172835612253746776e-05
6.059500918370655509e-05
5.492475035459672605e-05
4.433216342843259962e-05
4.813146349440429201e-05
2.176500966673641140e-05
3.189160325824503086e-05
2.647049446066355110e-05
5.436946850262674974e-05
3.075665305584312164e-05
6.127669907976303224e-05
3.184147064591022003e-05
6.592474118902359606e-05
6.918510712649259540e-05
4.462370511002574925e-05
6.383036456560204871e-05
2.998693589883666058e-05
2.432863042628415534e-05
5.645344331035389668e-05
2.535077265007316345e-05
6.066547397793820630e-05
5.863784377156296270e-05
2.290330702907263110e-05
2.703194320342794775e-05
5.184970014844067336e-05
3.895782906230411247e-05
3.420175078055653943e-05
3.812453417987816332e-05
3.421375913962726456e-05
6.426284338973008614e-05
6.696331485409054234e-05
5.616471621694611531e-05
4.602641840317556649e-05
5.681776235545217833e-05
6.330661689275263995e-05
2.353163157776432592e-05
2.620240673479836595e-05
2.550153575451460345e-05
3.153859071454216364e-05
6.363337431953751627e-05
5.919454870146206328e-05
3.339258472763796703e-05
5.775888038094854031e-05
6.811874463837788263e-05
5.655218980946749037e-05
4.931077862920616193e-05
5.403366542217398228e-05
2.624348256715518018e-05
6.839363837284986891e-05
2.423107272842824899e-05
3.525122876558374523e-05
4.950721255764643672e-05
5.065013405745435776e-05
3.037242164981816269e-05
2.406171947159060003e-05
5.259983728118208579e-05
3.334478719327415246e-05
5.685639804851427403e-05
4.587474323098261926e-05
3.017194297982541589e-05
6.470709441933309933e-05
4.775246103487918429e-05
6.503908601181572382e-05
5.039080235875709570e-05
5.591740541131913955e-05
3.275837881703474124e-05
5.525184063150565222e-05
3.458314452091055603e-05
4.397347135094099228e-05
2.026266617288448503e-05
3.791564453633333433e-05
2.222471472372313675e-05
3.103986562530830224e-05
4.195199561191748604e-05
2.702679313575996847e-05
6.783715040725925999e-05
3.349450602852509386e-05
2.975731536097856903e-05
6.543914143933736904e-05
5.536639692283233470e-05
6.335369217175585333e-05
3.027584229358067146e-05
3.186842183463102165e-05
6.412608817492177989e-05
6.983896726037126324e-05
6.803703976174252247e-05
4.508140453962164055e-05
3.931900699962855906e-05
4.022850151684126158e-05
5.784176557710246966e-05
3.170427735963685822e-05
5.889382466699783663e-05
5.203023029649635889e-05
4.280968073031777334e-05
2.506394229251266114e-05
4.345640527096941756e-05
6.659630959349184499e-05
6.655896119937680135e-05
4.960719392239695412e-05
6.196905054864708482e-05
3.539687239147273266e-05
4.698760851000048140e-05
4.985461425387403665e-05
2.123879869415891479e-05
2.915820138790582025e-05
2.536267056615571221e-05
6.662023554636169447e-05
2.193900980324429406e-05
6.888255658093948126e-05
3.198523341064339251e-05
2.602952950809589289e-05
4.200095481049006282e-05
5.910601247932956745e-05
4.175104129683583138e-05
6.355261543445490772e-05
3.373133328880046787e-05
4.368599314258325391e-05
5.897016562770481516e-05
6.248909243538979105e-05
4.292572271722102967e-05
5.283475256127115598e-05
5.857125472134826758e-05
5.145454813247935942e-05
3.024533275711968242e-05
6.236369599675228219e-05
6.191174804735651786e-05
4.052933003522663706e-05
5.313996818494122986e-05
4.136223320714876357e-05
4.895115234344323907e-05
4.597057378392842628e-05
2.671433123650673787e-05
6.705277120618184975e-05
3.127390318364087690e-05
6.415812467705662026e-05
3.214321563754118954e-05
3.191334365458399453e-05
5.454363640806694080e-05
6.355515953292583439e-05
2.897553897953532892e-05
4.255860789855473787e-05
2.932477672698149908e-05
6.917395908033188636e-05
4.448184881181279168e-05
6.143528736534604778e-05
3.919476653963830054e-05
2.265628522197684995e-05
3.455818683860537494e-05
6.708898768143649360e-05
2.069427793041005923e-05
5.347868972302228564e-05
6.883540130369384888e-05
3.952931115894546614e-05
3.570095560721717718e-05
3.237216700234255218e-05
3.973106664459892041e-05
2.781725930166664722e-05
3.602647774081870380e-05
4.534018536980917967e-05
4.373936310597898239e-05
5.009935702652085145e-05
6.103056821431372561e-05
3.543437102510555657e-05
6.803316302748901423e-05
2.832865075174618107e-05
6.570176721526237629e-05
4.481633218866874280e-05
3.859922883837248729e-05
3.852675615379312759e-05
3.531751704438596478e-05
4.111316025848042705e-05
2.014298614085260241e-05
2.078692131482953579e-05
3.289788100510725318e-05
4.593933941063694712e-05
2.971559138379844747e-05
4.426765365746990216e-05
