1.051879873398503785e-05
1.051879873398503785e-05
2.584120587315687944e-05
2.246267530756476048e-05
1.561991613827118949e-05
1.495157161899059009e-05
1.495157161899059009e-05
1.422777091406337809e-05
1.220849535435024978e-05
1.220849535435024978e-05
1.009870665819786159e-05
1.009870665819786159e-05
2.280480658464441242e-05
2.531315167073470068e-05
2.531315167073470068e-05
1.729690170426581480e-05
1.729690170426581480e-05
2.786439458494224816e-05
2.356360920028151344e-05
1.355425119003817339e-05
1.933351900128673024e-05
2.104582936057489899e-05
2.085034983333234175e-05
2.085034983333234175e-05
2.282845606385976853e-05
2.282845606385976853e-05
2.502597383511359118e-05
2.502597383511359118e-05
2.304117880984083715e-05
2.304117880984083715e-05
1.226148373177268442e-05
1.226148373177268442e-05
1.284960904658874440e-05
1.284960904658874440e-05
1.117240798473124367e-05
1.117240798473124367e-05
2.368965389798107030e-05
2.368965389798107030e-05
1.497368849197029759e-05
1.497368849197029759e-05
1.879131598580219764e-05
1.739904267199196460e-05
1.739904267199196460e-05
1.813779094580621854e-05
1.412539744297871114e-05
1.412539744297871114e-05
1.233650936396625002e-05
1.233650936396625002e-05
1.377880049106408766e-05
1.377880049106408766e-05
3.360651780597002057e-05
2.140761367736960217e-05
2.140761367736960217e-05
1.628435335517648417e-05
1.628435335517648417e-05
2.493429120577210403e-05
2.336394872004536090e-05
2.336394872004536090e-05
1.098204418063467651e-05
1.098204418063467651e-05
1.199032725389909823e-05
1.763649795857044709e-05
1.826798279955329062e-05
1.099898021724942556e-05
1.099898021724942556e-05
1.787317179606719259e-05
1.787317179606719259e-05
1.865867875200081206e-05
1.107743390512485401e-05
1.107743390512485401e-05
2.908101467859200233e-05
2.043772859598166086e-05
2.043772859598166086e-05
2.283666568520719290e-05
2.283666568520719290e-05
1.655539152829874820e-05
1.655539152829874820e-05
1.063499455125264628e-05
1.063499455125264628e-05
1.605189688508817616e-05
2.393945471656608624e-05
2.187830618537624707e-05
1.731994940723771741e-05
1.160627651737060444e-05
1.160627651737060444e-05
1.849269609094658049e-05
1.849269609094658049e-05
2.237621577206134487e-05
2.101934562251664624e-05
1.795682013697376766e-05
2.299492464688448757e-05
2.445341074706166957e-05
1.170243183844874413e-05
1.170243183844874413e-05
2.161327019448330123e-05
2.796507025955624054e-05
2.465054950132937684e-05
1.092736033086019040e-05
1.092736033086019040e-05
1.876640978207831214e-05
1.749324681061407755e-05
2.280835383183872604e-05
1.397984333445233702e-05
1.126194175384993982e-05
1.126194175384993982e-05
1.270159431948630693e-05
1.270159431948630693e-05
1.447257021427725240e-05
1.913412428035288185e-05
1.546923372948842451e-05
1.267198960983922740e-05
1.267198960983922740e-05
2.174463233601235876e-05
2.174463233601235876e-05
1.369050480713244018e-05
1.369050480713244018e-05
1.460087055232877261e-05
1.121570015658513308e-05
1.121570015658513308e-05
1.621531269506922587e-05
1.566933358175023042e-05
1.953528837261579691e-05
3.305581967258865460e-05
2.416874811437499354e-05
2.333677212472506275e-05
1.037150061583069701e-05
1.037150061583069701e-05
2.432572260082962781e-05
2.432572260082962781e-05
2.403893400690921813e-05
2.460489571326688368e-05
2.460489571326688368e-05
1.371333628391146427e-05
1.371333628391146427e-05
2.071126847419740781e-05
1.261549361307132121e-05
1.261549361307132121e-05
1.415505369261333270e-05
1.415505369261333270e-05
2.267446573160116619e-05
1.225266836811096221e-05
2.412815884894510950e-05
2.412815884894510950e-05
1.495251643040672243e-05
1.495251643040672243e-05
1.739759405552092041e-05
1.093894189854193564e-05
1.076712100932365053e-05
1.076712100932365053e-05
2.132762500503082408e-05
1.962783998913716305e-05
1.420181993831546411e-05
1.420181993831546411e-05
2.497629493653730974e-05
2.497629493653730974e-05
2.956787045612427735e-05
2.507907439655085520e-05
2.507907439655085520e-05
2.539342190083921491e-05
1.052912977930387417e-05
1.440105333209234668e-05
1.440105333209234668e-05
2.146285515593182434e-05
2.210052225717064426e-05
2.210052225717064426e-05
1.437034737055297611e-05
1.036587187758124214e-05
1.036587187758124214e-05
2.856686443248583160e-05
2.141743838300430390e-05
1.291823777367407385e-05
1.291823777367407385e-05
1.236647601859131977e-05
1.236647601859131977e-05
1.192713511040095851e-05
1.192713511040095851e-05
1.514875645922430390e-05
1.734578888009418785e-05
1.734578888009418785e-05
2.639316856786493753e-05
1.233600942359417001e-05
1.233600942359417001e-05
2.962166795692365204e-05
1.983547781091287096e-05
1.983547781091287096e-05
1.960076920289329736e-05
1.643257218012508252e-05
1.643257218012508252e-05
2.840956759596406341e-05
2.269002270137396811e-05
1.532966413446619388e-05
1.532966413446619388e-05
3.239272371758892703e-05
1.792503905764469374e-05
1.792503905764469374e-05
1.775709267350296201e-05
1.063159863579542176e-05
1.063159863579542176e-05
1.122987894434320981e-05
1.172583354043134448e-05
1.643688558511356576e-05
2.144623779936024837e-05
1.325529473698986422e-05
1.325529473698986422e-05
2.008674601201663736e-05
1.061081612457909584e-05
1.061081612457909584e-05
1.685737047538489209e-05
1.685737047538489209e-05
1.889430857059157294e-05
2.985772654566335265e-05
2.345368792849895646e-05
2.345368792849895646e-05
1.306274953593549633e-05
1.306274953593549633e-05
1.944104796435200213e-05
2.071868322822605031e-05
2.278021615713661887e-05
1.750526528985031489e-05
1.750526528985031489e-05
2.030690193383501317e-05
1.462168874977280901e-05
1.462168874977280901e-05
2.423178499253220817e-05
1.150125513877048997e-05
1.150125513877048997e-05
1.571955833004912162e-05
1.571955833004912162e-05
1.920066702088647423e-05
1.920066702088647423e-05
2.568904631764071627e-05
1.720632846980540948e-05
1.686987828981921676e-05
1.686987828981921676e-05
2.502629727831274582e-05
2.768240773353591294e-05
1.658507912391892869e-05
1.305839802787511710e-05
1.305839802787511710e-05
2.146810572974657425e-05
1.483134330716152522e-05
1.116848067903487382e-05
1.116848067903487382e-05
3.146622538671065803e-05
3.069757939371427484e-05
3.069757939371427484e-05
2.497341122681685349e-05
2.497341122681685349e-05
1.366922035696816212e-05
1.284900771886730538e-05
1.930072255434585880e-05
1.802855078662398593e-05
1.802855078662398593e-05
1.023052754174697251e-05
1.023052754174697251e-05
1.844386617212957511e-05
1.844386617212957511e-05
3.245060772123785803e-05
1.960304622883921966e-05
1.960304622883921966e-05
1.147055920254617526e-05
1.147055920254617526e-05
1.325438851577281046e-05
1.217423522311543939e-05
1.217423522311543939e-05
1.761433388366548779e-05
1.761433388366548779e-05
2.460139681388170775e-05
3.196165446066655616e-05
2.502385518114190531e-05
1.141570507095265520e-05
1.141570507095265520e-05
1.743710242439804005e-05
1.472573632139088224e-05
1.472573632139088224e-05
2.286909374641780504e-05
2.286909374641780504e-05
1.444471871542743927e-05
1.206550728238731247e-05
1.206550728238731247e-05
2.322134698405313701e-05
1.511904035075489656e-05
1.511904035075489656e-05
2.678430824893406791e-05
1.104344531292401983e-05
1.104344531292401983e-05
3.408393764303724760e-05
2.376651960554536055e-05
1.162267456016523469e-05
1.162267456016523469e-05
1.051074922028737567e-05
1.519817745330377468e-05
1.358131277262954204e-05
1.358131277262954204e-05
1.144874515025136196e-05
1.144874515025136196e-05
1.641518917122490310e-05
2.275829461372110891e-05
1.366289198292003365e-05
1.366289198292003365e-05
1.243181235349699610e-05
1.243181235349699610e-05
1.721837201354937052e-05
2.377015160102370078e-05
2.377015160102370078e-05
2.450828378669939753e-05
1.461429341524064410e-05
1.461429341524064410e-05
2.538755292646350189e-05
2.291973194551103220e-05
2.262647793891151368e-05
2.262647793891151368e-05
2.033261638911424356e-05
2.033261638911424356e-05
1.856607813911315217e-05
1.323941942858149446e-05
1.323941942858149446e-05
2.657054378499970002e-05
2.531822954822633074e-05
2.531822954822633074e-05
1.544771090507106732e-05
1.024424942799214318e-05
1.024424942799214318e-05
1.330137818179967171e-05
1.330137818179967171e-05
3.268857366290127636e-05
2.452644767837260543e-05
1.218732631309762672e-05
1.218732631309762672e-05
1.292198598935994581e-05
1.217820892331280419e-05
1.217820892331280419e-05
1.893657995299711470e-05
1.328679004029390166e-05
1.328679004029390166e-05
2.344581084634934668e-05
1.681315439977836958e-05
1.681315439977836958e-05
2.191712426791653435e-05
2.191712426791653435e-05
2.101842643534502752e-05
2.734343410654778940e-05
2.795592950799117494e-05
1.093305022528347625e-05
1.093305022528347625e-05
2.193052002269834259e-05
1.250428469177329653e-05
1.250428469177329653e-05
2.535490584286724308e-05
2.834735094147083139e-05
1.169638277717250846e-05
1.093325592660681313e-05
1.093325592660681313e-05
1.402131748171369567e-05
1.402131748171369567e-05
1.589279891089991509e-05
1.048368654044567653e-05
1.048368654044567653e-05
1.084756282831403785e-05
1.084756282831403785e-05
1.901213275385146733e-05
2.030593521293637892e-05
1.632947865774849684e-05
1.591777191200400906e-05
1.591777191200400906e-05
2.678142262814077292e-05
2.678142262814077292e-05
2.765827213001665296e-05
2.305123917090018008e-05
2.106924133303627897e-05
2.384371103138758870e-05
2.629987121015274623e-05
2.971384686188100369e-05
1.772762896697634242e-05
1.339024430667673160e-05
1.339024430667673160e-05
2.317083053842687810e-05
2.317083053842687810e-05
2.074815257141429550e-05
2.074815257141429550e-05
1.626059832875435365e-05
1.147235028601934361e-05
1.147235028601934361e-05
1.229873212269118983e-05
1.435499857853615949e-05
2.098135876495687820e-05
3.027335562687762300e-05
2.440226780029967454e-05
1.727886074450871843e-05
1.727886074450871843e-05
2.258936849293324961e-05
2.258936849293324961e-05
3.016727874026223669e-05
3.016727874026223669e-05
2.534837816661092934e-05
2.534837816661092934e-05
2.787469889613313699e-05
1.021648178543227038e-05
1.021648178543227038e-05
1.720363952484526575e-05
1.432624308691508184e-05
1.286317780565658161e-05
1.286317780565658161e-05
2.622262878614032997e-05
2.254364995367488607e-05
1.714100520580411803e-05
1.714100520580411803e-05
1.920854763325557300e-05
1.920854763325557300e-05
2.348846358380628072e-05
1.262393530054219098e-05
1.262393530054219098e-05
2.276578270864787788e-05
1.382667035631646987e-05
1.004399122760898909e-05
1.004399122760898909e-05
3.019666333162728734e-05
1.685168973408677871e-05
1.685168973408677871e-05
1.301699103554944723e-05
2.201720662477141003e-05
3.287318564420669447e-05
1.609687739939526778e-05
1.609687739939526778e-05
1.987145741039683463e-05
1.689049084009402587e-05
1.689049084009402587e-05
2.922530392558764107e-05
2.922530392558764107e-05
3.177512438109998325e-05
1.366177398067037688e-05
2.972971969812940654e-05
3.095426371326762198e-05
2.780077965967905009e-05
1.768448546343661006e-05
1.768448546343661006e-05
1.590883488059444809e-05
1.224529097658063153e-05
1.224529097658063153e-05
1.486195435805094564e-05
2.727709874457774064e-05
2.407117616760640579e-05
1.659389488531355173e-05
1.659389488531355173e-05
2.317867202212415729e-05
1.737689734764995657e-05
1.458346376398751353e-05
1.049331148766550937e-05
1.049331148766550937e-05
1.095733510464591468e-05
2.084199172434621173e-05
1.033646396249394343e-05
1.033646396249394343e-05
2.198871750353131722e-05
1.074137351994320544e-05
1.028571317060165064e-05
1.028571317060165064e-05
1.153577696513236746e-05
1.153577696513236746e-05
2.495433770141184304e-05
1.095680497255489096e-05
1.095680497255489096e-05
1.202106009477014042e-05
1.204786355754621442e-05
3.001735007212494508e-05
1.042274528386768722e-05
1.042274528386768722e-05
3.153235813076542238e-05
2.002191711587903897e-05
1.717226745844268928e-05
2.542611382443540514e-05
1.351496816963485398e-05
1.351496816963485398e-05
1.571889034289789588e-05
3.103744927937989519e-05
1.550364983451595766e-05
1.550364983451595766e-05
2.339883834722787282e-05
2.339883834722787282e-05
2.309674707815703840e-05
1.012890870084792606e-05
1.012890870084792606e-05
1.061846958539048744e-05
1.428982548905533454e-05
1.428982548905533454e-05
1.713164057804530868e-05
1.137764801954220436e-05
1.137764801954220436e-05
1.739546816413987634e-05
1.739546816413987634e-05
1.487336661957716816e-05
1.487336661957716816e-05
1.260035162776772659e-05
1.260035162776772659e-05
1.232119112718227850e-05
1.232119112718227850e-05
2.262109516154246346e-05
1.013226272923456647e-05
1.013226272923456647e-05
1.140459952279850791e-05
3.210814158416080939e-05
2.300436714068745210e-05
1.496043573831988431e-05
1.496043573831988431e-05
2.636495508355340283e-05
2.636495508355340283e-05
2.278039196528445739e-05
2.278039196528445739e-05
1.836991829187166768e-05
1.283132836043473525e-05
1.010559783771016932e-05
1.010559783771016932e-05
1.183759701516900323e-05
1.330728409888405101e-05
1.757324215606555080e-05
1.533282627950757190e-05
1.533282627950757190e-05
1.239800166985949084e-05
1.239800166985949084e-05
2.004494707497740192e-05
1.627113952086296580e-05
1.568597284879569260e-05
1.568597284879569260e-05
2.239540395851170285e-05
2.585159382807114485e-05
2.585159382807114485e-05
2.092807978169327935e-05
2.000530225606953405e-05
2.000530225606953405e-05
1.930921448530785206e-05
1.201159043392977942e-05
1.201159043392977942e-05
1.702303667333016735e-05
1.702303667333016735e-05
1.747067991631706546e-05
1.747067991631706546e-05
1.565900345047099176e-05
1.011019112307672708e-05
1.011019112307672708e-05
1.349450702467988899e-05
1.488984540626891677e-05
1.524980425225114681e-05
1.524980425225114681e-05
2.211699757605689251e-05
2.211699757605689251e-05
1.419240768586806020e-05
1.419240768586806020e-05
2.793349878408258076e-05
1.387034028745416395e-05
1.387034028745416395e-05
1.466024814562810828e-05
1.491604408349385825e-05
1.491604408349385825e-05
2.368993962041144552e-05
1.557158999340150265e-05
1.531816726285359679e-05
1.531816726285359679e-05
2.569969906016098047e-05
1.758197593214653152e-05
1.758197593214653152e-05
2.047641792522235447e-05
1.663037926402577204e-05
1.663037926402577204e-05
3.180763306649768402e-05
2.121311473412363854e-05
1.838461274618457397e-05
1.074265134958495173e-05
1.074265134958495173e-05
2.702373812076471016e-05
1.472895466003983447e-05
1.032848863406247582e-05
1.032848863406247582e-05
1.268780861741319550e-05
1.268780861741319550e-05
1.769868620734524819e-05
1.293680565412095284e-05
1.293680565412095284e-05
3.367328551987498297e-05
3.261198135671770053e-05
2.990450373662587830e-05
1.163573557169570099e-05
2.139776085699342207e-05
1.378709282376253506e-05
1.378709282376253506e-05
1.073086429698993853e-05
1.073086429698993853e-05
2.883802181275128243e-05
1.025950098192888412e-05
1.025950098192888412e-05
1.818569607016603089e-05
1.061739344784278913e-05
1.061739344784278913e-05
1.622263179937912534e-05
1.622263179937912534e-05
1.395592000150584606e-05
1.395592000150584606e-05
1.690139871393055417e-05
1.646054513511175936e-05
1.646054513511175936e-05
1.873238983243602203e-05
1.758417994437949555e-05
1.758417994437949555e-05
1.675562943479815827e-05
1.675562943479815827e-05
3.250736546881007386e-05
3.241746368354162054e-05
1.933188449491655679e-05
1.933188449491655679e-05
1.778604538653137822e-05
1.778604538653137822e-05
2.986044221675839545e-05
1.278587932078399951e-05
1.278587932078399951e-05
2.948880846491394500e-05
2.948880846491394500e-05
1.806052629558216777e-05
1.267913579349959867e-05
1.267913579349959867e-05
1.403124393170198938e-05
2.681965903657170246e-05
1.593085507451372600e-05
3.014293421199835577e-05
3.295740743495508072e-05
3.461554615547005824e-05
2.289809901657358616e-05
2.289809901657358616e-05
1.191396938047987813e-05
1.191396938047987813e-05
3.033956617779292410e-05
1.897654283126445847e-05
1.964965242490487713e-05
1.040523479977610119e-05
1.040523479977610119e-05
1.046686138408262574e-05
2.107865793083186592e-05
1.064250368617695047e-05
1.064250368617695047e-05
1.920761286396843764e-05
2.013509903130438649e-05
2.013509903130438649e-05
1.391688438604750543e-05
1.675581635774560211e-05
1.675581635774560211e-05
2.474522603789561977e-05
2.474522603789561977e-05
2.624841680531681996e-05
2.624841680531681996e-05
2.888517708386347132e-05
1.632631836988561265e-05
1.569984516290221475e-05
1.590410401065691455e-05
1.590410401065691455e-05
2.659997293981923634e-05
1.598187300582270409e-05
1.464786823882382949e-05
1.464786823882382949e-05
1.781939290108888805e-05
1.915822415918163593e-05
2.474766975530586435e-05
1.805876945688610823e-05
2.255055362762215602e-05
1.666502206432978814e-05
1.666502206432978814e-05
2.143177767621657728e-05
2.143177767621657728e-05
2.256672096297719892e-05
2.078483913542873823e-05
2.078483913542873823e-05
1.030902106427912961e-05
1.030902106427912961e-05
2.440932363372113662e-05
2.403840584120960975e-05
2.403840584120960975e-05
1.551452063041029169e-05
1.551452063041029169e-05
1.513751751023371302e-05
1.513751751023371302e-05
1.938024554282448048e-05
1.528822566945575482e-05
1.528822566945575482e-05
1.286436095214020242e-05
2.207651295145691452e-05
2.207651295145691452e-05
2.374259290745618496e-05
2.311065522925822793e-05
2.311065522925822793e-05
2.616814550395178362e-05
1.823076924295689654e-05
1.026123299322718678e-05
1.026123299322718678e-05
2.925794780962420649e-05
2.661699137683903391e-05
2.438890511067983000e-05
2.438890511067983000e-05
2.785937878802518584e-05
2.204750047193245531e-05
2.204750047193245531e-05
2.598432304996192751e-05
1.062348613600876903e-05
1.062348613600876903e-05
1.967673382171842008e-05
1.967673382171842008e-05
1.590892088821923395e-05
1.590892088821923395e-05
2.471955826164026938e-05
1.497694711286585013e-05
1.497694711286585013e-05
3.132753484314497878e-05
1.860302584325756520e-05
1.860302584325756520e-05
2.397690875905703840e-05
2.397690875905703840e-05
2.172473011869388760e-05
2.172473011869388760e-05
3.333684273038237236e-05
1.070638530970525283e-05
1.070638530970525283e-05
1.849939779564846557e-05
1.389405863076477647e-05
1.389405863076477647e-05
2.217523821724506688e-05
1.770744715468546292e-05
1.770744715468546292e-05
2.739385002486311257e-05
1.691798626188814166e-05
1.691798626188814166e-05
2.982884735448612429e-05
2.760751075563999999e-05
2.187072814483448257e-05
2.187072814483448257e-05
2.331265281099391453e-05
2.436582279231195569e-05
3.356718701073041380e-05
2.473163223694815272e-05
1.573896059260265101e-05
1.573896059260265101e-05
2.089137457160936966e-05
1.827426300440452826e-05
1.827426300440452826e-05
1.236715953657673596e-05
1.289393942972457157e-05
3.382236818881547775e-05
1.950003536323572262e-05
1.950003536323572262e-05
2.795576612730469270e-05
2.795576612730469270e-05
1.829511203177352032e-05
1.829511203177352032e-05
2.512306014498124650e-05
2.512306014498124650e-05
1.219592322649353112e-05
1.876237153695572274e-05
2.072989955286110174e-05
1.605174387152919272e-05
1.008330693229772174e-05
1.008330693229772174e-05
1.971640862768461594e-05
1.381559689519352731e-05
1.381559689519352731e-05
2.874986149058605413e-05
1.393598148699001214e-05
1.393598148699001214e-05
1.730801354588982382e-05
1.676032941895368546e-05
1.676032941895368546e-05
2.186219056898674359e-05
1.015868690002776336e-05
1.015868690002776336e-05
1.340084819808442824e-05
1.340084819808442824e-05
1.206092261760248288e-05
1.908482984193282631e-05
1.604364655276216395e-05
1.604364655276216395e-05
1.139547873841540290e-05
1.139547873841540290e-05
2.121934037783978965e-05
3.252064095831880340e-05
2.172203232959093888e-05
2.172203232959093888e-05
1.654285126521866682e-05
1.654285126521866682e-05
1.893896014242713659e-05
3.205253095193118175e-05
3.205253095193118175e-05
1.552988216233886786e-05
1.377142843537163475e-05
1.308057954517779008e-05
1.308057954517779008e-05
1.643555506299808821e-05
2.227356155279620837e-05
2.227356155279620837e-05
2.802228048809633532e-05
2.088344408097095011e-05
1.053660820702280961e-05
1.037753951472002643e-05
1.037753951472002643e-05
2.179240955353489554e-05
1.263868859356034557e-05
1.263868859356034557e-05
2.782819663265659736e-05
2.782819663265659736e-05
2.828329980427464073e-05
2.828329980427464073e-05
2.485641929729733965e-05
2.485641929729733965e-05
2.704980911368725554e-05
1.439021706323119388e-05
1.439021706323119388e-05
1.954723066125912343e-05
1.468300169129833618e-05
1.468300169129833618e-05
2.058461659727153694e-05
2.844946005666144554e-05
1.172090776058797731e-05
1.172090776058797731e-05
2.961873917363657869e-05
2.198341197606286225e-05
1.743849562011481847e-05
1.743849562011481847e-05
1.982227638303022925e-05
1.700031298938572451e-05
1.236541096804517416e-05
1.236541096804517416e-05
1.444417005689308140e-05
1.444417005689308140e-05
1.578560422749097702e-05
2.744376176878827168e-05
3.212976963873331583e-05
3.017046394660094922e-05
2.967593565864221899e-05
1.811405117992174714e-05
1.811405117992174714e-05
1.453977965398826203e-05
1.453977965398826203e-05
3.131615146321663960e-05
1.631483373158491661e-05
1.173584124300303846e-05
1.173584124300303846e-05
2.823630139962812053e-05
1.032671533432872215e-05
1.032671533432872215e-05
1.988508983075276427e-05
1.988508983075276427e-05
1.350588740474400429e-05
1.350588740474400429e-05
2.731145746121256367e-05
2.529568726406273494e-05
2.529568726406273494e-05
2.788545956406191339e-05
1.807683541633188108e-05
3.040111800267636180e-05
1.403361644741191957e-05
1.403361644741191957e-05
2.322446306337635675e-05
1.894565898388407169e-05
1.894565898388407169e-05
1.921735402368507156e-05
2.382716042917549574e-05
2.382716042917549574e-05
1.513191858548038530e-05
2.240296103315892631e-05
2.240296103315892631e-05
1.732522002848538203e-05
1.353158326892030727e-05
1.353158326892030727e-05
1.282920097941677259e-05
1.279958413738226743e-05
1.279958413738226743e-05
2.037410999909843100e-05
2.030340820737971819e-05
1.814523284509868438e-05
1.803662763801642388e-05
1.623039022113340987e-05
1.623039022113340987e-05
1.072612673920123492e-05
1.072612673920123492e-05
1.162573009035554210e-05
1.162573009035554210e-05
1.226116546028012744e-05
1.538317437283966561e-05
1.538317437283966561e-05
2.187168573301827895e-05
2.187168573301827895e-05
1.394922547304496196e-05
1.394922547304496196e-05
1.227732762700630755e-05
1.227732762700630755e-05
1.184069917404678560e-05
1.184069917404678560e-05
1.694097317258762717e-05
1.694097317258762717e-05
1.136152501290006237e-05
1.136152501290006237e-05
1.756456523871659055e-05
2.419616118848353376e-05
2.419616118848353376e-05
2.729826153413379862e-05
1.331744267280402523e-05
1.331744267280402523e-05
1.432109470966243245e-05
1.067507700830118300e-05
1.067507700830118300e-05
1.572728287315184695e-05
2.004896544424211445e-05
1.525383130770269655e-05
1.412781445021630276e-05
1.412781445021630276e-05
1.237973195520996021e-05
1.237973195520996021e-05
2.149092969563560693e-05
2.149092969563560693e-05
1.509117077128842699e-05
1.234188511938431861e-05
1.234188511938431861e-05
1.918359570838172780e-05
1.918359570838172780e-05
1.614830169886541955e-05
1.614830169886541955e-05
2.415677820693184512e-05
2.291966113818220396e-05
1.029783489074861877e-05
1.029783489074861877e-05
1.796949207198451508e-05
1.796949207198451508e-05
2.625006447933384029e-05
2.085595030140368903e-05
1.392096722275937276e-05
1.392096722275937276e-05
1.825019686787010607e-05
1.601353518934148359e-05
1.534936545020624806e-05
1.534936545020624806e-05
2.110196442906392322e-05
1.911994880884841839e-05
1.907710159855675045e-05
1.535123768954589442e-05
1.535123768954589442e-05
1.385524489292020445e-05
1.385524489292020445e-05
1.715046934785564159e-05
1.715046934785564159e-05
2.763420644796575799e-05
1.339102016270806223e-05
1.339102016270806223e-05
2.229050520596935595e-05
2.306066004820845147e-05
1.326011402090720779e-05
1.326011402090720779e-05
2.007842702868058770e-05
1.297716099784165503e-05
1.297716099784165503e-05
1.644922770133531366e-05
2.177573454264436834e-05
2.947390375385813791e-05
2.947390375385813791e-05
1.011045221835354828e-05
1.011045221835354828e-05
1.491848166677614790e-05
1.491848166677614790e-05
1.249618125218889350e-05
1.249618125218889350e-05
2.037382910495780133e-05
2.645831499276401585e-05
2.645831499276401585e-05
1.746822953477590387e-05
1.728384838359022386e-05
1.549035046329161602e-05
1.549035046329161602e-05
3.182777086008359556e-05
1.312327706517442390e-05
1.890090022673438300e-05
1.890090022673438300e-05
2.986780529145435648e-05
3.157285260136077085e-05
3.125922198437048097e-05
2.080464795580127393e-05
2.080464795580127393e-05
1.150517929518913943e-05
1.150517929518913943e-05
1.670840581238321919e-05
1.670840581238321919e-05
2.533509496200094365e-05
2.533509496200094365e-05
3.340654642397585542e-05
2.502016469064296004e-05
2.502016469064296004e-05
2.113468663561162404e-05
1.100797472786571745e-05
1.100797472786571745e-05
1.498705221593056483e-05
1.498705221593056483e-05
1.322786359591342274e-05
1.322786359591342274e-05
2.291456424438324964e-05
3.467559397840503131e-05
1.394436674933341105e-05
1.394436674933341105e-05
2.036853388879281352e-05
1.891550597329272776e-05
1.428826235481649877e-05
1.428826235481649877e-05
1.637651838516221943e-05
1.637651838516221943e-05
1.144852417948408049e-05
1.144852417948408049e-05
2.740958635665053842e-05
1.329439151213874723e-05
1.329439151213874723e-05
1.388942015318154383e-05
3.239362250373552970e-05
2.858845674168695691e-05
2.858845674168695691e-05
1.614659843795854469e-05
1.614659843795854469e-05
1.046064242428824870e-05
1.046064242428824870e-05
1.358247573796239243e-05
1.906679739739378467e-05
1.978512769581820829e-05
2.777028396389851080e-05
2.125963319828642426e-05
2.125963319828642426e-05
1.279110853500415000e-05
1.279110853500415000e-05
1.680720364425289596e-05
2.793825775150855813e-05
2.452567669053281804e-05
1.611055138854881956e-05
1.611055138854881956e-05
1.762212788016760467e-05
1.762212788016760467e-05
1.347513832483594408e-05
1.347513832483594408e-05
2.420192343114451258e-05
1.079716794197585078e-05
1.079716794197585078e-05
1.481161832409669450e-05
2.625285085140498969e-05
1.075745463945597246e-05
1.033973237643885285e-05
1.030526706665622184e-05
1.010321141994147809e-05
1.010321141994147809e-05
1.105941186768214983e-05
1.783446063927549507e-05
1.783446063927549507e-05
1.832137620002476184e-05
2.119338068468129321e-05
3.086417806126873388e-05
2.746237517729836303e-05
2.216608171421629981e-05
2.216608171421629981e-05
1.088250483336820570e-05
1.088250483336820570e-05
1.323524723033177555e-05
1.323524723033177555e-05
1.537832652792156082e-05
1.537832652792156082e-05
1.592073532295511002e-05
3.296237059451179803e-05
2.231185255501287463e-05
2.231185255501287463e-05
1.499346794941833029e-05
1.216431521314207767e-05
1.216431521314207767e-05
1.267538632503658172e-05
1.267538632503658172e-05
2.931892188578148135e-05
1.145165351453631555e-05
1.351597160171397388e-05
1.947891453115205624e-05
1.710087539027826972e-05
1.710087539027826972e-05
1.710687956981363228e-05
1.710687956981363228e-05
3.213142169486504307e-05
2.808235810847305766e-05
2.301320920158778324e-05
2.301320920158778324e-05
1.176581578888216296e-05
1.176581578888216296e-05
1.275076787725730172e-05
1.275076787725730172e-05
1.576929535727108182e-05
2.959727435073103164e-05
1.669629236381898351e-05
1.669629236381898351e-05
2.887944019047427016e-05
2.827609490473374519e-05
2.465538931460308097e-05
1.312174128357759009e-05
1.312174128357759009e-05
1.211553636421412450e-05
1.211553636421412450e-05
1.762561438279187261e-05
2.475360627882321836e-05
1.518621082490908135e-05
1.203085973579530002e-05
1.203085973579530002e-05
1.667239359663707623e-05
2.293737161549130963e-05
1.508597148991270794e-05
1.508597148991270794e-05
2.387623051743959215e-05
2.387623051743959215e-05
2.519540117937854785e-05
2.519540117937854785e-05
1.637918940851737062e-05
1.637918940851737062e-05
1.729157226045527801e-05
1.013133308644224251e-05
1.013133308644224251e-05
1.111235736186156837e-05
1.111235736186156837e-05
1.551993281265415112e-05
1.351339656787998424e-05
1.351339656787998424e-05
1.674725301426254693e-05
1.487865768048928452e-05
2.768319846141616735e-05
2.768319846141616735e-05
1.513792114679033573e-05
1.513792114679033573e-05
1.593421091731551083e-05
3.206304408746088995e-05
3.401851988087126123e-05
2.254070226981082028e-05
1.965950349981427953e-05
1.965950349981427953e-05
1.585213867981842911e-05
1.585213867981842911e-05
2.601511514824817944e-05
2.140484036515888667e-05
1.253197114625633057e-05
1.253197114625633057e-05
2.172820263548470878e-05
3.327948059968840067e-05
2.480359696119847706e-05
2.480359696119847706e-05
1.769843619573636633e-05
2.349380425500024070e-05
1.061939934707945739e-05
1.061939934707945739e-05
1.268133528307785611e-05
1.268133528307785611e-05
1.096950490162214703e-05
1.096950490162214703e-05
1.599261670532169626e-05
1.301476475404794645e-05
2.100047740524503141e-05
2.087552064841791569e-05
2.087552064841791569e-05
1.686566664440023393e-05
1.686566664440023393e-05
2.184299657129162695e-05
2.948508281385240758e-05
2.146286135861051483e-05
2.146286135861051483e-05
2.641737628063557799e-05
1.512266637855984121e-05
1.512266637855984121e-05
3.095587402367825893e-05
2.026466501761331853e-05
2.026466501761331853e-05
2.068111660357438178e-05
2.068111660357438178e-05
2.298528689196421314e-05
1.335716561825336894e-05
1.335716561825336894e-05
1.563695159182043845e-05
1.607160781877059477e-05
1.595667182729199727e-05
1.595667182729199727e-05
2.727181820403347040e-05
1.448776948976766446e-05
1.448776948976766446e-05
1.466238836349074954e-05
1.466238836349074954e-05
2.224092440590639584e-05
1.959738326981915027e-05
1.132814261098842498e-05
1.132814261098842498e-05
1.727909341930268747e-05
1.034713896520502962e-05
1.034713896520502962e-05
2.673934486151114282e-05
1.976465557947273307e-05
1.785047780360858859e-05
1.618608350117127609e-05
1.390862965083332361e-05
1.390862965083332361e-05
1.801323887040935190e-05
2.186968155298949119e-05
2.186968155298949119e-05
2.504967851326042572e-05
1.771718551255277828e-05
1.771718551255277828e-05
1.416432537587309054e-05
1.416432537587309054e-05
1.929961441918624364e-05
1.926337807689656380e-05
1.765875852219298239e-05
1.765875852219298239e-05
1.007149307042630120e-05
1.007149307042630120e-05
1.039346065741476790e-05
1.644894050255362659e-05
1.485779569189922374e-05
1.485779569189922374e-05
2.928301608166865462e-05
1.009870665819786159e-05
2.280480658464441242e-05
2.872009706346529017e-05
2.246267530756476048e-05
1.561991613827118949e-05
1.495157161899059009e-05
2.901326780497394495e-05
1.422777091406337809e-05
1.220849535435024978e-05
1.355425119003817339e-05
1.933351900128673024e-05
1.009870665819786159e-05
2.104582936057489899e-05
2.085034983333234175e-05
2.531315167073470068e-05
2.282845606385976853e-05
1.729690170426581480e-05
2.502597383511359118e-05
2.786439458494224816e-05
2.304117880984083715e-05
1.355425119003817339e-05
1.798090222471362748e-05
1.226148373177268442e-05
1.751750141590508196e-05
1.284960904658874440e-05
2.544417446173292475e-05
1.117240798473124367e-05
2.565717870778479520e-05
2.368965389798107030e-05
3.013057992081863616e-05
1.497368849197029759e-05
3.142125756144332674e-05
1.798090222471362748e-05
1.226148373177268442e-05
1.739904267199196460e-05
1.284960904658874440e-05
1.813779094580621854e-05
1.117240798473124367e-05
1.981323109866466785e-05
1.233650936396625002e-05
3.048217489175169241e-05
1.377880049106408766e-05
1.960286121730498967e-05
1.879131598580219764e-05
2.886619228824642628e-05
1.739904267199196460e-05
3.065307109606849175e-05
1.628435335517648417e-05
1.412539744297871114e-05
1.981323109866466785e-05
1.233650936396625002e-05
2.475503407463555496e-05
1.098204418063467651e-05
1.892954396586340261e-05
1.199032725389909823e-05
1.763649795857044709e-05
1.826798279955329062e-05
2.934575740526487383e-05
1.099898021724942556e-05
2.073730446079094427e-05
1.787317179606719259e-05
2.336394872004536090e-05
1.865867875200081206e-05
1.098204418063467651e-05
1.892954396586340261e-05
1.199032725389909823e-05
1.763649795857044709e-05
1.826798279955329062e-05
2.513943910984390540e-05
1.099898021724942556e-05
2.073730446079094427e-05
1.655539152829874820e-05
1.752178272351767076e-05
1.063499455125264628e-05
1.107743390512485401e-05
1.605189688508817616e-05
2.393945471656608624e-05
2.413767549720417189e-05
2.043772859598166086e-05
1.731994940723771741e-05
1.160627651737060444e-05
2.494591619907432321e-05
1.655539152829874820e-05
1.752178272351767076e-05
1.063499455125264628e-05
1.757656401627585862e-05
1.605189688508817616e-05
2.299492464688448757e-05
2.413767549720417189e-05
2.187830618537624707e-05
1.170243183844874413e-05
1.160627651737060444e-05
2.954872796547868479e-05
1.849269609094658049e-05
2.237621577206134487e-05
1.092736033086019040e-05
1.876640978207831214e-05
1.795682013697376766e-05
1.749324681061407755e-05
2.280835383183872604e-05
2.683667313211800991e-05
1.170243183844874413e-05
1.126194175384993982e-05
1.844539717661698426e-05
1.270159431948630693e-05
1.447257021427725240e-05
1.092736033086019040e-05
1.876640978207831214e-05
1.546923372948842451e-05
1.566933358175023042e-05
1.267198960983922740e-05
2.861508101938900890e-05
2.174463233601235876e-05
2.416874811437499354e-05
1.369050480713244018e-05
1.037150061583069701e-05
2.612680316170603014e-05
1.121570015658513308e-05
1.621531269506922587e-05
2.356021290570010056e-05
1.566933358175023042e-05
1.953528837261579691e-05
2.772124565922387711e-05
1.371333628391146427e-05
2.071126847419740781e-05
2.333677212472506275e-05
1.037150061583069701e-05
2.099013094436474723e-05
1.415505369261333270e-05
2.267446573160116619e-05
2.403893400690921813e-05
1.225266836811096221e-05
2.460489571326688368e-05
2.412815884894510950e-05
1.371333628391146427e-05
1.495251643040672243e-05
2.090295638347085236e-05
1.261549361307132121e-05
1.093894189854193564e-05
1.076712100932365053e-05
2.132762500503082408e-05
2.862160192375169261e-05
1.225266836811096221e-05
1.962783998913716305e-05
1.420181993831546411e-05
2.473369279201518067e-05
1.495251643040672243e-05
2.090295638347085236e-05
1.739759405552092041e-05
1.093894189854193564e-05
1.076712100932365053e-05
2.132762500503082408e-05
1.052912977930387417e-05
2.393238515590991944e-05
1.440105333209234668e-05
1.420181993831546411e-05
2.282806769330612240e-05
2.210052225717064426e-05
2.956787045612427735e-05
1.437034737055297611e-05
1.036587187758124214e-05
2.952651543225703066e-05
2.539342190083921491e-05
1.052912977930387417e-05
2.042246017623442747e-05
1.291823777367407385e-05
1.846697832473347982e-05
1.236647601859131977e-05
2.210052225717064426e-05
1.192713511040095851e-05
1.437034737055297611e-05
1.036587187758124214e-05
1.734578888009418785e-05
2.639316856786493753e-05
2.141743838300430390e-05
1.878033757491020438e-05
1.233600942359417001e-05
1.846697832473347982e-05
1.236647601859131977e-05
1.983547781091287096e-05
1.192713511040095851e-05
1.514875645922430390e-05
1.643257218012508252e-05
1.734578888009418785e-05
2.639316856786493753e-05
2.269002270137396811e-05
1.878033757491020438e-05
1.233600942359417001e-05
3.033290209177007810e-05
2.962166795692365204e-05
1.792503905764469374e-05
3.161197984504881403e-05
1.775709267350296201e-05
1.063159863579542176e-05
1.122987894434320981e-05
1.461567095035662921e-05
1.172583354043134448e-05
1.643688558511356576e-05
1.532966413446619388e-05
2.144623779936024837e-05
1.325529473698986422e-05
1.792503905764469374e-05
2.008674601201663736e-05
1.061081612457909584e-05
1.063159863579542176e-05
1.122987894434320981e-05
1.461567095035662921e-05
1.172583354043134448e-05
1.643688558511356576e-05
3.111547152859626177e-05
2.144623779936024837e-05
1.325529473698986422e-05
1.306274953593549633e-05
1.944104796435200213e-05
1.061081612457909584e-05
2.278021615713661887e-05
1.685737047538489209e-05
1.750526528985031489e-05
1.889430857059157294e-05
2.568904631764071627e-05
2.030690193383501317e-05
1.462168874977280901e-05
1.686987828981921676e-05
2.423178499253220817e-05
1.150125513877048997e-05
2.768240773353591294e-05
1.571955833004912162e-05
1.305839802787511710e-05
1.920066702088647423e-05
3.006939840870615844e-05
2.568904631764071627e-05
1.483134330716152522e-05
1.116848067903487382e-05
1.686987828981921676e-05
2.502629727831274582e-05
3.069757939371427484e-05
2.768240773353591294e-05
1.658507912391892869e-05
1.305839802787511710e-05
1.366922035696816212e-05
1.284900771886730538e-05
1.930072255434585880e-05
1.483134330716152522e-05
1.116848067903487382e-05
2.595087703361566422e-05
1.023052754174697251e-05
2.358662596187289549e-05
1.844386617212957511e-05
2.497341122681685349e-05
3.327289589619376799e-05
1.366922035696816212e-05
1.284900771886730538e-05
1.930072255434585880e-05
1.147055920254617526e-05
1.802855078662398593e-05
1.325438851577281046e-05
1.023052754174697251e-05
2.358662596187289549e-05
1.761433388366548779e-05
2.460139681388170775e-05
3.196165446066655616e-05
1.960304622883921966e-05
1.990294480851491934e-05
2.613069364210082485e-05
1.141570507095265520e-05
1.743710242439804005e-05
1.325438851577281046e-05
1.217423522311543939e-05
2.959910717397469071e-05
1.761433388366548779e-05
2.460139681388170775e-05
1.444471871542743927e-05
1.206550728238731247e-05
2.205179924307146104e-05
2.322134698405313701e-05
1.141570507095265520e-05
1.511904035075489656e-05
2.678430824893406791e-05
1.472573632139088224e-05
1.104344531292401983e-05
2.286909374641780504e-05
2.893215100789034894e-05
1.444471871542743927e-05
1.162267456016523469e-05
1.863091974654642694e-05
1.051074922028737567e-05
2.740770679522490711e-05
1.511904035075489656e-05
1.358131277262954204e-05
2.749734961323129718e-05
1.104344531292401983e-05
1.641518917122490310e-05
2.275829461372110891e-05
2.376651960554536055e-05
1.162267456016523469e-05
1.863091974654642694e-05
1.051074922028737567e-05
1.243181235349699610e-05
1.519817745330377468e-05
1.358131277262954204e-05
2.377015160102370078e-05
1.144874515025136196e-05
1.641518917122490310e-05
1.461429341524064410e-05
2.538755292646350189e-05
1.366289198292003365e-05
2.123786943996689762e-05
2.503600940457013566e-05
1.243181235349699610e-05
1.721837201354937052e-05
2.033261638911424356e-05
2.338671790729305721e-05
1.856607813911315217e-05
1.323941942858149446e-05
1.461429341524064410e-05
2.538755292646350189e-05
2.531822954822633074e-05
2.291973194551103220e-05
1.544771090507106732e-05
2.262647793891151368e-05
1.024424942799214318e-05
1.564531816658586811e-05
1.330137818179967171e-05
1.856607813911315217e-05
1.323941942858149446e-05
2.452644767837260543e-05
1.218732631309762672e-05
1.292198598935994581e-05
2.927678138269635872e-05
2.101842643534502752e-05
1.217820892331280419e-05
1.893657995299711470e-05
2.890955894738995321e-05
1.093305022528347625e-05
2.344581084634934668e-05
2.193052002269834259e-05
1.250428469177329653e-05
2.416292489768319087e-05
2.191712426791653435e-05
2.391551731354598091e-05
1.803913956779767874e-05
1.169638277717250846e-05
1.093325592660681313e-05
2.397813259901204842e-05
1.093305022528347625e-05
1.669720464255229311e-05
1.589279891089991509e-05
1.048368654044567653e-05
1.379216060987447131e-05
1.084756282831403785e-05
2.834735094147083139e-05
1.803913956779767874e-05
1.169638277717250846e-05
1.093325592660681313e-05
1.632947865774849684e-05
1.402131748171369567e-05
1.669720464255229311e-05
1.589279891089991509e-05
1.048368654044567653e-05
1.379216060987447131e-05
1.084756282831403785e-05
2.106924133303627897e-05
1.901213275385146733e-05
2.629987121015274623e-05
2.030593521293637892e-05
1.632947865774849684e-05
1.591777191200400906e-05
1.339024430667673160e-05
2.678142262814077292e-05
2.317083053842687810e-05
2.961846451901183134e-05
2.074815257141429550e-05
2.106924133303627897e-05
2.343385063559073431e-05
1.626059832875435365e-05
1.147235028601934361e-05
1.229873212269118983e-05
1.435499857853615949e-05
1.339024430667673160e-05
2.877316629610466087e-05
2.317083053842687810e-05
2.440226780029967454e-05
1.727886074450871843e-05
2.629465929453038317e-05
2.343385063559073431e-05
1.626059832875435365e-05
1.147235028601934361e-05
1.229873212269118983e-05
1.435499857853615949e-05
2.098135876495687820e-05
3.027335562687762300e-05
2.787469889613313699e-05
1.021648178543227038e-05
1.720363952484526575e-05
2.629465929453038317e-05
2.107942717568367009e-05
1.432624308691508184e-05
1.286317780565658161e-05
2.994701490053074662e-05
2.622262878614032997e-05
2.254364995367488607e-05
1.714100520580411803e-05
2.591739571213477135e-05
1.021648178543227038e-05
1.720363952484526575e-05
2.905167004949687473e-05
2.107942717568367009e-05
1.262393530054219098e-05
1.286317780565658161e-05
2.613721656860437599e-05
1.382667035631646987e-05
1.004399122760898909e-05
1.714100520580411803e-05
2.591739571213477135e-05
1.685168973408677871e-05
1.697724017680313875e-05
1.301699103554944723e-05
2.201720662477141003e-05
1.262393530054219098e-05
2.276578270864787788e-05
1.609687739939526778e-05
1.382667035631646987e-05
1.004399122760898909e-05
1.689049084009402587e-05
3.019666333162728734e-05
1.685168973408677871e-05
1.697724017680313875e-05
1.301699103554944723e-05
1.366177398067037688e-05
2.972971969812940654e-05
3.273055614178773949e-05
1.609687739939526778e-05
1.987145741039683463e-05
1.768448546343661006e-05
1.689049084009402587e-05
1.590883488059444809e-05
1.224529097658063153e-05
1.486195435805094564e-05
2.539519688417791641e-05
2.084199172434621173e-05
2.727709874457774064e-05
1.033646396249394343e-05
1.659389488531355173e-05
2.198871750353131722e-05
1.074137351994320544e-05
1.028571317060165064e-05
1.458346376398751353e-05
1.049331148766550937e-05
2.495433770141184304e-05
1.095733510464591468e-05
2.030334438409851430e-05
1.095680497255489096e-05
1.033646396249394343e-05
1.204786355754621442e-05
2.198871750353131722e-05
1.074137351994320544e-05
1.028571317060165064e-05
1.829610000586234811e-05
1.153577696513236746e-05
2.002191711587903897e-05
1.717226745844268928e-05
2.030334438409851430e-05
1.095680497255489096e-05
1.202106009477014042e-05
1.204786355754621442e-05
3.023418334553836586e-05
3.001735007212494508e-05
1.042274528386768722e-05
3.027844099380402529e-05
2.339883834722787282e-05
2.002191711587903897e-05
1.717226745844268928e-05
2.599072871238906256e-05
1.012890870084792606e-05
1.061846958539048744e-05
1.571889034289789588e-05
1.428982548905533454e-05
2.734826684221640353e-05
1.550364983451595766e-05
1.137764801954220436e-05
2.339883834722787282e-05
1.739546816413987634e-05
1.807040338938261509e-05
2.599072871238906256e-05
1.012890870084792606e-05
1.061846958539048744e-05
1.260035162776772659e-05
1.428982548905533454e-05
1.232119112718227850e-05
1.713164057804530868e-05
1.137764801954220436e-05
1.013226272923456647e-05
1.225402922112551241e-05
1.140459952279850791e-05
3.210814158416080939e-05
1.487336661957716816e-05
1.868491262864034600e-05
1.260035162776772659e-05
2.004454631186222032e-05
1.232119112718227850e-05
2.262109516154246346e-05
2.278039196528445739e-05
1.013226272923456647e-05
1.225402922112551241e-05
1.140459952279850791e-05
3.210814158416080939e-05
1.010559783771016932e-05
1.183759701516900323e-05
1.330728409888405101e-05
3.333370790207545363e-05
1.757324215606555080e-05
1.533282627950757190e-05
1.639156381288813387e-05
1.239800166985949084e-05
1.836991829187166768e-05
1.283132836043473525e-05
2.620524838103975243e-05
1.010559783771016932e-05
1.183759701516900323e-05
1.330728409888405101e-05
3.161912416957444685e-05
1.757324215606555080e-05
1.533282627950757190e-05
1.639156381288813387e-05
1.239800166985949084e-05
2.004494707497740192e-05
1.930921448530785206e-05
2.381495075998249516e-05
1.201159043392977942e-05
1.568597284879569260e-05
1.702303667333016735e-05
2.856118965786000048e-05
1.747067991631706546e-05
2.886231187270659707e-05
1.565900345047099176e-05
1.011019112307672708e-05
1.349450702467988899e-05
1.739409255600397146e-05
1.488984540626891677e-05
1.201159043392977942e-05
1.524980425225114681e-05
1.702303667333016735e-05
2.211699757605689251e-05
1.747067991631706546e-05
1.419240768586806020e-05
1.565900345047099176e-05
1.011019112307672708e-05
1.349450702467988899e-05
1.739409255600397146e-05
1.466024814562810828e-05
3.034645713084974518e-05
1.491604408349385825e-05
3.403251672779289405e-05
2.368993962041144552e-05
1.557158999340150265e-05
1.531816726285359679e-05
1.074265134958495173e-05
2.583190322874878329e-05
1.758197593214653152e-05
1.472895466003983447e-05
1.112613873742932743e-05
1.032848863406247582e-05
1.663037926402577204e-05
1.268780861741319550e-05
1.774894098261719757e-05
1.769868620734524819e-05
1.293680565412095284e-05
1.074265134958495173e-05
3.443476373089010345e-05
2.702373812076471016e-05
1.472895466003983447e-05
1.112613873742932743e-05
1.032848863406247582e-05
2.139776085699342207e-05
1.268780861741319550e-05
1.774894098261719757e-05
1.073086429698993853e-05
1.293680565412095284e-05
3.224332365225383791e-05
1.025950098192888412e-05
1.818569607016603089e-05
2.990450373662587830e-05
1.163573557169570099e-05
1.061739344784278913e-05
2.139776085699342207e-05
1.378709282376253506e-05
1.622991489072831095e-05
1.073086429698993853e-05
1.690139871393055417e-05
2.071775863934168682e-05
1.025950098192888412e-05
1.818569607016603089e-05
1.873238983243602203e-05
1.281493984901047773e-05
1.061739344784278913e-05
1.787818215384775477e-05
1.622263179937912534e-05
1.622991489072831095e-05
1.395592000150584606e-05
1.690139871393055417e-05
1.933188449491655679e-05
1.646054513511175936e-05
1.778604538653137822e-05
1.873238983243602203e-05
1.832589451093314734e-05
1.758417994437949555e-05
1.278587932078399951e-05
1.675562943479815827e-05
2.948880846491394500e-05
3.212700387744095649e-05
1.806052629558216777e-05
1.267913579349959867e-05
1.403124393170198938e-05
1.778604538653137822e-05
2.785374733386399848e-05
1.593085507451372600e-05
2.986044221675839545e-05
1.278587932078399951e-05
3.028995359083246831e-05
2.948880846491394500e-05
2.289809901657358616e-05
1.806052629558216777e-05
1.191396938047987813e-05
1.403124393170198938e-05
2.681965903657170246e-05
1.897654283126445847e-05
1.593085507451372600e-05
1.964965242490487713e-05
1.040523479977610119e-05
1.046686138408262574e-05
2.360348858405386148e-05
2.107865793083186592e-05
1.064250368617695047e-05
1.191396938047987813e-05
2.050801269777256921e-05
2.013509903130438649e-05
1.897654283126445847e-05
1.391688438604750543e-05
1.964965242490487713e-05
1.040523479977610119e-05
1.046686138408262574e-05
2.360348858405386148e-05
2.107865793083186592e-05
1.064250368617695047e-05
1.920761286396843764e-05
2.050801269777256921e-05
1.632631836988561265e-05
1.569984516290221475e-05
1.391688438604750543e-05
1.590410401065691455e-05
1.675581635774560211e-05
2.659997293981923634e-05
1.598187300582270409e-05
1.464786823882382949e-05
1.781939290108888805e-05
1.915822415918163593e-05
2.474766975530586435e-05
1.632631836988561265e-05
1.569984516290221475e-05
2.255055362762215602e-05
2.459577663244049100e-05
1.666502206432978814e-05
2.508979240403172380e-05
1.551452063041029169e-05
2.625578430980912736e-05
1.513751751023371302e-05
2.078483913542873823e-05
1.938024554282448048e-05
1.030902106427912961e-05
1.200735937638317868e-05
1.286436095214020242e-05
2.932626735702190425e-05
2.207651295145691452e-05
2.508979240403172380e-05
1.551452063041029169e-05
2.311065522925822793e-05
1.513751751023371302e-05
2.616814550395178362e-05
1.823076924295689654e-05
1.026123299322718678e-05
1.342738520600985299e-05
1.286436095214020242e-05
2.932626735702190425e-05
2.207651295145691452e-05
2.438890511067983000e-05
2.374259290745618496e-05
2.311065522925822793e-05
2.204750047193245531e-05
2.616814550395178362e-05
1.823076924295689654e-05
1.026123299322718678e-05
1.342738520600985299e-05
2.865871793368240223e-05
1.967673382171842008e-05
2.465802455041024132e-05
1.590892088821923395e-05
3.271120263379236715e-05
2.471955826164026938e-05
1.497694711286585013e-05
2.768474724774782443e-05
2.598432304996192751e-05
1.062348613600876903e-05
2.642602595967077784e-05
2.865871793368240223e-05
1.967673382171842008e-05
2.465802455041024132e-05
1.590892088821923395e-05
3.471575529757569238e-05
2.471955826164026938e-05
1.070638530970525283e-05
2.120982349723847174e-05
1.849939779564846557e-05
1.389405863076477647e-05
1.739111734162017840e-05
2.793125485161349362e-05
2.217523821724506688e-05
1.770744715468546292e-05
2.172473011869388760e-05
2.739385002486311257e-05
1.691798626188814166e-05
1.070638530970525283e-05
2.120982349723847174e-05
1.849939779564846557e-05
1.389405863076477647e-05
1.739111734162017840e-05
2.331265281099391453e-05
2.217523821724506688e-05
1.770744715468546292e-05
3.299871745659067705e-05
2.473163223694815272e-05
1.573896059260265101e-05
2.238387172980855599e-05
2.089137457160936966e-05
1.827426300440452826e-05
2.187072814483448257e-05
1.236715953657673596e-05
1.289393942972457157e-05
2.436582279231195569e-05
3.382236818881547775e-05
1.950003536323572262e-05
2.473163223694815272e-05
1.573896059260265101e-05
2.238387172980855599e-05
1.829511203177352032e-05
1.827426300440452826e-05
2.509375167558236175e-05
1.236715953657673596e-05
1.219592322649353112e-05
1.876237153695572274e-05
2.072989955286110174e-05
1.950003536323572262e-05
1.605174387152919272e-05
1.008330693229772174e-05
1.971640862768461594e-05
1.829511203177352032e-05
1.381559689519352731e-05
2.512306014498124650e-05
3.104534955946857501e-05
1.219592322649353112e-05
1.393598148699001214e-05
1.857638339291168658e-05
1.730801354588982382e-05
1.605174387152919272e-05
1.008330693229772174e-05
1.971640862768461594e-05
1.015868690002776336e-05
1.381559689519352731e-05
1.340084819808442824e-05
2.906105093688282962e-05
1.206092261760248288e-05
1.654285126521866682e-05
1.893896014242713659e-05
1.604364655276216395e-05
2.896563707597870342e-05
1.139547873841540290e-05
1.552988216233886786e-05
1.377142843537163475e-05
1.308057954517779008e-05
2.172203232959093888e-05
1.643555506299808821e-05
2.669728579636361081e-05
1.654285126521866682e-05
1.893896014242713659e-05
3.319047497272059757e-05
2.088344408097095011e-05
1.053660820702280961e-05
1.037753951472002643e-05
1.377142843537163475e-05
1.308057954517779008e-05
1.263868859356034557e-05
1.549143924584232978e-05
2.837343678982211963e-05
2.227356155279620837e-05
2.802228048809633532e-05
2.828329980427464073e-05
2.088344408097095011e-05
1.053660820702280961e-05
1.037753951472002643e-05
2.179240955353489554e-05
1.439021706323119388e-05
1.263868859356034557e-05
1.549143924584232978e-05
1.967855694659759216e-05
1.468300169129833618e-05
2.058461659727153694e-05
2.828329980427464073e-05
3.100116050152584434e-05
1.172090776058797731e-05
2.704980911368725554e-05
2.777037954871071490e-05
1.439021706323119388e-05
1.743849562011481847e-05
1.996939694736802291e-05
1.967855694659759216e-05
1.468300169129833618e-05
1.700031298938572451e-05
1.236541096804517416e-05
2.261273915439978926e-05
1.172090776058797731e-05
1.578560422749097702e-05
2.744376176878827168e-05
2.198341197606286225e-05
1.743849562011481847e-05
2.208233802566207025e-05
1.982227638303022925e-05
3.028842869497851161e-05
1.700031298938572451e-05
1.236541096804517416e-05
1.453977965398826203e-05
1.444417005689308140e-05
1.578560422749097702e-05
1.631483373158491661e-05
1.173584124300303846e-05
2.823630139962812053e-05
3.017046394660094922e-05
2.967593565864221899e-05
1.032671533432872215e-05
1.811405117992174714e-05
1.988508983075276427e-05
1.453977965398826203e-05
1.350588740474400429e-05
2.903096232549971469e-05
1.631483373158491661e-05
1.173584124300303846e-05
2.823630139962812053e-05
2.788545956406191339e-05
1.807683541633188108e-05
1.032671533432872215e-05
2.077202753464495424e-05
1.403361644741191957e-05
2.053531062026998975e-05
1.350588740474400429e-05
1.894565898388407169e-05
1.921735402368507156e-05
2.529568726406273494e-05
2.382716042917549574e-05
2.556863985172652738e-05
1.513191858548038530e-05
2.607966397031185625e-05
2.240296103315892631e-05
1.403361644741191957e-05
1.732522002848538203e-05
1.353158326892030727e-05
1.894565898388407169e-05
1.282920097941677259e-05
1.279958413738226743e-05
2.147281514503851865e-05
2.037410999909843100e-05
1.513191858548038530e-05
2.030340820737971819e-05
1.814523284509868438e-05
1.803662763801642388e-05
1.623039022113340987e-05
1.353158326892030727e-05
1.072612673920123492e-05
1.282920097941677259e-05
1.162573009035554210e-05
1.600482312448872963e-05
1.226116546028012744e-05
2.692481962608973123e-05
1.538317437283966561e-05
1.776167922559276387e-05
1.136152501290006237e-05
1.756456523871659055e-05
1.394922547304496196e-05
2.203084304298232117e-05
1.227732762700630755e-05
1.441144218687028498e-05
1.184069917404678560e-05
1.400918046465278111e-05
1.977388906504680126e-05
1.432109470966243245e-05
1.067507700830118300e-05
1.136152501290006237e-05
1.756456523871659055e-05
2.288971819010914328e-05
1.525383130770269655e-05
1.412781445021630276e-05
2.724869963119820796e-05
1.237973195520996021e-05
1.400918046465278111e-05
1.977388906504680126e-05
1.432109470966243245e-05
1.067507700830118300e-05
1.509117077128842699e-05
1.234188511938431861e-05
2.288971819010914328e-05
1.525383130770269655e-05
1.412781445021630276e-05
1.614830169886541955e-05
1.237973195520996021e-05
1.870824799629563305e-05
2.291966113818220396e-05
2.149092969563560693e-05
1.029783489074861877e-05
1.509117077128842699e-05
1.234188511938431861e-05
2.625006447933384029e-05
1.918359570838172780e-05
2.085595030140368903e-05
1.392096722275937276e-05
2.193399760748375479e-05
1.825019686787010607e-05
1.601353518934148359e-05
2.519893275238175993e-05
1.029783489074861877e-05
2.209208132320936442e-05
1.796949207198451508e-05
1.911994880884841839e-05
1.907710159855675045e-05
1.535123768954589442e-05
1.392096722275937276e-05
1.385524489292020445e-05
1.825019686787010607e-05
1.601353518934148359e-05
1.715046934785564159e-05
1.534936545020624806e-05
2.209208132320936442e-05
1.339102016270806223e-05
1.911994880884841839e-05
1.907710159855675045e-05
1.535123768954589442e-05
1.326011402090720779e-05
1.385524489292020445e-05
2.030988072393712061e-05
2.077046639736358338e-05
1.297716099784165503e-05
1.644922770133531366e-05
2.177573454264436834e-05
1.339102016270806223e-05
2.229050520596935595e-05
2.643871602480369484e-05
1.011045221835354828e-05
1.326011402090720779e-05
1.491848166677614790e-05
2.030988072393712061e-05
1.289347191858828670e-05
1.249618125218889350e-05
1.644922770133531366e-05
2.177573454264436834e-05
2.645831499276401585e-05
2.947390375385813791e-05
1.746822953477590387e-05
1.011045221835354828e-05
1.549035046329161602e-05
1.491848166677614790e-05
3.303279479252782400e-05
1.289347191858828670e-05
1.249618125218889350e-05
1.890090022673438300e-05
2.986780529145435648e-05
2.645831499276401585e-05
3.101405106982002227e-05
1.746822953477590387e-05
1.728384838359022386e-05
1.549035046329161602e-05
1.150517929518913943e-05
1.617654509727959927e-05
1.312327706517442390e-05
1.670840581238321919e-05
1.890090022673438300e-05
2.533509496200094365e-05
3.218579266972931125e-05
3.157285260136077085e-05
2.502016469064296004e-05
2.080464795580127393e-05
2.113468663561162404e-05
1.100797472786571745e-05
1.135793021203890680e-05
1.863918686754959065e-05
1.428826235481649877e-05
2.212343226605208296e-05
1.322786359591342274e-05
2.291456424438324964e-05
1.144852417948408049e-05
2.740958635665053842e-05
1.394436674933341105e-05
1.329439151213874723e-05
1.388942015318154383e-05
1.891550597329272776e-05
2.642154282340815745e-05
1.428826235481649877e-05
2.212343226605208296e-05
1.637651838516221943e-05
1.614659843795854469e-05
1.144852417948408049e-05
1.046064242428824870e-05
1.358247573796239243e-05
1.329439151213874723e-05
1.388942015318154383e-05
2.086717715160216641e-05
3.120703096883085384e-05
2.777028396389851080e-05
2.125963319828642426e-05
2.840119440365916379e-05
1.279110853500415000e-05
1.680720364425289596e-05
1.046064242428824870e-05
1.358247573796239243e-05
1.906679739739378467e-05
1.611055138854881956e-05
2.086717715160216641e-05
3.120703096883085384e-05
1.762212788016760467e-05
2.125963319828642426e-05
1.347513832483594408e-05
1.279110853500415000e-05
1.680720364425289596e-05
1.079716794197585078e-05
1.481161832409669450e-05
2.452567669053281804e-05
1.611055138854881956e-05
1.075745463945597246e-05
3.232749670430051033e-05
1.033973237643885285e-05
1.030526706665622184e-05
1.010321141994147809e-05
1.105941186768214983e-05
1.965697276970204612e-05
1.079716794197585078e-05
1.481161832409669450e-05
2.119338068468129321e-05
2.625285085140498969e-05
1.075745463945597246e-05
3.029750459185327755e-05
1.033973237643885285e-05
1.030526706665622184e-05
1.010321141994147809e-05
1.088250483336820570e-05
1.594580162912251543e-05
1.323524723033177555e-05
1.832137620002476184e-05
1.537832652792156082e-05
3.063834953988151612e-05
1.592073532295511002e-05
3.029750459185327755e-05
2.746237517729836303e-05
2.216608171421629981e-05
2.406573174720214600e-05
1.088250483336820570e-05
1.216431521314207767e-05
1.323524723033177555e-05
1.267538632503658172e-05
1.537832652792156082e-05
2.931892188578148135e-05
1.145165351453631555e-05
1.351597160171397388e-05
2.592485007422033668e-05
1.947891453115205624e-05
1.710087539027826972e-05
1.499346794941833029e-05
1.216431521314207767e-05
2.822672165517694834e-05
1.267538632503658172e-05
2.808235810847305766e-05
2.301320920158778324e-05
1.145165351453631555e-05
1.351597160171397388e-05
1.176581578888216296e-05
1.310120336739918298e-05
1.275076787725730172e-05
1.576929535727108182e-05
1.710687956981363228e-05
2.959727435073103164e-05
1.669629236381898351e-05
2.808235810847305766e-05
2.301320920158778324e-05
2.827609490473374519e-05
2.465538931460308097e-05
1.176581578888216296e-05
1.310120336739918298e-05
1.275076787725730172e-05
1.211553636421412450e-05
1.762561438279187261e-05
2.475360627882321836e-05
1.669629236381898351e-05
1.518621082490908135e-05
1.203085973579530002e-05
2.629991864059104289e-05
1.667239359663707623e-05
2.198673567547049614e-05
1.013133308644224251e-05
1.508597148991270794e-05
1.111235736186156837e-05
1.551993281265415112e-05
2.097599780595874302e-05
1.351339656787998424e-05
2.795870270565956978e-05
1.637918940851737062e-05
1.487865768048928452e-05
1.729157226045527801e-05
2.198673567547049614e-05
1.013133308644224251e-05
1.513792114679033573e-05
1.111235736186156837e-05
1.551993281265415112e-05
2.097599780595874302e-05
1.351339656787998424e-05
2.254070226981082028e-05
1.674725301426254693e-05
1.487865768048928452e-05
2.892088278855123483e-05
1.585213867981842911e-05
2.944691233349891831e-05
1.513792114679033573e-05
1.593421091731551083e-05
1.253197114625633057e-05
2.172820263548470878e-05
3.329815479674592249e-05
2.254070226981082028e-05
1.965950349981427953e-05
2.011425075842063079e-05
1.769843619573636633e-05
1.585213867981842911e-05
2.492730712693701833e-05
1.061939934707945739e-05
1.457910069395291013e-05
1.253197114625633057e-05
2.172820263548470878e-05
1.096950490162214703e-05
3.327948059968840067e-05
1.599261670532169626e-05
1.301476475404794645e-05
1.769843619573636633e-05
2.349380425500024070e-05
2.087552064841791569e-05
1.061939934707945739e-05
1.457910069395291013e-05
1.268133528307785611e-05
2.948508281385240758e-05
1.096950490162214703e-05
2.146286135861051483e-05
1.599261670532169626e-05
1.301476475404794645e-05
2.100047740524503141e-05
1.512266637855984121e-05
2.087552064841791569e-05
3.095587402367825893e-05
1.686566664440023393e-05
2.184299657129162695e-05
2.068111660357438178e-05
2.447557617172161954e-05
2.146286135861051483e-05
1.335716561825336894e-05
2.928562736067413379e-05
1.563695159182043845e-05
1.512266637855984121e-05
1.607160781877059477e-05
1.595667182729199727e-05
2.026466501761331853e-05
2.656998409247061493e-05
1.448776948976766446e-05
2.127930394927736893e-05
1.466238836349074954e-05
1.335716561825336894e-05
2.224092440590639584e-05
1.563695159182043845e-05
1.959738326981915027e-05
1.132814261098842498e-05
1.595667182729199727e-05
2.727181820403347040e-05
1.034713896520502962e-05
1.448776948976766446e-05
2.127930394927736893e-05
1.466238836349074954e-05
1.785047780360858859e-05
1.618608350117127609e-05
1.986553332229946020e-05
1.390862965083332361e-05
1.132814261098842498e-05
1.727909341930268747e-05
2.186968155298949119e-05
1.034713896520502962e-05
2.673934486151114282e-05
1.771718551255277828e-05
1.976465557947273307e-05
1.416432537587309054e-05
1.618608350117127609e-05
1.986553332229946020e-05
1.390862965083332361e-05
1.801323887040935190e-05
1.765875852219298239e-05
2.055658012924021353e-05
1.007149307042630120e-05
1.039346065741476790e-05
1.644894050255362659e-05
2.296966970531847356e-05
1.416432537587309054e-05
2.213382682873495108e-05
2.881240425546506548e-05
1.051879873398503785e-05
2.584120587315687944e-05
2.174463233601235876e-05
2.246267530756476048e-05
1.369050480713244018e-05
1.460087055232877261e-05
2.612680316170603014e-05
1.121570015658513308e-05
1.220849535435024978e-05
2.356021290570010056e-05
1.566933358175023042e-05
1.009870665819786159e-05
2.280480658464441242e-05
3.031552404130283119e-05
2.416874811437499354e-05
2.333677212472506275e-05
1.037150061583069701e-05
3.294435306282356022e-05
2.432572260082962781e-05
2.356360920028151344e-05
1.355425119003817339e-05
1.933351900128673024e-05
2.460489571326688368e-05
2.104582936057489899e-05
1.371333628391146427e-05
2.071126847419740781e-05
2.282845606385976853e-05
1.261549361307132121e-05
2.099013094436474723e-05
1.415505369261333270e-05
2.267446573160116619e-05
3.047589660340530902e-05
1.225266836811096221e-05
1.226148373177268442e-05
1.751750141590508196e-05
1.284960904658874440e-05
1.495251643040672243e-05
1.117240798473124367e-05
1.739759405552092041e-05
1.093894189854193564e-05
1.076712100932365053e-05
1.497368849197029759e-05
2.862160192375169261e-05
1.879131598580219764e-05
1.962783998913716305e-05
1.420181993831546411e-05
3.095653301759231638e-05
1.813779094580621854e-05
1.412539744297871114e-05
1.981323109866466785e-05
1.233650936396625002e-05
2.952651543225703066e-05
1.377880049106408766e-05
1.052912977930387417e-05
2.876161526218727193e-05
1.440105333209234668e-05
2.140761367736960217e-05
2.282806769330612240e-05
1.628435335517648417e-05
2.493429120577210403e-05
1.437034737055297611e-05
1.036587187758124214e-05
2.475503407463555496e-05
1.098204418063467651e-05
1.892954396586340261e-05
1.199032725389909823e-05
1.291823777367407385e-05
1.826798279955329062e-05
1.236647601859131977e-05
1.099898021724942556e-05
1.192713511040095851e-05
1.514875645922430390e-05
2.434440578628003485e-05
1.734578888009418785e-05
1.107743390512485401e-05
3.008920869358046906e-05
1.878033757491020438e-05
1.233600942359417001e-05
2.043772859598166086e-05
2.513943910984390540e-05
1.983547781091287096e-05
2.494591619907432321e-05
1.655539152829874820e-05
1.643257218012508252e-05
1.063499455125264628e-05
1.757656401627585862e-05
1.605189688508817616e-05
2.393945471656608624e-05
1.532966413446619388e-05
2.187830618537624707e-05
1.731994940723771741e-05
1.160627651737060444e-05
3.163881545568206232e-05
1.775709267350296201e-05
1.063159863579542176e-05
1.122987894434320981e-05
1.461567095035662921e-05
1.172583354043134448e-05
1.643688558511356576e-05
2.445341074706166957e-05
2.144623779936024837e-05
1.170243183844874413e-05
2.161327019448330123e-05
2.008674601201663736e-05
1.061081612457909584e-05
2.465054950132937684e-05
1.092736033086019040e-05
1.876640978207831214e-05
1.889430857059157294e-05
1.749324681061407755e-05
2.280835383183872604e-05
2.345368792849895646e-05
1.397984333445233702e-05
1.126194175384993982e-05
1.844539717661698426e-05
1.270159431948630693e-05
1.447257021427725240e-05
3.214567740419261969e-05
1.750526528985031489e-05
1.546923372948842451e-05
2.881240425546506548e-05
1.267198960983922740e-05
1.462168874977280901e-05
2.174463233601235876e-05
2.423178499253220817e-05
1.150125513877048997e-05
1.460087055232877261e-05
1.571955833004912162e-05
1.121570015658513308e-05
1.621531269506922587e-05
2.356021290570010056e-05
1.566933358175023042e-05
1.953528837261579691e-05
1.720632846980540948e-05
1.686987828981921676e-05
2.416874811437499354e-05
2.333677212472506275e-05
1.037150061583069701e-05
1.658507912391892869e-05
1.305839802787511710e-05
2.146810572974657425e-05
2.403893400690921813e-05
2.701435936111111583e-05
1.483134330716152522e-05
1.116848067903487382e-05
1.371333628391146427e-05
2.071126847419740781e-05
2.734725165856028738e-05
1.261549361307132121e-05
2.099013094436474723e-05
1.415505369261333270e-05
1.366922035696816212e-05
1.284900771886730538e-05
1.225266836811096221e-05
2.916400316427266397e-05
1.802855078662398593e-05
2.473369279201518067e-05
1.023052754174697251e-05
2.090295638347085236e-05
1.739759405552092041e-05
1.093894189854193564e-05
1.076712100932365053e-05
1.960304622883921966e-05
1.990294480851491934e-05
2.393238515590991944e-05
1.147055920254617526e-05
1.420181993831546411e-05
1.325438851577281046e-05
1.217423522311543939e-05
2.956787045612427735e-05
1.761433388366548779e-05
2.460139681388170775e-05
2.952651543225703066e-05
2.539342190083921491e-05
1.052912977930387417e-05
2.613069364210082485e-05
1.141570507095265520e-05
1.743710242439804005e-05
2.282806769330612240e-05
1.472573632139088224e-05
3.007518841792244119e-05
1.437034737055297611e-05
1.036587187758124214e-05
1.444471871542743927e-05
1.206550728238731247e-05
2.141743838300430390e-05
2.042246017623442747e-05
1.291823777367407385e-05
1.511904035075489656e-05
1.236647601859131977e-05
2.789577181878283871e-05
1.104344531292401983e-05
1.514875645922430390e-05
2.434440578628003485e-05
1.734578888009418785e-05
1.162267456016523469e-05
1.863091974654642694e-05
1.051074922028737567e-05
1.233600942359417001e-05
1.519817745330377468e-05
1.358131277262954204e-05
1.983547781091287096e-05
1.144874515025136196e-05
1.641518917122490310e-05
1.643257218012508252e-05
3.073504799568087834e-05
1.366289198292003365e-05
2.123786943996689762e-05
2.503600940457013566e-05
1.243181235349699610e-05
1.721837201354937052e-05
2.801999754768515216e-05
1.792503905764469374e-05
3.096442537634715994e-05
1.775709267350296201e-05
1.063159863579542176e-05
1.122987894434320981e-05
1.461567095035662921e-05
1.172583354043134448e-05
1.643688558511356576e-05
2.262647793891151368e-05
2.144623779936024837e-05
1.325529473698986422e-05
2.338671790729305721e-05
1.856607813911315217e-05
1.061081612457909584e-05
2.657054378499970002e-05
1.685737047538489209e-05
2.531822954822633074e-05
1.889430857059157294e-05
1.544771090507106732e-05
3.111547152859626177e-05
1.024424942799214318e-05
1.564531816658586811e-05
1.306274953593549633e-05
1.944104796435200213e-05
2.071868322822605031e-05
2.278021615713661887e-05
1.218732631309762672e-05
1.292198598935994581e-05
1.991104697196125942e-05
2.831988171991304558e-05
1.217820892331280419e-05
1.462168874977280901e-05
2.933029054380653492e-05
1.328679004029390166e-05
1.150125513877048997e-05
2.886808915567370750e-05
1.571955833004912162e-05
2.416292489768319087e-05
1.920066702088647423e-05
2.391551731354598091e-05
2.101842643534502752e-05
2.734343410654778940e-05
1.720632846980540948e-05
1.686987828981921676e-05
1.093305022528347625e-05
2.697088492232453276e-05
2.193052002269834259e-05
1.250428469177329653e-05
1.305839802787511710e-05
2.146810572974657425e-05
2.834735094147083139e-05
1.803913956779767874e-05
1.169638277717250846e-05
1.093325592660681313e-05
2.397813259901204842e-05
1.402131748171369567e-05
1.669720464255229311e-05
1.589279891089991509e-05
1.048368654044567653e-05
1.379216060987447131e-05
1.084756282831403785e-05
1.284900771886730538e-05
1.901213275385146733e-05
2.916400316427266397e-05
1.802855078662398593e-05
1.632947865774849684e-05
1.023052754174697251e-05
2.358662596187289549e-05
1.844386617212957511e-05
2.765827213001665296e-05
3.132888532976002620e-05
1.960304622883921966e-05
1.990294480851491934e-05
2.384371103138758870e-05
1.147055920254617526e-05
2.013448221073922147e-05
1.325438851577281046e-05
1.217423522311543939e-05
1.339024430667673160e-05
1.761433388366548779e-05
2.317083053842687810e-05
2.961846451901183134e-05
2.074815257141429550e-05
2.502385518114190531e-05
2.343385063559073431e-05
1.141570507095265520e-05
1.147235028601934361e-05
1.229873212269118983e-05
1.435499857853615949e-05
2.098135876495687820e-05
2.286909374641780504e-05
2.893215100789034894e-05
1.444471871542743927e-05
1.206550728238731247e-05
2.205179924307146104e-05
2.322134698405313701e-05
2.258936849293324961e-05
1.511904035075489656e-05
2.678430824893406791e-05
2.983173313316049241e-05
1.104344531292401983e-05
3.408393764303724760e-05
2.787469889613313699e-05
1.021648178543227038e-05
1.162267456016523469e-05
1.863091974654642694e-05
1.051074922028737567e-05
1.432624308691508184e-05
1.286317780565658161e-05
1.358131277262954204e-05
2.622262878614032997e-05
1.144874515025136196e-05
1.641518917122490310e-05
2.275829461372110891e-05
1.920854763325557300e-05
1.366289198292003365e-05
2.123786943996689762e-05
2.503600940457013566e-05
1.243181235349699610e-05
1.721837201354937052e-05
2.613721656860437599e-05
1.382667035631646987e-05
1.004399122760898909e-05
2.450828378669939753e-05
1.461429341524064410e-05
1.685168973408677871e-05
1.697724017680313875e-05
1.301699103554944723e-05
2.201720662477141003e-05
2.262647793891151368e-05
3.274156441466384083e-05
1.609687739939526778e-05
1.987145741039683463e-05
1.856607813911315217e-05
1.323941942858149446e-05
2.657054378499970002e-05
2.922530392558764107e-05
2.531822954822633074e-05
3.106846248624408653e-05
1.366177398067037688e-05
2.972971969812940654e-05
1.024424942799214318e-05
1.564531816658586811e-05
1.330137818179967171e-05
1.768448546343661006e-05
1.884461386927472262e-05
1.590883488059444809e-05
1.218732631309762672e-05
1.292198598935994581e-05
2.539519688417791641e-05
2.831988171991304558e-05
1.217820892331280419e-05
1.893657995299711470e-05
1.659389488531355173e-05
1.328679004029390166e-05
2.344581084634934668e-05
1.737689734764995657e-05
1.458346376398751353e-05
1.049331148766550937e-05
2.191712426791653435e-05
1.095733510464591468e-05
2.084199172434621173e-05
2.734343410654778940e-05
1.033646396249394343e-05
2.273338478785346349e-05
1.093305022528347625e-05
1.074137351994320544e-05
1.028571317060165064e-05
1.250428469177329653e-05
1.153577696513236746e-05
2.495433770141184304e-05
2.834735094147083139e-05
1.803913956779767874e-05
1.095680497255489096e-05
1.093325592660681313e-05
1.204786355754621442e-05
1.402131748171369567e-05
1.669720464255229311e-05
1.042274528386768722e-05
1.048368654044567653e-05
1.379216060987447131e-05
1.084756282831403785e-05
1.717226745844268928e-05
1.901213275385146733e-05
2.542611382443540514e-05
1.351496816963485398e-05
1.571889034289789588e-05
1.591777191200400906e-05
2.932788998191783897e-05
1.550364983451595766e-05
2.765827213001665296e-05
2.339883834722787282e-05
2.305123917090018008e-05
2.106924133303627897e-05
2.384371103138758870e-05
1.012890870084792606e-05
1.061846958539048744e-05
2.725065963289280061e-05
1.428982548905533454e-05
1.339024430667673160e-05
1.713164057804530868e-05
1.137764801954220436e-05
2.455557256465021722e-05
1.739546816413987634e-05
1.807040338938261509e-05
2.343385063559073431e-05
1.487336661957716816e-05
1.147235028601934361e-05
1.229873212269118983e-05
1.435499857853615949e-05
1.232119112718227850e-05
2.262109516154246346e-05
2.856476852361849916e-05
1.013226272923456647e-05
1.225402922112551241e-05
1.140459952279850791e-05
2.594801751888918450e-05
2.258936849293324961e-05
2.300436714068745210e-05
1.496043573831988431e-05
3.321298391009040529e-05
2.534837816661092934e-05
2.979479367900215506e-05
2.278039196528445739e-05
1.021648178543227038e-05
1.720363952484526575e-05
1.283132836043473525e-05
2.107942717568367009e-05
1.010559783771016932e-05
1.183759701516900323e-05
1.330728409888405101e-05
2.622262878614032997e-05
1.757324215606555080e-05
1.533282627950757190e-05
1.639156381288813387e-05
1.239800166985949084e-05
2.004494707497740192e-05
2.827569100889246669e-05
2.620524838103975243e-05
1.262393530054219098e-05
1.568597284879569260e-05
2.239540395851170285e-05
1.382667035631646987e-05
1.004399122760898909e-05
2.886231187270659707e-05
2.092807978169327935e-05
1.685168973408677871e-05
1.697724017680313875e-05
1.301699103554944723e-05
2.201720662477141003e-05
1.201159043392977942e-05
2.485688917758833384e-05
1.609687739939526778e-05
1.987145741039683463e-05
1.747067991631706546e-05
1.689049084009402587e-05
1.565900345047099176e-05
1.011019112307672708e-05
1.349450702467988899e-05
1.739409255600397146e-05
1.366177398067037688e-05
2.372205094607228578e-05
1.524980425225114681e-05
2.946230425696755149e-05
2.211699757605689251e-05
1.768448546343661006e-05
1.419240768586806020e-05
1.590883488059444809e-05
1.224529097658063153e-05
1.387034028745416395e-05
2.539519688417791641e-05
1.466024814562810828e-05
2.727709874457774064e-05
1.491604408349385825e-05
1.659389488531355173e-05
2.317867202212415729e-05
1.557158999340150265e-05
1.531816726285359679e-05
1.458346376398751353e-05
1.049331148766550937e-05
1.758197593214653152e-05
1.095733510464591468e-05
2.047641792522235447e-05
3.034645713084974518e-05
1.033646396249394343e-05
2.273338478785346349e-05
2.198871750353131722e-05
1.074137351994320544e-05
1.028571317060165064e-05
1.074265134958495173e-05
1.153577696513236746e-05
2.495433770141184304e-05
1.472895466003983447e-05
1.112613873742932743e-05
1.032848863406247582e-05
1.202106009477014042e-05
1.204786355754621442e-05
1.774894098261719757e-05
1.769868620734524819e-05
1.042274528386768722e-05
3.153235813076542238e-05
3.278250560881118563e-05
2.002191711587903897e-05
1.717226745844268928e-05
1.163573557169570099e-05
2.542611382443540514e-05
1.351496816963485398e-05
1.378709282376253506e-05
2.616800487805899682e-05
1.073086429698993853e-05
1.550364983451595766e-05
3.027844099380402529e-05
1.025950098192888412e-05
1.818569607016603089e-05
2.309674707815703840e-05
1.281493984901047773e-05
1.012890870084792606e-05
1.061846958539048744e-05
1.622263179937912534e-05
1.428982548905533454e-05
1.395592000150584606e-05
1.690139871393055417e-05
1.137764801954220436e-05
1.646054513511175936e-05
1.739546816413987634e-05
1.807040338938261509e-05
1.832589451093314734e-05
1.487336661957716816e-05
1.787818215384775477e-05
1.260035162776772659e-05
2.004454631186222032e-05
1.232119112718227850e-05
2.262109516154246346e-05
1.933188449491655679e-05
1.013226272923456647e-05
1.225402922112551241e-05
1.140459952279850791e-05
3.011932241772038128e-05
2.986044221675839545e-05
1.278587932078399951e-05
1.496043573831988431e-05
2.948880846491394500e-05
2.636495508355340283e-05
1.806052629558216777e-05
1.267913579349959867e-05
1.403124393170198938e-05
1.836991829187166768e-05
1.283132836043473525e-05
1.593085507451372600e-05
1.010559783771016932e-05
1.183759701516900323e-05
1.330728409888405101e-05
3.355374798186747923e-05
1.757324215606555080e-05
1.533282627950757190e-05
1.191396938047987813e-05
1.239800166985949084e-05
2.004494707497740192e-05
1.897654283126445847e-05
2.620524838103975243e-05
1.627113952086296580e-05
1.040523479977610119e-05
1.046686138408262574e-05
2.360348858405386148e-05
2.107865793083186592e-05
1.064250368617695047e-05
1.920761286396843764e-05
2.000530225606953405e-05
2.013509903130438649e-05
1.930921448530785206e-05
1.391688438604750543e-05
1.201159043392977942e-05
1.675581635774560211e-05
1.702303667333016735e-05
2.474522603789561977e-05
1.747067991631706546e-05
2.624841680531681996e-05
1.565900345047099176e-05
1.011019112307672708e-05
1.349450702467988899e-05
1.569984516290221475e-05
1.488984540626891677e-05
1.590410401065691455e-05
1.524980425225114681e-05
2.659997293981923634e-05
1.598187300582270409e-05
1.464786823882382949e-05
1.419240768586806020e-05
1.915822415918163593e-05
2.474766975530586435e-05
1.387034028745416395e-05
1.805876945688610823e-05
1.466024814562810828e-05
2.459577663244049100e-05
1.491604408349385825e-05
2.784616611364162798e-05
2.143177767621657728e-05
1.557158999340150265e-05
1.531816726285359679e-05
2.078483913542873823e-05
2.583190322874878329e-05
1.030902106427912961e-05
1.200735937638317868e-05
2.047641792522235447e-05
3.034054291183008021e-05
1.663037926402577204e-05
2.508979240403172380e-05
1.551452063041029169e-05
2.121311473412363854e-05
1.513751751023371302e-05
1.074265134958495173e-05
1.938024554282448048e-05
1.528822566945575482e-05
1.472895466003983447e-05
1.112613873742932743e-05
1.032848863406247582e-05
2.207651295145691452e-05
1.268780861741319550e-05
1.774894098261719757e-05
1.769868620734524819e-05
1.293680565412095284e-05
2.616814550395178362e-05
1.823076924295689654e-05
1.026123299322718678e-05
1.342738520600985299e-05
1.163573557169570099e-05
2.792596564992310600e-05
2.139776085699342207e-05
1.378709282376253506e-05
2.616800487805899682e-05
1.073086429698993853e-05
2.204750047193245531e-05
2.768474724774782443e-05
1.025950098192888412e-05
1.062348613600876903e-05
3.007685180612113318e-05
1.281493984901047773e-05
1.061739344784278913e-05
2.465802455041024132e-05
1.590892088821923395e-05
1.622991489072831095e-05
1.395592000150584606e-05
1.497694711286585013e-05
2.071775863934168682e-05
1.646054513511175936e-05
1.860302584325756520e-05
1.873238983243602203e-05
1.832589451093314734e-05
1.758417994437949555e-05
1.787818215384775477e-05
1.675562943479815827e-05
3.250736546881007386e-05
3.333684273038237236e-05
1.070638530970525283e-05
1.933188449491655679e-05
1.849939779564846557e-05
1.389405863076477647e-05
1.739111734162017840e-05
2.793125485161349362e-05
2.217523821724506688e-05
1.278587932078399951e-05
3.028995359083246831e-05
2.739385002486311257e-05
1.691798626188814166e-05
1.806052629558216777e-05
1.267913579349959867e-05
1.403124393170198938e-05
2.187072814483448257e-05
2.785374733386399848e-05
1.593085507451372600e-05
2.436582279231195569e-05
3.295740743495508072e-05
3.356718701073041380e-05
2.473163223694815272e-05
1.573896059260265101e-05
2.238387172980855599e-05
1.191396938047987813e-05
1.827426300440452826e-05
2.509375167558236175e-05
1.236715953657673596e-05
1.289393942972457157e-05
1.964965242490487713e-05
1.040523479977610119e-05
1.046686138408262574e-05
2.360348858405386148e-05
2.107865793083186592e-05
1.064250368617695047e-05
1.829511203177352032e-05
2.050801269777256921e-05
2.013509903130438649e-05
3.104534955946857501e-05
1.219592322649353112e-05
1.876237153695572274e-05
1.675581635774560211e-05
3.006620708903370598e-05
1.605174387152919272e-05
1.008330693229772174e-05
1.971640862768461594e-05
2.888517708386347132e-05
1.381559689519352731e-05
1.632631836988561265e-05
1.569984516290221475e-05
1.626942538914140889e-05
1.393598148699001214e-05
1.857638339291168658e-05
1.730801354588982382e-05
1.598187300582270409e-05
1.464786823882382949e-05
1.781939290108888805e-05
1.015868690002776336e-05
2.474766975530586435e-05
1.340084819808442824e-05
1.805876945688610823e-05
1.206092261760248288e-05
2.459577663244049100e-05
1.666502206432978814e-05
1.604364655276216395e-05
2.143177767621657728e-05
1.139547873841540290e-05
2.121934037783978965e-05
2.078483913542873823e-05
2.794416152719870623e-05
1.030902106427912961e-05
1.200735937638317868e-05
2.440932363372113662e-05
1.654285126521866682e-05
1.893896014242713659e-05
2.508979240403172380e-05
1.551452063041029169e-05
3.298852606535280211e-05
1.513751751023371302e-05
1.377142843537163475e-05
1.308057954517779008e-05
1.528822566945575482e-05
1.643555506299808821e-05
1.286436095214020242e-05
2.227356155279620837e-05
2.207651295145691452e-05
3.374274390785085711e-05
2.088344408097095011e-05
1.053660820702280961e-05
1.037753951472002643e-05
2.179240955353489554e-05
1.823076924295689654e-05
1.026123299322718678e-05
1.342738520600985299e-05
2.837343678982211963e-05
2.782819663265659736e-05
2.661699137683903391e-05
2.438890511067983000e-05
3.100116050152584434e-05
2.485641929729733965e-05
2.204750047193245531e-05
2.768474724774782443e-05
1.439021706323119388e-05
1.062348613600876903e-05
1.996939694736802291e-05
1.967855694659759216e-05
1.468300169129833618e-05
2.058461659727153694e-05
1.590892088821923395e-05
3.471575529757569238e-05
1.172090776058797731e-05
1.497694711286585013e-05
2.961873917363657869e-05
2.198341197606286225e-05
1.743849562011481847e-05
2.208233802566207025e-05
1.982227638303022925e-05
2.397690875905703840e-05
1.700031298938572451e-05
1.236541096804517416e-05
2.261273915439978926e-05
1.444417005689308140e-05
1.070638530970525283e-05
2.120982349723847174e-05
1.849939779564846557e-05
1.389405863076477647e-05
1.739111734162017840e-05
2.793125485161349362e-05
2.217523821724506688e-05
1.770744715468546292e-05
2.552089896407009785e-05
1.453977965398826203e-05
1.691798626188814166e-05
2.982884735448612429e-05
1.631483373158491661e-05
1.173584124300303846e-05
2.187072814483448257e-05
2.988658374599048484e-05
2.331265281099391453e-05
1.032671533432872215e-05
2.077202753464495424e-05
1.988508983075276427e-05
2.053531062026998975e-05
1.350588740474400429e-05
2.238387172980855599e-05
2.089137457160936966e-05
1.827426300440452826e-05
2.509375167558236175e-05
1.236715953657673596e-05
1.289393942972457157e-05
3.040111800267636180e-05
3.367575907330242255e-05
1.403361644741191957e-05
2.322446306337635675e-05
2.795576612730469270e-05
1.894565898388407169e-05
1.829511203177352032e-05
2.752932256423216761e-05
2.382716042917549574e-05
2.556863985172652738e-05
1.219592322649353112e-05
1.876237153695572274e-05
2.072989955286110174e-05
2.642344615242842487e-05
1.605174387152919272e-05
1.008330693229772174e-05
1.971640862768461594e-05
1.282920097941677259e-05
1.279958413738226743e-05
2.147281514503851865e-05
2.037410999909843100e-05
1.626942538914140889e-05
1.393598148699001214e-05
1.814523284509868438e-05
1.730801354588982382e-05
1.623039022113340987e-05
2.186219056898674359e-05
1.072612673920123492e-05
1.015868690002776336e-05
1.162573009035554210e-05
1.340084819808442824e-05
1.226116546028012744e-05
1.206092261760248288e-05
1.538317437283966561e-05
1.908482984193282631e-05
1.604364655276216395e-05
2.896563707597870342e-05
1.139547873841540290e-05
2.121934037783978965e-05
1.227732762700630755e-05
1.441144218687028498e-05
1.184069917404678560e-05
1.859983234895139950e-05
2.669728579636361081e-05
1.654285126521866682e-05
1.776167922559276387e-05
1.136152501290006237e-05
1.756456523871659055e-05
3.138103872175985131e-05
1.552988216233886786e-05
1.377142843537163475e-05
1.308057954517779008e-05
1.331744267280402523e-05
1.400918046465278111e-05
1.977388906504680126e-05
1.432109470966243245e-05
1.067507700830118300e-05
1.572728287315184695e-05
2.004896544424211445e-05
1.053660820702280961e-05
1.037753951472002643e-05
1.412781445021630276e-05
2.595099098915008539e-05
1.237973195520996021e-05
1.549143924584232978e-05
2.837343678982211963e-05
2.149092969563560693e-05
2.565310762047937510e-05
1.509117077128842699e-05
1.234188511938431861e-05
2.485641929729733965e-05
1.918359570838172780e-05
2.440709919857897615e-05
1.439021706323119388e-05
1.954723066125912343e-05
1.996939694736802291e-05
1.967855694659759216e-05
1.468300169129833618e-05
1.029783489074861877e-05
2.825608024253797824e-05
1.796949207198451508e-05
1.172090776058797731e-05
3.063305272431779392e-05
2.085595030140368903e-05
1.392096722275937276e-05
1.743849562011481847e-05
1.825019686787010607e-05
1.601353518934148359e-05
2.519893275238175993e-05
1.534936545020624806e-05
1.236541096804517416e-05
2.110196442906392322e-05
1.444417005689308140e-05
1.578560422749097702e-05
1.535123768954589442e-05
1.920298839338610507e-05
1.385524489292020445e-05
2.772966917969902403e-05
2.967593565864221899e-05
1.715046934785564159e-05
1.811405117992174714e-05
2.552089896407009785e-05
1.339102016270806223e-05
2.229050520596935595e-05
2.643871602480369484e-05
1.631483373158491661e-05
1.173584124300303846e-05
2.007842702868058770e-05
2.030988072393712061e-05
2.077046639736358338e-05
1.032671533432872215e-05
1.644922770133531366e-05
1.988508983075276427e-05
2.053531062026998975e-05
1.350588740474400429e-05
2.903096232549971469e-05
1.011045221835354828e-05
2.529568726406273494e-05
1.491848166677614790e-05
2.788545956406191339e-05
1.289347191858828670e-05
1.249618125218889350e-05
2.037382910495780133e-05
1.403361644741191957e-05
2.322446306337635675e-05
2.948351421947157107e-05
1.746822953477590387e-05
1.728384838359022386e-05
1.549035046329161602e-05
2.382716042917549574e-05
2.556863985172652738e-05
1.312327706517442390e-05
2.291805287466408902e-05
1.890090022673438300e-05
2.642344615242842487e-05
1.732522002848538203e-05
1.353158326892030727e-05
3.091865447625565205e-05
1.282920097941677259e-05
1.279958413738226743e-05
1.150517929518913943e-05
1.617654509727959927e-05
2.489048782285510606e-05
1.670840581238321919e-05
1.814523284509868438e-05
1.803662763801642388e-05
1.623039022113340987e-05
2.847314696527037395e-05
1.072612673920123492e-05
2.620865235725893815e-05
1.162573009035554210e-05
1.100797472786571745e-05
1.135793021203890680e-05
1.863918686754959065e-05
1.498705221593056483e-05
2.701274798883952883e-05
1.322786359591342274e-05
2.291456424438324964e-05
1.394922547304496196e-05
2.203084304298232117e-05
1.227732762700630755e-05
1.441144218687028498e-05
1.184069917404678560e-05
1.859983234895139950e-05
2.642154282340815745e-05
1.428826235481649877e-05
1.776167922559276387e-05
1.136152501290006237e-05
1.756456523871659055e-05
1.144852417948408049e-05
2.419616118848353376e-05
2.902370454681071706e-05
1.329439151213874723e-05
1.331744267280402523e-05
1.400918046465278111e-05
1.977388906504680126e-05
1.432109470966243245e-05
1.067507700830118300e-05
1.572728287315184695e-05
1.614659843795854469e-05
2.288971819010914328e-05
1.046064242428824870e-05
1.358247573796239243e-05
1.906679739739378467e-05
1.237973195520996021e-05
1.870824799629563305e-05
3.022407150122394522e-05
2.149092969563560693e-05
2.125963319828642426e-05
1.509117077128842699e-05
1.234188511938431861e-05
1.680720364425289596e-05
1.918359570838172780e-05
2.440709919857897615e-05
1.614830169886541955e-05
1.611055138854881956e-05
2.415677820693184512e-05
2.291966113818220396e-05
1.762212788016760467e-05
1.029783489074861877e-05
1.347513832483594408e-05
1.796949207198451508e-05
2.420192343114451258e-05
1.079716794197585078e-05
1.481161832409669450e-05
1.392096722275937276e-05
2.193399760748375479e-05
1.075745463945597246e-05
1.601353518934148359e-05
1.033973237643885285e-05
1.030526706665622184e-05
1.010321141994147809e-05
1.105941186768214983e-05
1.911994880884841839e-05
1.783446063927549507e-05
1.535123768954589442e-05
1.920298839338610507e-05
1.385524489292020445e-05
2.772966917969902403e-05
3.029750459185327755e-05
1.715046934785564159e-05
2.216608171421629981e-05
2.406573174720214600e-05
1.088250483336820570e-05
1.594580162912251543e-05
1.323524723033177555e-05
2.306066004820845147e-05
1.326011402090720779e-05
2.007842702868058770e-05
1.592073532295511002e-05
2.077046639736358338e-05
1.297716099784165503e-05
1.644922770133531366e-05
2.177573454264436834e-05
1.499346794941833029e-05
1.216431521314207767e-05
2.822672165517694834e-05
1.011045221835354828e-05
3.033273698896910315e-05
1.491848166677614790e-05
1.145165351453631555e-05
1.289347191858828670e-05
1.249618125218889350e-05
1.947891453115205624e-05
1.710087539027826972e-05
1.906226708993908166e-05
1.710687956981363228e-05
1.746822953477590387e-05
1.728384838359022386e-05
1.549035046329161602e-05
2.301320920158778324e-05
2.840888117772608917e-05
1.312327706517442390e-05
1.176581578888216296e-05
1.310120336739918298e-05
1.275076787725730172e-05
1.576929535727108182e-05
3.157285260136077085e-05
2.959727435073103164e-05
1.669629236381898351e-05
2.887944019047427016e-05
1.150517929518913943e-05
1.617654509727959927e-05
2.465538931460308097e-05
1.670840581238321919e-05
1.312174128357759009e-05
2.533509496200094365e-05
1.211553636421412450e-05
1.762561438279187261e-05
2.475360627882321836e-05
2.532506702872717888e-05
1.518621082490908135e-05
1.100797472786571745e-05
1.135793021203890680e-05
1.667239359663707623e-05
1.498705221593056483e-05
2.293737161549130963e-05
1.322786359591342274e-05
2.291456424438324964e-05
2.387623051743959215e-05
3.251954300590786191e-05
1.394436674933341105e-05
2.036853388879281352e-05
1.637918940851737062e-05
1.891550597329272776e-05
1.729157226045527801e-05
1.428826235481649877e-05
1.013133308644224251e-05
1.637651838516221943e-05
1.111235736186156837e-05
1.144852417948408049e-05
2.097599780595874302e-05
1.351339656787998424e-05
1.329439151213874723e-05
1.388942015318154383e-05
1.487865768048928452e-05
3.239362250373552970e-05
2.768319846141616735e-05
2.858845674168695691e-05
1.513792114679033573e-05
1.593421091731551083e-05
3.105515260274715019e-05
1.046064242428824870e-05
1.358247573796239243e-05
1.906679739739378467e-05
1.965950349981427953e-05
2.011425075842063079e-05
2.892088278855123483e-05
1.585213867981842911e-05
2.125963319828642426e-05
2.601511514824817944e-05
1.279110853500415000e-05
1.253197114625633057e-05
2.172820263548470878e-05
3.329815479674592249e-05
2.452567669053281804e-05
1.611055138854881956e-05
2.710879116837263574e-05
1.769843619573636633e-05
1.762212788016760467e-05
2.188612325732441484e-05
1.061939934707945739e-05
1.457910069395291013e-05
1.268133528307785611e-05
1.079716794197585078e-05
1.096950490162214703e-05
3.349520612137201560e-05
1.599261670532169626e-05
1.075745463945597246e-05
2.100047740524503141e-05
1.033973237643885285e-05
1.030526706665622184e-05
1.010321141994147809e-05
1.105941186768214983e-05
1.965697276970204612e-05
1.783446063927549507e-05
1.832137620002476184e-05
2.119338068468129321e-05
2.641737628063557799e-05
2.928562736067413379e-05
2.572727406623967971e-05
1.512266637855984121e-05
2.216608171421629981e-05
2.406573174720214600e-05
1.088250483336820570e-05
1.594580162912251543e-05
1.323524723033177555e-05
2.447557617172161954e-05
1.537832652792156082e-05
1.335716561825336894e-05
1.592073532295511002e-05
1.563695159182043845e-05
3.207906233852831013e-05
1.607160781877059477e-05
1.595667182729199727e-05
1.499346794941833029e-05
1.216431521314207767e-05
1.448776948976766446e-05
1.267538632503658172e-05
1.466238836349074954e-05
2.931892188578148135e-05
1.145165351453631555e-05
1.351597160171397388e-05
1.959738326981915027e-05
1.132814261098842498e-05
1.710087539027826972e-05
1.906226708993908166e-05
1.034713896520502962e-05
2.673934486151114282e-05
3.348165742704527117e-05
1.976465557947273307e-05
1.785047780360858859e-05
1.618608350117127609e-05
1.986553332229946020e-05
1.176581578888216296e-05
1.310120336739918298e-05
1.275076787725730172e-05
1.576929535727108182e-05
2.504967851326042572e-05
2.959727435073103164e-05
1.669629236381898351e-05
2.887944019047427016e-05
1.416432537587309054e-05
2.827609490473374519e-05
2.240816609433437140e-05
1.929961441918624364e-05
1.312174128357759009e-05
1.765875852219298239e-05
1.211553636421412450e-05
1.007149307042630120e-05
1.039346065741476790e-05
1.644894050255362659e-05
1.518621082490908135e-05
1.203085973579530002e-05
2.213382682873495108e-05
