8.690047938237711472e-11
8.690047938237711472e-11
5.244636987125428080e-10
3.962897508638344397e-10
1.916228420453070657e-10
1.755753619200570787e-10
1.755753619200570787e-10
1.589877301723091985e-10
1.170615218742627766e-10
1.170615218742627766e-10
8.009794903875904549e-11
8.009794903875904549e-11
4.084535431792725848e-10
5.032483087374559434e-10
5.032483087374559434e-10
2.349776283686385717e-10
2.349776283686385717e-10
6.098023649955494504e-10
4.360873653661799720e-10
1.442915640519671549e-10
2.935700187122787612e-10
3.478740000700861782e-10
3.414417106113119383e-10
3.414417106113119383e-10
4.093011471521441517e-10
4.093011471521441517e-10
4.918943721042390882e-10
4.918943721042390882e-10
4.169646812670165721e-10
4.169646812670165721e-10
1.180798883652314997e-10
1.180798883652314997e-10
1.296790170654958051e-10
1.296790170654958051e-10
9.803551946955111329e-11
9.803551946955111329e-11
4.407652150977299457e-10
4.407652150977299457e-10
1.760951801895222270e-10
1.760951801895222270e-10
2.773347387287706202e-10
2.377609831186677639e-10
2.377609831186677639e-10
2.583798639887505661e-10
1.567080238334976070e-10
1.567080238334976070e-10
1.195293249542314419e-10
1.195293249542314419e-10
1.491120376818317916e-10
1.491120376818317916e-10
8.870271456090360103e-10
3.599369225174566554e-10
3.599369225174566554e-10
2.082720139291666189e-10
2.082720139291666189e-10
4.882968648790776227e-10
4.287285154235863490e-10
4.287285154235863490e-10
9.472317670631112836e-11
9.472317670631112836e-11
1.129150820441251750e-10
2.442950044465968391e-10
2.621024432870480609e-10
9.501555800688540613e-11
9.501555800688540613e-11
2.508956553954490076e-10
2.508956553954490076e-10
2.734334589354762604e-10
9.637584885720274676e-11
9.637584885720274676e-11
6.642154795093114295e-10
3.280614020277617040e-10
3.280614020277617040e-10
4.095955877072572903e-10
4.095955877072572903e-10
2.152627051120027551e-10
2.152627051120027551e-10
8.883097416574445265e-11
8.883097416574445265e-11
2.023683561156578432e-10
4.501097177638509623e-10
3.759389060136638586e-10
2.356042495771453261e-10
1.057975737202597381e-10
1.057975737202597381e-10
2.685903136815025969e-10
2.685903136815025969e-10
3.932449587732469986e-10
3.469990326845432428e-10
2.532495874519013106e-10
4.152922847097719614e-10
4.696439877610700640e-10
1.075578523301553530e-10
1.075578523301553530e-10
3.668857525132124651e-10
6.142168281339270849e-10
4.772468725387277245e-10
9.378219856130368395e-11
9.378219856130368395e-11
2.766000612886545069e-10
2.403425853700697558e-10
4.085806215094895060e-10
1.534950908993976248e-10
9.961309526675902878e-11
9.961309526675902878e-11
1.267086770308913184e-10
1.267086770308913184e-10
1.645057989859656602e-10
2.875458223787280913e-10
1.879435752424079942e-10
1.261187035352992131e-10
1.261187035352992131e-10
3.713590560264164479e-10
3.713590560264164479e-10
1.472071164056582814e-10
1.472071164056582814e-10
1.674354380268676363e-10
9.879675079412400207e-11
9.879675079412400207e-11
2.065097387888346489e-10
1.928372519620697041e-10
2.997295311626827251e-10
8.581945312215234883e-10
4.587733610941255323e-10
4.277317143135261382e-10
8.448372929427900515e-11
8.448372929427900515e-11
4.647521218606174250e-10
4.647521218606174250e-10
4.538583101491204928e-10
4.754807495290794880e-10
4.754807495290794880e-10
1.476985166014135687e-10
1.476985166014135687e-10
3.369017586549336801e-10
1.249966510697302338e-10
1.249966510697302338e-10
1.573667310831465942e-10
1.573667310831465942e-10
4.037978543310923845e-10
1.179101629066461088e-10
4.572337168187944297e-10
4.572337168187944297e-10
1.755975523428215171e-10
1.755975523428215171e-10
2.377213935682891111e-10
9.398109755110216978e-11
9.105191188004821642e-11
9.105191188004821642e-11
3.572521684832132115e-10
3.025762938578109065e-10
1.584082825532151132e-10
1.584082825532151132e-10
4.899433977968807603e-10
4.899433977968807603e-10
6.866413841175465438e-10
4.939840073209146733e-10
4.939840073209146733e-10
5.064450585911909179e-10
8.707126193797520054e-11
1.628839898441151771e-10
1.628839898441151771e-10
3.617969245059275882e-10
3.836144471473279714e-10
3.836144471473279714e-10
1.621901270693825527e-10
8.439205350378889278e-11
8.439205350378889278e-11
6.409365361596336340e-10
3.602673737134030462e-10
1.310679265871304443e-10
1.310679265871304443e-10
1.201107283784560872e-10
1.201107283784560872e-10
1.117280346263114467e-10
1.117280346263114467e-10
1.802369579312929093e-10
2.363077655865474183e-10
2.363077655865474183e-10
5.471078477982933873e-10
1.195196372342153456e-10
1.195196372342153456e-10
6.891422876225133748e-10
3.090119071577019806e-10
3.090119071577019806e-10
3.017422408326180169e-10
2.120806171718359868e-10
2.120806171718359868e-10
6.338976309108676562e-10
4.043521364991483341e-10
1.845674707852555211e-10
1.845674707852555211e-10
8.241092999214873714e-10
2.523539474929837188e-10
2.523539474929837188e-10
2.476473036980317852e-10
8.877425306182883003e-11
8.877425306182883003e-11
9.904670462527476277e-11
1.079884557359581911e-10
2.121919703603853055e-10
3.612369075784378794e-10
1.379966867122540267e-10
1.379966867122540267e-10
3.168903817193257320e-10
8.842752276677571234e-11
8.842752276677571234e-11
2.231873338520023499e-10
2.231873338520023499e-10
2.803831359439798841e-10
7.001697662956588608e-10
4.320282697171763015e-10
4.320282697171763015e-10
1.340167497500053305e-10
1.340167497500053305e-10
2.968446491589692451e-10
3.371430273954171557e-10
4.075731470261621801e-10
2.406729465285162881e-10
2.406729465285162881e-10
3.238748496742349589e-10
1.679132436463104207e-10
1.679132436463104207e-10
4.611696254269608591e-10
1.038915813713663461e-10
1.038915813713663461e-10
1.940754315349317529e-10
1.940754315349317529e-10
2.895492961802729044e-10
2.895492961802729044e-10
5.183055328737505424e-10
2.325232047928710769e-10
2.235186573415058467e-10
2.235186573415058467e-10
4.919070869674875007e-10
6.018629417335012074e-10
2.160354276491354799e-10
1.339274763806379769e-10
1.339274763806379769e-10
3.619739628173753600e-10
1.727630477740455941e-10
9.796660902793471581e-11
9.796660902793471581e-11
7.776410528414923128e-10
7.401131896428811949e-10
7.401131896428811949e-10
4.898302686894847443e-10
4.898302686894847443e-10
1.467497502256871909e-10
1.296668800793901183e-10
2.925748675182089590e-10
2.552768996296664480e-10
2.552768996296664480e-10
8.220267287112392575e-11
8.220267287112392575e-11
2.671737622209835304e-10
2.671737622209835304e-10
8.270572068170390044e-10
3.018123518382699342e-10
3.018123518382699342e-10
1.033377646517289391e-10
1.033377646517289391e-10
1.379778185915454118e-10
1.164054351599432393e-10
1.164054351599432393e-10
2.436813712299377299e-10
2.436813712299377299e-10
4.753455292028008169e-10
8.023214171183560640e-10
4.918110898424950677e-10
1.023517709655182996e-10
1.023517709655182996e-10
2.388023072454851942e-10
1.703114791743571736e-10
1.703114791743571736e-10
4.107596649389572688e-10
4.107596649389572688e-10
1.638732472853091131e-10
1.143354890156365471e-10
1.143354890156365471e-10
4.235110022960802690e-10
1.795305385172442957e-10
1.795305385172442957e-10
5.634439892637315622e-10
9.578534132389913027e-11
9.578534132389913027e-11
9.124086744384704546e-10
4.436301530975947252e-10
1.060967392114816083e-10
1.060967392114816083e-10
8.676752903928297832e-11
1.814148789654162272e-10
1.448683065105057377e-10
1.448683065105057377e-10
1.029450947053861537e-10
1.029450947053861537e-10
2.116321603749335228e-10
4.067891041136804637e-10
1.466139016093545614e-10
1.466139016093545614e-10
1.213832534746690730e-10
1.213832534746690730e-10
2.328488272477016681e-10
4.437657544269686353e-10
4.437657544269686353e-10
4.717540989463460351e-10
1.677434328126925678e-10
1.677434328126925678e-10
5.062109846172340582e-10
4.125807391281942075e-10
4.020904833163487681e-10
4.020904833163487681e-10
3.246956088792142265e-10
3.246956088792142265e-10
2.707261637395606210e-10
1.376663390095697441e-10
1.376663390095697441e-10
5.544862315578131929e-10
5.034502345668294663e-10
5.034502345668294663e-10
1.874209556193823990e-10
8.242333249612201509e-11
8.242333249612201509e-11
1.389578750258322806e-10
1.389578750258322806e-10
8.392315904209390371e-10
4.724536228923617642e-10
1.166559138664018211e-10
1.166559138664018211e-10
1.311439961157871188e-10
1.164814375999484280e-10
1.164814375999484280e-10
2.816391163776182923e-10
1.386532411004982931e-10
1.386532411004982931e-10
4.317381191275621136e-10
2.220180499731379283e-10
2.220180499731379283e-10
3.772741258010581999e-10
3.772741258010581999e-10
3.469686844433511092e-10
5.872134523552179635e-10
6.138153640353142457e-10
9.387988907730160220e-11
9.387988907730160220e-11
3.777354469193864876e-10
1.228026071758859124e-10
1.228026071758859124e-10
5.049098992871623584e-10
6.311242128173551697e-10
1.074466863959943662e-10
9.388342174177980465e-11
9.388342174177980465e-11
1.544071928459486371e-10
1.544071928459486371e-10
1.983766984513814075e-10
8.632129274714204938e-11
8.632129274714204938e-11
9.241750289706564666e-11
9.241750289706564666e-11
2.838909562184990842e-10
3.238440139382692107e-10
2.094278915043656995e-10
1.990006230094640468e-10
1.990006230094640468e-10
5.633225899658021130e-10
5.633225899658021130e-10
6.008139005588094303e-10
4.173288753960018081e-10
3.486484002050528909e-10
4.465165711347494191e-10
5.432467350945287467e-10
6.934380093535059934e-10
2.468261609453446770e-10
1.408208245917960768e-10
1.408208245917960768e-10
4.216703683611788069e-10
4.216703683611788069e-10
3.381027842771156435e-10
3.381027842771156435e-10
2.076648177496609601e-10
1.033700387561433724e-10
1.033700387561433724e-10
1.187983930055976758e-10
1.618438455213370143e-10
3.457459497265294590e-10
7.197986150375439382e-10
4.676815735576307602e-10
2.344877127502550970e-10
2.344877127502550970e-10
4.007726362407828663e-10
4.007726362407828663e-10
7.147631491307268461e-10
7.147631491307268461e-10
5.046499524260124733e-10
5.046499524260124733e-10
6.102534607591878589e-10
8.197711145845689655e-11
8.197711145845689655e-11
2.324505346418374263e-10
1.611960937233322320e-10
1.299530351096285489e-10
1.299530351096285489e-10
5.400604020657743069e-10
3.991520333587628528e-10
2.307610226844768302e-10
2.307610226844768302e-10
2.897870268832992505e-10
2.897870268832992505e-10
4.333103882997527462e-10
1.251639906498689166e-10
1.251639906498689166e-10
4.070568374038166414e-10
1.501499179260929480e-10
7.923234885173944237e-11
7.923234885173944237e-11
7.161562646511335210e-10
2.230369360331124550e-10
2.230369360331124550e-10
1.330794792859022452e-10
3.807275618813024398e-10
8.487376463187485748e-10
2.035040955824676427e-10
2.035040955824676427e-10
3.101339580961179896e-10
2.240652059535592046e-10
2.240652059535592046e-10
6.708230144710336683e-10
6.708230144710336683e-10
7.929839546763263201e-10
1.465899084510013394e-10
6.941790623642530302e-10
7.525421637998354769e-10
6.070211633638713430e-10
2.456262275230791204e-10
2.456262275230791204e-10
1.987772279808213135e-10
1.177682170815048416e-10
1.177682170815048416e-10
1.734769299729318877e-10
5.843677405387269985e-10
4.550765992839657810e-10
2.162651549768746099e-10
2.162651549768746099e-10
4.219558204351490113e-10
2.371561287735308921e-10
1.670364514163548979e-10
8.647986659892505496e-11
8.647986659892505496e-11
9.429741095614429104e-11
3.411680235929759758e-10
8.391389325734422754e-11
8.391389325734422754e-11
3.797429159731875368e-10
9.061696643967796667e-11
8.309190196405193917e-11
8.309190196405193917e-11
1.045161931543355502e-10
1.045161931543355502e-10
4.890823354419389134e-10
9.428828668023709251e-11
9.428828668023709251e-11
1.134946573090711831e-10
1.140013416182749331e-10
7.076761863690924237e-10
8.532064504404173235e-11
8.532064504404173235e-11
7.809132330190570974e-10
3.148481891351509839e-10
2.316035273045395002e-10
5.077499099728451510e-10
1.434564025139793159e-10
1.434564025139793159e-10
1.940589377966914591e-10
7.565923174106671870e-10
1.887807829918468808e-10
1.887807829918468808e-10
4.300099209639174992e-10
4.300099209639174992e-10
4.189782887267428732e-10
8.057776079477080430e-11
8.057776079477080430e-11
8.855513230176614717e-11
1.603776079309015791e-10
1.603776079309015791e-10
2.305089486961983729e-10
1.016704790484015121e-10
1.016704790484015121e-10
2.376633005948193763e-10
2.376633005948193763e-10
1.737434526873465199e-10
1.737434526873465199e-10
1.246967719467220633e-10
1.246967719467220633e-10
1.192326702546240431e-10
1.192326702546240431e-10
4.018991936148179352e-10
8.063113373971590306e-11
8.063113373971590306e-11
1.021527259448023161e-10
8.096926931396506747e-10
4.156334208529596191e-10
1.757836052185709153e-10
1.757836052185709153e-10
5.459387900981141317e-10
5.459387900981141317e-10
4.075794380074323745e-10
4.075794380074323745e-10
2.650356717598121658e-10
1.293102999935043147e-10
8.020730119466586728e-11
8.020730119466586728e-11
1.100568260489311540e-10
1.390812992108615534e-10
2.425457496609206702e-10
1.846436223958615045e-10
1.846436223958615045e-10
1.207239015167494682e-10
1.207239015167494682e-10
3.155729060569043258e-10
2.079341490783318427e-10
1.932470172094243808e-10
1.932470172094243808e-10
3.939196834867757052e-10
5.248854437603689461e-10
5.248854437603689461e-10
3.439922402347478285e-10
3.143258627267549837e-10
3.143258627267549837e-10
2.928323783072379642e-10
1.133159155706899249e-10
1.133159155706899249e-10
2.275956466949191646e-10
2.275956466949191646e-10
2.397228848259594464e-10
2.397228848259594464e-10
1.925830768261800995e-10
8.028023082365122343e-11
8.028023082365122343e-11
1.430223563131731945e-10
1.741286603446669803e-10
1.826494713375789436e-10
1.826494713375789436e-10
3.841866079340579889e-10
3.841866079340579889e-10
1.581983820364169013e-10
1.581983820364169013e-10
6.128307572183076292e-10
1.510998778551061529e-10
1.510998778551061529e-10
1.688000318401176654e-10
1.747419580398049279e-10
1.747419580398049279e-10
4.407758473567311409e-10
1.904389601510822748e-10
1.842907324572350698e-10
1.842907324572350698e-10
5.187354842330314747e-10
2.427868965873809149e-10
2.427868965873809149e-10
3.293046408918908285e-10
2.172171887128007716e-10
2.172171887128007716e-10
7.946073662858141673e-10
3.534262178580809476e-10
2.654598557080442774e-10
9.063852791561217125e-11
9.063852791561217125e-11
5.735624730156904859e-10
1.703859311270713849e-10
8.378445195569777517e-11
8.378445195569777517e-11
1.264337792348327634e-10
1.264337792348327634e-10
2.460208644644542385e-10
1.314449753186918004e-10
1.314449753186918004e-10
8.905552473543966169e-10
8.353034057170462393e-10
7.023653541328577887e-10
1.063353261797930129e-10
3.596056779624425483e-10
1.492915683596540811e-10
1.492915683596540811e-10
9.043973621190440486e-11
9.043973621190440486e-11
6.531618543513745309e-10
8.266893754080937670e-11
8.266893754080937670e-11
2.597465205380836402e-10
8.853718382564290429e-11
8.853718382564290429e-11
2.066962054284668598e-10
2.066962054284668598e-10
1.529701962947931595e-10
1.529701962947931595e-10
2.243547018850022166e-10
2.128032759156955441e-10
2.128032759156955441e-10
2.755981231382041920e-10
2.428477701583116019e-10
2.428477701583116019e-10
2.205014122575586865e-10
2.205014122575586865e-10
8.299528663654473614e-10
8.253686087737153152e-10
2.935203824528795361e-10
2.935203824528795361e-10
2.484555336031087718e-10
2.484555336031087718e-10
7.002971381680041469e-10
1.283958785930230510e-10
1.283958785930230510e-10
6.829742512130797867e-10
6.829742512130797867e-10
2.561832228838461032e-10
1.262609892496241170e-10
1.262609892496241170e-10
1.546258966625754667e-10
5.649322735947360827e-10
1.993278833151142709e-10
7.136100089460003866e-10
8.530921846757147095e-10
9.410923817094561665e-10
4.118022729822366349e-10
4.118022729822366349e-10
1.114815094975207795e-10
1.114815094975207795e-10
7.229505866848806648e-10
2.828290868877452226e-10
3.032491741370487972e-10
8.503420403973694196e-11
8.503420403973694196e-11
8.604444284393306165e-11
3.489601167370580878e-10
8.895646163255867720e-11
8.895646163255867720e-11
2.897588230412877787e-10
3.184178614910706052e-10
3.184178614910706052e-10
1.521156579022989333e-10
2.205063320373806007e-10
2.205063320373806007e-10
4.809198820430234229e-10
4.809198820430234229e-10
5.411231434293442193e-10
5.411231434293442193e-10
6.552996713118105130e-10
2.093468370638042236e-10
1.935889747992186923e-10
1.986590232982479835e-10
1.986590232982479835e-10
5.557151938336079404e-10
2.006066068481815502e-10
1.685150644504785523e-10
1.685150644504785523e-10
2.493880783677861038e-10
2.882706199718260726e-10
4.810148733206926408e-10
2.561333848335634617e-10
3.993965401208441385e-10
2.181231030350740670e-10
2.181231030350740670e-10
3.607499439222297081e-10
3.607499439222297081e-10
3.999694300468820220e-10
3.392994976255698860e-10
3.392994976255698860e-10
8.346890869294863795e-11
8.346890869294863795e-11
4.679520697573593269e-10
4.538383666891948473e-10
4.538383666891948473e-10
1.890456131265486591e-10
1.890456131265486591e-10
1.799696194798088218e-10
1.799696194798088218e-10
2.949907728308050986e-10
1.835709903031815552e-10
1.835709903031815552e-10
1.299769421954077765e-10
3.827814067754388037e-10
3.827814067754388037e-10
4.427373625804578422e-10
4.194830323438747754e-10
4.194830323438747754e-10
5.378185447879929279e-10
2.610356775080176937e-10
8.269685227471896122e-11
8.269685227471896122e-11
6.723224341957977424e-10
5.564265050392273378e-10
4.671695086422002295e-10
4.671695086422002295e-10
6.095828468916333674e-10
3.817759816444990398e-10
3.817759816444990398e-10
5.302890937975249968e-10
8.863882538728828016e-11
8.863882538728828016e-11
3.040856337613129825e-10
3.040856337613129825e-10
1.987793772775589357e-10
1.987793772775589357e-10
4.799227004669645133e-10
1.761718332964890505e-10
1.761718332964890505e-10
7.708010981960189711e-10
2.718047612924973037e-10
2.718047612924973037e-10
4.515192416205744475e-10
4.515192416205744475e-10
3.706795792525083097e-10
3.706795792525083097e-10
8.728483872698210121e-10
9.002758897479507883e-11
9.002758897479507883e-11
2.687850218105090440e-10
1.516170826089783524e-10
1.516170826089783524e-10
3.862126274862517652e-10
2.462644881181398905e-10
2.462644881181398905e-10
5.893808610388257228e-10
2.247952950730650638e-10
2.247952950730650638e-10
6.988159754983940323e-10
5.986105703945227794e-10
3.756785214244573992e-10
3.756785214244573992e-10
4.268480219085464851e-10
4.662856434213552559e-10
8.849521274079787887e-10
4.803916400749857818e-10
1.945548122187993810e-10
1.945548122187993810e-10
3.427866604489332238e-10
2.622826865023346473e-10
2.622826865023346473e-10
1.201240062292867563e-10
1.305753302313487514e-10
8.984582631210550432e-10
2.986487348274570494e-10
2.986487348274570494e-10
6.138081895085309234e-10
6.138081895085309234e-10
2.628815022586854101e-10
2.628815022586854101e-10
4.957183066283334886e-10
4.957183066283334886e-10
1.168205495670988112e-10
2.764810338686022309e-10
3.375081595985895959e-10
2.023644980102849682e-10
7.985384927081538441e-11
7.985384927081538441e-11
3.053131445541888922e-10
1.499095110262088668e-10
1.499095110262088668e-10
6.491744143085098512e-10
1.525334182470156320e-10
1.525334182470156320e-10
2.352796330772277813e-10
2.206251316913614645e-10
2.206251316913614645e-10
3.753852748691597518e-10
8.105224186565878167e-11
8.105224186565878167e-11
1.410439482269272198e-10
1.410439482269272198e-10
1.142486148732149400e-10
2.860661464699407565e-10
2.021603835462845759e-10
2.021603835462845759e-10
1.019893987856684918e-10
1.019893987856684918e-10
3.536336959784558860e-10
8.306308838058155497e-10
3.705875225748972087e-10
3.705875225748972087e-10
2.149367172224218822e-10
2.149367172224218822e-10
2.817099207761811615e-10
8.068903802687035519e-10
8.068903802687035519e-10
1.894201613305188704e-10
1.489525218838617048e-10
1.343828519505441352e-10
1.343828519505441352e-10
2.121576190009314533e-10
3.896450956912385572e-10
3.896450956912385572e-10
6.167324970391792413e-10
3.425264621149937619e-10
8.719499246419722683e-11
8.458214074868061798e-11
8.458214074868061798e-11
3.729927460333329405e-10
1.254567139588945022e-10
1.254567139588945022e-10
6.082190354737050754e-10
6.082190354737050754e-10
6.282753713755196521e-10
6.282753713755196521e-10
4.852516424248888786e-10
4.852516424248888786e-10
5.746696889147533116e-10
1.626389535128545420e-10
1.626389535128545420e-10
3.000961037570863183e-10
1.693244131146690219e-10
1.693244131146690219e-10
3.327939681176043631e-10
6.356791075664607836e-10
1.078977473644103688e-10
1.078977473644103688e-10
6.890060192234985049e-10
3.795596862409937646e-10
2.388404685907062300e-10
2.388404685907062300e-10
3.086007206027888476e-10
2.269884272226181742e-10
1.200900404334018695e-10
1.200900404334018695e-10
1.638607986180975283e-10
1.638607986180975283e-10
1.957096776151515287e-10
5.915305278855944261e-10
8.107838790483019071e-10
7.149140933589865830e-10
6.916696554528179661e-10
2.577039422829692465e-10
2.577039422829692465e-10
1.660372498330656773e-10
1.660372498330656773e-10
7.702410332150923848e-10
2.090524134204658912e-10
1.081728652322209460e-10
1.081728652322209460e-10
6.261890938177537501e-10
8.375568449567877313e-11
8.375568449567877313e-11
3.105596265935603949e-10
3.105596265935603949e-10
1.432636893378647727e-10
1.432636893378647727e-10
5.858408276274327884e-10
5.025541319440881415e-10
5.025541319440881415e-10
6.107247126546597057e-10
2.566461118965010082e-10
7.258869547637987249e-10
1.546781918669003508e-10
1.546781918669003508e-10
4.236246720520484164e-10
2.819092415231945100e-10
2.819092415231945100e-10
2.900528005108901757e-10
4.458969064110844049e-10
4.458969064110844049e-10
1.798365131089563527e-10
3.941855757846668856e-10
3.941855757846668856e-10
2.357476645118384079e-10
1.438093456340221220e-10
1.438093456340221220e-10
1.292674253252973738e-10
1.286712738128195016e-10
1.286712738128195016e-10
3.260222005920382439e-10
3.237634163500935793e-10
2.585919329668109613e-10
2.555056806848748565e-10
2.068939563018805516e-10
2.068939563018805516e-10
9.035989755512846741e-11
9.035989755512846741e-11
1.061525309142918848e-10
1.061525309142918848e-10
1.180737584423964030e-10
1.858582344254892154e-10
1.858582344254892154e-10
3.757114195690628436e-10
3.757114195690628436e-10
1.528234746575671221e-10
1.528234746575671221e-10
1.183852435970366757e-10
1.183852435970366757e-10
1.101145165573966293e-10
1.101145165573966293e-10
2.254065805771291513e-10
2.254065805771291513e-10
1.013825333595051260e-10
1.013825333595051260e-10
2.423062913030265273e-10
4.598146662031714608e-10
4.598146662031714608e-10
5.852748493929094853e-10
1.392937252670013288e-10
1.392937252670013288e-10
1.610802574670121255e-10
8.950182988297300495e-11
8.950182988297300495e-11
1.942662145508403693e-10
3.156994432402925309e-10
1.827459495159246681e-10
1.567616572742067317e-10
1.567616572742067317e-10
1.203683658087486244e-10
1.203683658087486244e-10
3.627440422287704724e-10
3.627440422287704724e-10
1.788692757697542190e-10
1.196335198116733546e-10
1.196335198116733546e-10
2.890346485265575133e-10
2.890346485265575133e-10
2.048064316222758801e-10
2.048064316222758801e-10
4.583190458950732821e-10
4.125781899103405886e-10
8.328786509625518798e-11
8.328786509625518798e-11
2.536071445945224390e-10
2.536071445945224390e-10
5.411910806717143144e-10
3.416251598320374982e-10
1.522049242175009131e-10
1.522049242175009131e-10
2.615923194447241172e-10
2.014022501269522073e-10
1.850421789821107839e-10
1.850421789821107839e-10
3.497322280059257770e-10
2.871199248912930240e-10
2.858345131570321719e-10
1.850873227865007709e-10
1.850873227865007709e-10
1.507711662244367711e-10
1.507711662244367711e-10
2.310159153224521617e-10
2.310159153224521617e-10
5.997688095429311793e-10
1.408371439133653235e-10
1.408371439133653235e-10
3.902381326372458516e-10
4.176700637817937371e-10
1.380970490388225743e-10
1.380970490388225743e-10
3.166279539565401030e-10
1.322663188245002952e-10
1.322663188245002952e-10
2.125107510909565980e-10
3.724221548352446229e-10
6.822840258801316347e-10
6.822840258801316347e-10
8.028437734462016082e-11
8.028437734462016082e-11
1.747990754467411162e-10
1.747990754467411162e-10
1.226434935462499619e-10
1.226434935462499619e-10
3.260132110367071924e-10
5.498120405943971772e-10
5.498120405943971772e-10
2.396556440155862237e-10
2.346231046484433176e-10
1.884570413067945222e-10
1.884570413067945222e-10
7.956138356766909491e-10
1.352615865894703639e-10
2.805788045605162300e-10
2.805788045605162300e-10
7.006425433587872622e-10
7.829202489894389240e-10
7.674431438362199905e-10
3.399465390111305926e-10
3.399465390111305926e-10
1.039624877830683402e-10
1.039624877830683402e-10
2.192602530652231765e-10
2.192602530652231765e-10
5.041211917959362260e-10
5.041211917959362260e-10
8.765022643161656320e-10
4.916660370277049931e-10
4.916660370277049931e-10
3.508177082878856122e-10
9.517102112512154381e-11
9.517102112512154381e-11
1.764096434577431350e-10
1.764096434577431350e-10
1.374261238080593264e-10
1.374261238080593264e-10
4.123947113339028757e-10
9.443602523398699019e-10
1.527170317980976553e-10
1.527170317980976553e-10
3.258437695360749015e-10
2.810126089039242590e-10
1.603425231051325634e-10
1.603425231051325634e-10
2.106362118020301595e-10
2.106362118020301595e-10
1.029411208834974556e-10
1.029411208834974556e-10
5.900581923874762329e-10
1.388119355928340594e-10
1.388119355928340594e-10
1.515158659572835292e-10
8.241550329264929011e-10
6.419058081025177343e-10
6.419058081025177343e-10
2.047632295075426907e-10
2.047632295075426907e-10
8.594222538978698313e-11
8.594222538978698313e-11
1.448931176660163734e-10
2.855258183713421062e-10
3.074451147535286761e-10
6.056901661784060657e-10
3.549779816332154857e-10
3.549779816332154857e-10
1.285009236720556504e-10
1.285009236720556504e-10
2.218609180868199176e-10
6.130395882041849119e-10
4.724239202401306319e-10
2.038499881002826910e-10
2.038499881002826910e-10
2.438970673735816472e-10
2.438970673735816472e-10
1.426120902577145729e-10
1.426120902577145729e-10
4.600336992272854602e-10
9.156080334551636291e-11
9.156080334551636291e-11
1.723038200359614675e-10
5.413059786557867808e-10
9.088849839644548353e-11
8.396696918380384597e-11
8.340812987959693980e-11
8.016942406329969567e-11
8.016942406329969567e-11
9.606251342473793394e-11
2.498100122707278087e-10
2.498100122707278087e-10
2.636368209351010898e-10
3.527689559306363613e-10
7.481683170591791288e-10
5.923331972347475655e-10
3.858937468546135169e-10
3.858937468546135169e-10
9.301384954464000340e-11
9.301384954464000340e-11
1.375795858464646913e-10
1.375795858464646913e-10
1.857411103647170934e-10
1.857411103647170934e-10
1.990747257825022849e-10
8.533491436883816525e-10
3.909859432933196953e-10
3.909859432933196953e-10
1.765607124596452473e-10
1.162158096773989651e-10
1.162158096773989651e-10
1.261863246026836426e-10
1.261863246026836426e-10
6.751276176576460557e-10
1.029974043448905722e-10
1.434777054276435024e-10
2.980021417657498053e-10
2.296817910840597307e-10
2.296817910840597307e-10
2.298431036219331847e-10
2.298431036219331847e-10
8.108672593482727790e-10
6.193797861474349182e-10
4.159529916785646618e-10
4.159529916785646618e-10
1.087261401441183762e-10
1.087261401441183762e-10
1.276916681797801134e-10
1.276916681797801134e-10
1.953054922721360149e-10
6.880077300573091463e-10
2.189424447668283883e-10
2.189424447668283883e-10
6.550393986456486624e-10
6.279553178878179921e-10
4.774342933097370463e-10
1.352299298471430775e-10
1.352299298471430775e-10
1.152856286937951989e-10
1.152856286937951989e-10
2.439935860109483989e-10
4.812456747362869980e-10
1.811293092271616137e-10
1.136797757977955460e-10
1.136797757977955460e-10
2.183161129345878502e-10
4.132160509800859085e-10
1.787460472269557443e-10
1.787460472269557443e-10
4.477353739751231908e-10
4.477353739751231908e-10
4.985772262688179182e-10
4.985772262688179182e-10
2.107049272773648659e-10
2.107049272773648659e-10
2.348328501693991276e-10
8.061633848310100192e-11
8.061633848310100192e-11
9.698448862064216018e-11
9.698448862064216018e-11
1.891775318362423658e-10
1.434230405078836272e-10
1.434230405078836272e-10
2.202810026467286393e-10
1.738670898878099621e-10
6.018973257805617835e-10
6.018973257805617835e-10
1.799792172604152385e-10
1.799792172604152385e-10
1.994118692019642625e-10
8.074197824010372513e-10
9.089096389367535865e-10
3.990476583272767620e-10
3.035533097109406613e-10
3.035533097109406613e-10
1.973629406683756561e-10
1.973629406683756561e-10
5.315466511978194176e-10
3.598436703858701208e-10
1.233470178176629653e-10
1.233470178176629653e-10
3.707980887970972781e-10
8.698471812037573787e-10
4.831914188948171989e-10
4.831914188948171989e-10
2.460139139329864115e-10
4.335074579285678395e-10
8.857064089712074185e-11
8.857064089712074185e-11
1.263047988313036006e-10
1.263047988313036006e-10
9.450699067922939442e-11
9.450699067922939442e-11
2.008764102096233264e-10
1.330339623078868905e-10
3.463763382717903426e-10
3.422665940156356614e-10
3.422665940156356614e-10
2.234070662792688734e-10
2.234070662792688734e-10
3.747264222088697970e-10
6.828016865597478094e-10
3.617971336216656246e-10
3.617971336216656246e-10
5.481119184825881975e-10
1.796166631352888161e-10
1.796166631352888161e-10
7.526204637079194150e-10
3.225289773429858858e-10
3.225289773429858858e-10
3.359215363198639410e-10
3.359215363198639410e-10
4.149442386474059808e-10
1.401259284564244715e-10
1.401259284564244715e-10
1.920410468682036911e-10
2.028656578790870878e-10
1.999744485291295154e-10
1.999744485291295154e-10
5.841415083510886716e-10
1.648515125504538512e-10
1.648515125504538512e-10
1.688493209394831880e-10
1.688493209394831880e-10
3.885040489628627511e-10
3.016380009655390687e-10
1.007876448273399922e-10
1.007876448273399922e-10
2.344940279522123881e-10
8.408730722193651994e-11
8.408730722193651994e-11
5.615538463121978148e-10
3.068092031782103602e-10
2.502589234953433602e-10
2.057659143483353565e-10
1.519352580305522878e-10
1.519352580305522878e-10
2.548434628378734897e-10
3.756425671876637548e-10
3.756425671876637548e-10
4.928266611042306484e-10
2.465354330095848547e-10
2.465354330095848547e-10
1.575729517538143539e-10
1.575729517538143539e-10
2.925412725904121720e-10
2.914437714944239625e-10
2.449120857379473851e-10
2.449120857379473851e-10
7.966684123743875688e-11
7.966684123743875688e-11
8.484187039580043804e-11
2.125033304026289606e-10
1.733798590650407230e-10
1.733798590650407230e-10
6.734750223435970415e-10
8.009794903875904549e-11
4.084535431792725848e-10
6.478309433174550737e-10
3.962897508638344397e-10
1.916228420453070657e-10
1.755753619200570787e-10
6.611243832347573643e-10
1.589877301723091985e-10
1.170615218742627766e-10
1.442915640519671549e-10
2.935700187122787612e-10
8.009794903875904549e-11
3.478740000700861782e-10
3.414417106113119383e-10
5.032483087374559434e-10
4.093011471521441517e-10
2.349776283686385717e-10
4.918943721042390882e-10
6.098023649955494504e-10
4.169646812670165721e-10
1.442915640519671549e-10
2.539293145202785887e-10
1.180798883652314997e-10
2.410095234043840890e-10
1.296790170654958051e-10
5.084714943987733296e-10
9.803551946955111329e-11
5.170204004150151896e-10
4.407652150977299457e-10
7.130251727719270644e-10
1.760951801895222270e-10
7.754200148943061296e-10
2.539293145202785887e-10
1.180798883652314997e-10
2.377609831186677639e-10
1.296790170654958051e-10
2.583798639887505661e-10
9.803551946955111329e-11
3.083191440230888323e-10
1.195293249542314419e-10
7.297629028044410592e-10
1.491120376818317916e-10
3.018066549172800815e-10
2.773347387287706202e-10
6.544385623801349357e-10
2.377609831186677639e-10
7.379685711977090599e-10
2.082720139291666189e-10
1.567080238334976070e-10
3.083191440230888323e-10
1.195293249542314419e-10
4.813011931418088895e-10
9.472317670631112836e-11
2.814298662315650164e-10
1.129150820441251750e-10
2.442950044465968391e-10
2.621024432870480609e-10
6.763640677432655496e-10
9.501555800688540613e-11
3.377493246088179016e-10
2.508956553954490076e-10
4.287285154235863490e-10
2.734334589354762604e-10
9.472317670631112836e-11
2.814298662315650164e-10
1.129150820441251750e-10
2.442950044465968391e-10
2.621024432870480609e-10
4.963648838671636155e-10
9.501555800688540613e-11
3.377493246088179016e-10
2.152627051120027551e-10
2.411273440882814101e-10
8.883097416574445265e-11
9.637584885720274676e-11
2.023683561156578432e-10
4.501097177638509623e-10
4.575944729469730282e-10
3.280614020277617040e-10
2.356042495771453261e-10
1.057975737202597381e-10
4.887522835623822609e-10
2.152627051120027551e-10
2.411273440882814101e-10
8.883097416574445265e-11
2.426374549044521989e-10
2.023683561156578432e-10
4.152922847097719614e-10
4.575944729469730282e-10
3.759389060136638586e-10
1.075578523301553530e-10
1.057975737202597381e-10
6.857525969785009590e-10
2.685903136815025969e-10
3.932449587732469986e-10
9.378219856130368395e-11
2.766000612886545069e-10
2.532495874519013106e-10
2.403425853700697558e-10
4.085806215094895060e-10
5.656492745439741727e-10
1.075578523301553530e-10
9.961309526675902878e-11
2.672181196460711128e-10
1.267086770308913184e-10
1.645057989859656602e-10
9.378219856130368395e-11
2.766000612886545069e-10
1.879435752424079942e-10
1.928372519620697041e-10
1.261187035352992131e-10
6.431019717633059468e-10
3.713590560264164479e-10
4.587733610941255323e-10
1.472071164056582814e-10
8.448372929427900515e-11
5.361205173630676787e-10
9.879675079412400207e-11
2.065097387888346489e-10
4.359616652319547669e-10
1.928372519620697041e-10
2.997295311626827251e-10
6.035529324208053491e-10
1.476985166014135687e-10
3.369017586549336801e-10
4.277317143135261382e-10
8.448372929427900515e-11
3.460351187515319607e-10
1.573667310831465942e-10
4.037978543310923845e-10
4.538583101491204928e-10
1.179101629066461088e-10
4.754807495290794880e-10
4.572337168187944297e-10
1.476985166014135687e-10
1.755975523428215171e-10
3.431668356327781027e-10
1.249966510697302338e-10
9.398109755110216978e-11
9.105191188004821642e-11
3.572521684832132115e-10
6.433951097961708101e-10
1.179101629066461088e-10
3.025762938578109065e-10
1.584082825532151132e-10
4.804716925887112310e-10
1.755975523428215171e-10
3.431668356327781027e-10
2.377213935682891111e-10
9.398109755110216978e-11
9.105191188004821642e-11
3.572521684832132115e-10
8.707126193797520054e-11
4.498439132048423327e-10
1.628839898441151771e-10
1.584082825532151132e-10
4.092872207472641738e-10
3.836144471473279714e-10
6.866413841175465438e-10
1.621901270693825527e-10
8.439205350378889278e-11
6.847219890210466991e-10
5.064450585911909179e-10
8.707126193797520054e-11
3.275714152725551673e-10
1.310679265871304443e-10
2.678437768103654117e-10
1.201107283784560872e-10
3.836144471473279714e-10
1.117280346263114467e-10
1.621901270693825527e-10
8.439205350378889278e-11
2.363077655865474183e-10
5.471078477982933873e-10
3.602673737134030462e-10
2.770107800107220374e-10
1.195196372342153456e-10
2.678437768103654117e-10
1.201107283784560872e-10
3.090119071577019806e-10
1.117280346263114467e-10
1.802369579312929093e-10
2.120806171718359868e-10
2.363077655865474183e-10
5.471078477982933873e-10
4.043521364991483341e-10
2.770107800107220374e-10
1.195196372342153456e-10
7.226330293568518430e-10
6.891422876225133748e-10
2.523539474929837188e-10
7.848619482924033104e-10
2.476473036980317852e-10
8.877425306182883003e-11
9.904670462527476277e-11
1.677750571072089640e-10
1.079884557359581911e-10
2.121919703603853055e-10
1.845674707852555211e-10
3.612369075784378794e-10
1.379966867122540267e-10
2.523539474929837188e-10
3.168903817193257320e-10
8.842752276677571234e-11
8.877425306182883003e-11
9.904670462527476277e-11
1.677750571072089640e-10
1.079884557359581911e-10
2.121919703603853055e-10
7.604009571099733352e-10
3.612369075784378794e-10
1.379966867122540267e-10
1.340167497500053305e-10
2.968446491589692451e-10
8.842752276677571234e-11
4.075731470261621801e-10
2.231873338520023499e-10
2.406729465285162881e-10
2.803831359439798841e-10
5.183055328737505424e-10
3.238748496742349589e-10
1.679132436463104207e-10
2.235186573415058467e-10
4.611696254269608591e-10
1.038915813713663461e-10
6.018629417335012074e-10
1.940754315349317529e-10
1.339274763806379769e-10
2.895492961802729044e-10
7.101324526089628720e-10
5.183055328737505424e-10
1.727630477740455941e-10
9.796660902793471581e-11
2.235186573415058467e-10
4.919070869674875007e-10
7.401131896428811949e-10
6.018629417335012074e-10
2.160354276491354799e-10
1.339274763806379769e-10
1.467497502256871909e-10
1.296668800793901183e-10
2.925748675182089590e-10
1.727630477740455941e-10
9.796660902793471581e-11
5.289248371200408525e-10
8.220267287112392575e-11
4.369397153628419639e-10
2.671737622209835304e-10
4.898302686894847443e-10
8.695029979996615615e-10
1.467497502256871909e-10
1.296668800793901183e-10
2.925748675182089590e-10
1.033377646517289391e-10
2.552768996296664480e-10
1.379778185915454118e-10
8.220267287112392575e-11
4.369397153628419639e-10
2.436813712299377299e-10
4.753455292028008169e-10
8.023214171183560640e-10
3.018123518382699342e-10
3.111175848164427826e-10
5.362801941243157632e-10
1.023517709655182996e-10
2.388023072454851942e-10
1.379778185915454118e-10
1.164054351599432393e-10
6.880929430122849228e-10
2.436813712299377299e-10
4.753455292028008169e-10
1.638732472853091131e-10
1.143354890156365471e-10
3.819248717709871173e-10
4.235110022960802690e-10
1.023517709655182996e-10
1.795305385172442957e-10
5.634439892637315622e-10
1.703114791743571736e-10
9.578534132389913027e-11
4.107596649389572688e-10
6.574327395065970817e-10
1.638732472853091131e-10
1.060967392114816083e-10
2.726204758857483417e-10
8.676752903928297832e-11
5.899772708750304281e-10
1.795305385172442957e-10
1.448683065105057377e-10
5.938428780968652361e-10
9.578534132389913027e-11
2.116321603749335228e-10
4.067891041136804637e-10
4.436301530975947252e-10
1.060967392114816083e-10
2.726204758857483417e-10
8.676752903928297832e-11
1.213832534746690730e-10
1.814148789654162272e-10
1.448683065105057377e-10
4.437657544269686353e-10
1.029450947053861537e-10
2.116321603749335228e-10
1.677434328126925678e-10
5.062109846172340582e-10
1.466139016093545614e-10
3.542515626491155632e-10
4.922889565420312981e-10
1.213832534746690730e-10
2.328488272477016681e-10
3.246956088792142265e-10
4.295645518841205314e-10
2.707261637395606210e-10
1.376663390095697441e-10
1.677434328126925678e-10
5.062109846172340582e-10
5.034502345668294663e-10
4.125807391281942075e-10
1.874209556193823990e-10
4.020904833163487681e-10
8.242333249612201509e-11
1.922466055549789248e-10
1.389578750258322806e-10
2.707261637395606210e-10
1.376663390095697441e-10
4.724536228923617642e-10
1.166559138664018211e-10
1.311439961157871188e-10
6.731882713464428030e-10
3.469686844433511092e-10
1.164814375999484280e-10
2.816391163776182923e-10
6.564064099237942738e-10
9.387988907730160220e-11
4.317381191275621136e-10
3.777354469193864876e-10
1.228026071758859124e-10
4.585523140757617442e-10
3.772741258010581999e-10
4.492100255129015077e-10
2.555768533046702364e-10
1.074466863959943662e-10
9.388342174177980465e-11
4.515653360855954286e-10
9.387988907730160220e-11
2.189663712756112292e-10
1.983766984513814075e-10
8.632129274714204938e-11
1.494013401289228650e-10
9.241750289706564666e-11
6.311242128173551697e-10
2.555768533046702364e-10
1.074466863959943662e-10
9.388342174177980465e-11
2.094278915043656995e-10
1.544071928459486371e-10
2.189663712756112292e-10
1.983766984513814075e-10
8.632129274714204938e-11
1.494013401289228650e-10
9.241750289706564666e-11
3.486484002050528909e-10
2.838909562184990842e-10
5.432467350945287467e-10
3.238440139382692107e-10
2.094278915043656995e-10
1.990006230094640468e-10
1.408208245917960768e-10
5.633225899658021130e-10
4.216703683611788069e-10
6.889932409744891493e-10
3.381027842771156435e-10
3.486484002050528909e-10
4.312977537352564331e-10
2.076648177496609601e-10
1.033700387561433724e-10
1.187983930055976758e-10
1.618438455213370143e-10
1.408208245917960768e-10
6.502272900073156493e-10
4.216703683611788069e-10
4.676815735576307602e-10
2.344877127502550970e-10
5.430314431203502010e-10
4.312977537352564331e-10
2.076648177496609601e-10
1.033700387561433724e-10
1.187983930055976758e-10
1.618438455213370143e-10
3.457459497265294590e-10
7.197986150375439382e-10
6.102534607591878589e-10
8.197711145845689655e-11
2.324505346418374263e-10
5.430314431203502010e-10
3.489855871130484158e-10
1.611960937233322320e-10
1.299530351096285489e-10
7.043636880121818316e-10
5.400604020657743069e-10
3.991520333587628528e-10
2.307610226844768302e-10
5.275609002853423253e-10
8.197711145845689655e-11
2.324505346418374263e-10
6.628756828632650918e-10
3.489855871130484158e-10
1.251639906498689166e-10
1.299530351096285489e-10
5.365479675674266623e-10
1.501499179260929480e-10
7.923234885173944237e-11
2.307610226844768302e-10
5.275609002853423253e-10
2.230369360331124550e-10
2.263727082721190556e-10
1.330794792859022452e-10
3.807275618813024398e-10
1.251639906498689166e-10
4.070568374038166414e-10
2.035040955824676427e-10
1.501499179260929480e-10
7.923234885173944237e-11
2.240652059535592046e-10
7.161562646511335210e-10
2.230369360331124550e-10
2.263727082721190556e-10
1.330794792859022452e-10
1.465899084510013394e-10
6.941790623642530302e-10
8.413886528897828814e-10
2.035040955824676427e-10
3.101339580961179896e-10
2.456262275230791204e-10
2.240652059535592046e-10
1.987772279808213135e-10
1.177682170815048416e-10
1.734769299729318877e-10
5.065158614126330849e-10
3.411680235929759758e-10
5.843677405387269985e-10
8.391389325734422754e-11
2.162651549768746099e-10
3.797429159731875368e-10
9.061696643967796667e-11
8.309190196405193917e-11
1.670364514163548979e-10
8.647986659892505496e-11
4.890823354419389134e-10
9.429741095614429104e-11
3.237613808680822352e-10
9.428828668023709251e-11
8.391389325734422754e-11
1.140013416182749331e-10
3.797429159731875368e-10
9.061696643967796667e-11
8.309190196405193917e-11
2.629098953207148006e-10
1.045161931543355502e-10
3.148481891351509839e-10
2.316035273045395002e-10
3.237613808680822352e-10
9.428828668023709251e-11
1.134946573090711831e-10
1.140013416182749331e-10
7.179370499066347747e-10
7.076761863690924237e-10
8.532064504404173235e-11
7.200404612047811269e-10
4.300099209639174992e-10
3.148481891351509839e-10
2.316035273045395002e-10
5.305505800493455545e-10
8.057776079477080430e-11
8.855513230176614717e-11
1.940589377966914591e-10
1.603776079309015791e-10
5.874210413631506410e-10
1.887807829918468808e-10
1.016704790484015121e-10
4.300099209639174992e-10
2.376633005948193763e-10
2.564635068124056741e-10
5.305505800493455545e-10
8.057776079477080430e-11
8.855513230176614717e-11
1.246967719467220633e-10
1.603776079309015791e-10
1.192326702546240431e-10
2.305089486961983729e-10
1.016704790484015121e-10
8.063113373971590306e-11
1.179363559458341183e-10
1.021527259448023161e-10
8.096926931396506747e-10
1.737434526873465199e-10
2.742028877311869873e-10
1.246967719467220633e-10
3.155602875435049778e-10
1.192326702546240431e-10
4.018991936148179352e-10
4.075794380074323745e-10
8.063113373971590306e-11
1.179363559458341183e-10
1.021527259448023161e-10
8.096926931396506747e-10
8.020730119466586728e-11
1.100568260489311540e-10
1.390812992108615534e-10
8.726842384808326537e-10
2.425457496609206702e-10
1.846436223958615045e-10
2.110234208032477138e-10
1.207239015167494682e-10
2.650356717598121658e-10
1.293102999935043147e-10
5.393447333233945653e-10
8.020730119466586728e-11
1.100568260489311540e-10
1.390812992108615534e-10
7.852167468289885444e-10
2.425457496609206702e-10
1.846436223958615045e-10
2.110234208032477138e-10
1.207239015167494682e-10
3.155729060569043258e-10
2.928323783072379642e-10
4.454400446840974578e-10
1.133159155706899249e-10
1.932470172094243808e-10
2.275956466949191646e-10
6.406819188465635094e-10
2.397228848259594464e-10
6.542626248783793059e-10
1.925830768261800995e-10
8.028023082365122343e-11
1.430223563131731945e-10
2.376257139498167927e-10
1.741286603446669803e-10
1.133159155706899249e-10
1.826494713375789436e-10
2.275956466949191646e-10
3.841866079340579889e-10
2.397228848259594464e-10
1.581983820364169013e-10
1.925830768261800995e-10
8.028023082365122343e-11
1.430223563131731945e-10
2.376257139498167927e-10
1.688000318401176654e-10
7.232790280528497488e-10
1.747419580398049279e-10
9.096577306420484512e-10
4.407758473567311409e-10
1.904389601510822748e-10
1.842907324572350698e-10
9.063852791561217125e-11
5.240861605176104943e-10
2.427868965873809149e-10
1.703859311270713849e-10
9.722519514603539783e-11
8.378445195569777517e-11
2.172171887128007716e-10
1.264337792348327634e-10
2.474199826003318222e-10
2.460208644644542385e-10
1.314449753186918004e-10
9.063852791561217125e-11
9.312881916881275635e-10
5.735624730156904859e-10
1.703859311270713849e-10
9.722519514603539783e-11
8.378445195569777517e-11
3.596056779624425483e-10
1.264337792348327634e-10
2.474199826003318222e-10
9.043973621190440486e-11
1.314449753186918004e-10
8.165250006904537893e-10
8.266893754080937670e-11
2.597465205380836402e-10
7.023653541328577887e-10
1.063353261797930129e-10
8.853718382564290429e-11
3.596056779624425483e-10
1.492915683596540811e-10
2.068818381030370568e-10
9.043973621190440486e-11
2.243547018850022166e-10
3.371129374773677623e-10
8.266893754080937670e-11
2.597465205380836402e-10
2.755981231382041920e-10
1.289801938785332307e-10
8.853718382564290429e-11
2.510363414707199691e-10
2.066962054284668598e-10
2.068818381030370568e-10
1.529701962947931595e-10
2.243547018850022166e-10
2.935203824528795361e-10
2.128032759156955441e-10
2.484555336031087718e-10
2.755981231382041920e-10
2.637668701184622675e-10
2.428477701583116019e-10
1.283958785930230510e-10
2.205014122575586865e-10
6.829742512130797867e-10
8.106442989530261563e-10
2.561832228838461032e-10
1.262609892496241170e-10
1.546258966625754667e-10
2.484555336031087718e-10
6.093364314254870770e-10
1.993278833151142709e-10
7.002971381680041469e-10
1.283958785930230510e-10
7.205881189667442855e-10
6.829742512130797867e-10
4.118022729822366349e-10
2.561832228838461032e-10
1.114815094975207795e-10
1.546258966625754667e-10
5.649322735947360827e-10
2.828290868877452226e-10
1.993278833151142709e-10
3.032491741370487972e-10
8.503420403973694196e-11
8.604444284393306165e-11
4.375646952227236678e-10
3.489601167370580878e-10
8.895646163255867720e-11
1.114815094975207795e-10
3.303216480756434676e-10
3.184178614910706052e-10
2.828290868877452226e-10
1.521156579022989333e-10
3.032491741370487972e-10
8.503420403973694196e-11
8.604444284393306165e-11
4.375646952227236678e-10
3.489601167370580878e-10
8.895646163255867720e-11
2.897588230412877787e-10
3.303216480756434676e-10
2.093468370638042236e-10
1.935889747992186923e-10
1.521156579022989333e-10
1.986590232982479835e-10
2.205063320373806007e-10
5.557151938336079404e-10
2.006066068481815502e-10
1.685150644504785523e-10
2.493880783677861038e-10
2.882706199718260726e-10
4.810148733206926408e-10
2.093468370638042236e-10
1.935889747992186923e-10
3.993965401208441385e-10
4.751283689344861843e-10
2.181231030350740670e-10
4.944063239948655602e-10
1.890456131265486591e-10
5.414269550248764664e-10
1.799696194798088218e-10
3.392994976255698860e-10
2.949907728308050986e-10
8.346890869294863795e-11
1.132360990434099264e-10
1.299769421954077765e-10
6.754659487696143301e-10
3.827814067754388037e-10
4.944063239948655602e-10
1.890456131265486591e-10
4.194830323438747754e-10
1.799696194798088218e-10
5.378185447879929279e-10
2.610356775080176937e-10
8.269685227471896122e-11
1.416031054141300771e-10
1.299769421954077765e-10
6.754659487696143301e-10
3.827814067754388037e-10
4.671695086422002295e-10
4.427373625804578422e-10
4.194830323438747754e-10
3.817759816444990398e-10
5.378185447879929279e-10
2.610356775080176937e-10
8.269685227471896122e-11
1.416031054141300771e-10
6.450648795810111699e-10
3.040856337613129825e-10
4.775363577441380608e-10
1.987793772775589357e-10
8.403939244375200169e-10
4.799227004669645133e-10
1.761718332964890505e-10
6.019646761215725370e-10
5.302890937975249968e-10
8.863882538728828016e-11
5.484709070722817891e-10
6.450648795810111699e-10
3.040856337613129825e-10
4.775363577441380608e-10
1.987793772775589357e-10
9.465490377396628718e-10
4.799227004669645133e-10
9.002758897479507883e-11
3.533165574727578867e-10
2.687850218105090440e-10
1.516170826089783524e-10
2.375444303788983766e-10
6.127323022692142128e-10
3.862126274862517652e-10
2.462644881181398905e-10
3.706795792525083097e-10
5.893808610388257228e-10
2.247952950730650638e-10
9.002758897479507883e-11
3.533165574727578867e-10
2.687850218105090440e-10
1.516170826089783524e-10
2.375444303788983766e-10
4.268480219085464851e-10
3.862126274862517652e-10
2.462644881181398905e-10
8.552321189540179004e-10
4.803916400749857818e-10
1.945548122187993810e-10
3.935141000672735474e-10
3.427866604489332238e-10
2.622826865023346473e-10
3.756785214244573992e-10
1.201240062292867563e-10
1.305753302313487514e-10
4.662856434213552559e-10
8.984582631210550432e-10
2.986487348274570494e-10
4.803916400749857818e-10
1.945548122187993810e-10
3.935141000672735474e-10
2.628815022586854101e-10
2.622826865023346473e-10
4.945623749745936939e-10
1.201240062292867563e-10
1.168205495670988112e-10
2.764810338686022309e-10
3.375081595985895959e-10
2.986487348274570494e-10
2.023644980102849682e-10
7.985384927081538441e-11
3.053131445541888922e-10
2.628815022586854101e-10
1.499095110262088668e-10
4.957183066283334886e-10
7.569775328255858631e-10
1.168205495670988112e-10
1.525334182470156320e-10
2.710267846984151626e-10
2.352796330772277813e-10
2.023644980102849682e-10
7.985384927081538441e-11
3.053131445541888922e-10
8.105224186565878167e-11
1.499095110262088668e-10
1.410439482269272198e-10
6.633038418012424649e-10
1.142486148732149400e-10
2.149367172224218822e-10
2.817099207761811615e-10
2.021603835462845759e-10
6.589554453336021922e-10
1.019893987856684918e-10
1.894201613305188704e-10
1.489525218838617048e-10
1.343828519505441352e-10
3.705875225748972087e-10
2.121576190009314533e-10
5.597886680789286112e-10
2.149367172224218822e-10
2.817099207761811615e-10
8.652006085342956134e-10
3.425264621149937619e-10
8.719499246419722683e-11
8.458214074868061798e-11
1.489525218838617048e-10
1.343828519505441352e-10
1.254567139588945022e-10
1.884835346969540171e-10
6.322862956895392404e-10
3.896450956912385572e-10
6.167324970391792413e-10
6.282753713755196521e-10
3.425264621149937619e-10
8.719499246419722683e-11
8.458214074868061798e-11
3.729927460333329405e-10
1.626389535128545420e-10
1.254567139588945022e-10
1.884835346969540171e-10
3.041419857730168759e-10
1.693244131146690219e-10
3.327939681176043631e-10
6.282753713755196521e-10
7.548241463402487377e-10
1.078977473644103688e-10
5.746696889147533116e-10
6.056943357346482401e-10
1.626389535128545420e-10
2.388404685907062300e-10
3.131985776678794439e-10
3.041419857730168759e-10
1.693244131146690219e-10
2.269884272226181742e-10
1.200900404334018695e-10
4.016023333388412617e-10
1.078977473644103688e-10
1.957096776151515287e-10
5.915305278855944261e-10
3.795596862409937646e-10
2.388404685907062300e-10
3.829834336326942330e-10
3.086007206027888476e-10
7.205155672427823601e-10
2.269884272226181742e-10
1.200900404334018695e-10
1.660372498330656773e-10
1.638607986180975283e-10
1.957096776151515287e-10
2.090524134204658912e-10
1.081728652322209460e-10
6.261890938177537501e-10
7.149140933589865830e-10
6.916696554528179661e-10
8.375568449567877313e-11
2.577039422829692465e-10
3.105596265935603949e-10
1.660372498330656773e-10
1.432636893378647727e-10
6.619310380592112429e-10
2.090524134204658912e-10
1.081728652322209460e-10
6.261890938177537501e-10
6.107247126546597057e-10
2.566461118965010082e-10
8.375568449567877313e-11
3.388813438007036760e-10
1.546781918669003508e-10
3.312016061821956423e-10
1.432636893378647727e-10
2.819092415231945100e-10
2.900528005108901757e-10
5.025541319440881415e-10
4.458969064110844049e-10
5.134582463846430033e-10
1.798365131089563527e-10
5.341876755374066048e-10
3.941855757846668856e-10
1.546781918669003508e-10
2.357476645118384079e-10
1.438093456340221220e-10
2.819092415231945100e-10
1.292674253252973738e-10
1.286712738128195016e-10
3.621327912407101621e-10
3.260222005920382439e-10
1.798365131089563527e-10
3.237634163500935793e-10
2.585919329668109613e-10
2.555056806848748565e-10
2.068939563018805516e-10
1.438093456340221220e-10
9.035989755512846741e-11
1.292674253252973738e-10
1.061525309142918848e-10
2.011831664397840941e-10
1.180737584423964030e-10
5.693711877667587533e-10
1.858582344254892154e-10
2.477752518898348149e-10
1.013825333595051260e-10
2.423062913030265273e-10
1.528234746575671221e-10
3.811993172780996980e-10
1.183852435970366757e-10
1.631190821588129144e-10
1.101145165573966293e-10
1.541399951821564936e-10
3.070959352256906892e-10
1.610802574670121255e-10
8.950182988297300495e-11
1.013825333595051260e-10
2.423062913030265273e-10
4.115008844872110292e-10
1.827459495159246681e-10
1.567616572742067317e-10
5.831515637897514666e-10
1.203683658087486244e-10
1.541399951821564936e-10
3.070959352256906892e-10
1.610802574670121255e-10
8.950182988297300495e-11
1.788692757697542190e-10
1.196335198116733546e-10
4.115008844872110292e-10
1.827459495159246681e-10
1.567616572742067317e-10
2.048064316222758801e-10
1.203683658087486244e-10
2.748882129353752118e-10
4.125781899103405886e-10
3.627440422287704724e-10
8.328786509625518798e-11
1.788692757697542190e-10
1.196335198116733546e-10
5.411910806717143144e-10
2.890346485265575133e-10
3.416251598320374982e-10
1.522049242175009131e-10
3.778552535808752752e-10
2.615923194447241172e-10
2.014022501269522073e-10
4.987170045768072715e-10
8.328786509625518798e-11
3.833214725456975100e-10
2.536071445945224390e-10
2.871199248912930240e-10
2.858345131570321719e-10
1.850873227865007709e-10
1.522049242175009131e-10
1.507711662244367711e-10
2.615923194447241172e-10
2.014022501269522073e-10
2.310159153224521617e-10
1.850421789821107839e-10
3.833214725456975100e-10
1.408371439133653235e-10
2.871199248912930240e-10
2.858345131570321719e-10
1.850873227865007709e-10
1.380970490388225743e-10
1.507711662244367711e-10
3.239698741106504887e-10
3.388304079526093081e-10
1.322663188245002952e-10
2.125107510909565980e-10
3.724221548352446229e-10
1.408371439133653235e-10
3.902381326372458516e-10
5.489977969429206658e-10
8.028437734462016082e-11
1.380970490388225743e-10
1.747990754467411162e-10
3.239698741106504887e-10
1.305658615480745223e-10
1.226434935462499619e-10
2.125107510909565980e-10
3.724221548352446229e-10
5.498120405943971772e-10
6.822840258801316347e-10
2.396556440155862237e-10
8.028437734462016082e-11
1.884570413067945222e-10
1.747990754467411162e-10
8.569994046424458805e-10
1.305658615480745223e-10
1.226434935462499619e-10
2.805788045605162300e-10
7.006425433587872622e-10
5.498120405943971772e-10
7.554520025228059788e-10
2.396556440155862237e-10
2.346231046484433176e-10
1.884570413067945222e-10
1.039624877830683402e-10
2.055234714994269922e-10
1.352615865894703639e-10
2.192602530652231765e-10
2.805788045605162300e-10
5.041211917959362260e-10
8.136137885933131672e-10
7.829202489894389240e-10
4.916660370277049931e-10
3.399465390111305926e-10
3.508177082878856122e-10
9.517102112512154381e-11
1.013183883857291367e-10
2.728624700041791938e-10
1.603425231051325634e-10
3.844101899398675757e-10
1.374261238080593264e-10
4.123947113339028757e-10
1.029411208834974556e-10
5.900581923874762329e-10
1.527170317980976553e-10
1.388119355928340594e-10
1.515158659572835292e-10
2.810126089039242590e-10
5.482848282994519066e-10
1.603425231051325634e-10
3.844101899398675757e-10
2.106362118020301595e-10
2.047632295075426907e-10
1.029411208834974556e-10
8.594222538978698313e-11
1.448931176660163734e-10
1.388119355928340594e-10
1.515158659572835292e-10
3.419930554913137338e-10
7.648826066678108433e-10
6.056901661784060657e-10
3.549779816332154857e-10
6.335240268729018684e-10
1.285009236720556504e-10
2.218609180868199176e-10
8.594222538978698313e-11
1.448931176660163734e-10
2.855258183713421062e-10
2.038499881002826910e-10
3.419930554913137338e-10
7.648826066678108433e-10
2.438970673735816472e-10
3.549779816332154857e-10
1.426120902577145729e-10
1.285009236720556504e-10
2.218609180868199176e-10
9.156080334551636291e-11
1.723038200359614675e-10
4.724239202401306319e-10
2.038499881002826910e-10
9.088849839644548353e-11
8.207937363302183087e-10
8.396696918380384597e-11
8.340812987959693980e-11
8.016942406329969567e-11
9.606251342473793394e-11
3.034751630724595754e-10
9.156080334551636291e-11
1.723038200359614675e-10
3.527689559306363613e-10
5.413059786557867808e-10
9.088849839644548353e-11
7.209474354523792107e-10
8.396696918380384597e-11
8.340812987959693980e-11
8.016942406329969567e-11
9.301384954464000340e-11
1.997020832778287581e-10
1.375795858464646913e-10
2.636368209351010898e-10
1.857411103647170934e-10
7.372599024351005731e-10
1.990747257825022849e-10
7.209474354523792107e-10
5.923331972347475655e-10
3.858937468546135169e-10
4.548707640468078279e-10
9.301384954464000340e-11
1.162158096773989651e-10
1.375795858464646913e-10
1.261863246026836426e-10
1.857411103647170934e-10
6.751276176576460557e-10
1.029974043448905722e-10
1.434777054276435024e-10
5.278644180899992453e-10
2.980021417657498053e-10
2.296817910840597307e-10
1.765607124596452473e-10
1.162158096773989651e-10
6.257642709051744536e-10
1.261863246026836426e-10
6.193797861474349182e-10
4.159529916785646618e-10
1.029974043448905722e-10
1.434777054276435024e-10
1.087261401441183762e-10
1.348069421686502910e-10
1.276916681797801134e-10
1.953054922721360149e-10
2.298431036219331847e-10
6.880077300573091463e-10
2.189424447668283883e-10
6.193797861474349182e-10
4.159529916785646618e-10
6.279553178878179921e-10
4.774342933097370463e-10
1.087261401441183762e-10
1.348069421686502910e-10
1.276916681797801134e-10
1.152856286937951989e-10
2.439935860109483989e-10
4.812456747362869980e-10
2.189424447668283883e-10
1.811293092271616137e-10
1.136797757977955460e-10
5.432486945302823235e-10
2.183161129345878502e-10
3.796744671196644640e-10
8.061633848310100192e-11
1.787460472269557443e-10
9.698448862064216018e-11
1.891775318362423658e-10
3.455692888073984635e-10
1.434230405078836272e-10
6.139371497026894430e-10
2.107049272773648659e-10
1.738670898878099621e-10
2.348328501693991276e-10
3.796744671196644640e-10
8.061633848310100192e-11
1.799792172604152385e-10
9.698448862064216018e-11
1.891775318362423658e-10
3.455692888073984635e-10
1.434230405078836272e-10
3.990476583272767620e-10
2.202810026467286393e-10
1.738670898878099621e-10
6.569207379143224329e-10
1.973629406683756561e-10
6.810349627941646624e-10
1.799792172604152385e-10
1.994118692019642625e-10
1.233470178176629653e-10
3.707980887970972781e-10
8.708236540820603495e-10
3.990476583272767620e-10
3.035533097109406613e-10
3.177588107796159384e-10
2.460139139329864115e-10
1.973629406683756561e-10
4.880233599168425115e-10
8.857064089712074185e-11
1.669365186804885454e-10
1.233470178176629653e-10
3.707980887970972781e-10
9.450699067922939442e-11
8.698471812037573787e-10
2.008764102096233264e-10
1.330339623078868905e-10
2.460139139329864115e-10
4.335074579285678395e-10
3.422665940156356614e-10
8.857064089712074185e-11
1.669365186804885454e-10
1.263047988313036006e-10
6.828016865597478094e-10
9.450699067922939442e-11
3.617971336216656246e-10
2.008764102096233264e-10
1.330339623078868905e-10
3.463763382717903426e-10
1.796166631352888161e-10
3.422665940156356614e-10
7.526204637079194150e-10
2.234070662792688734e-10
3.747264222088697970e-10
3.359215363198639410e-10
4.704957770239157196e-10
3.617971336216656246e-10
1.401259284564244715e-10
6.735951404075016283e-10
1.920410468682036911e-10
1.796166631352888161e-10
2.028656578790870878e-10
1.999744485291295154e-10
3.225289773429858858e-10
5.544628719656865006e-10
1.648515125504538512e-10
3.556351814849709810e-10
1.688493209394831880e-10
1.401259284564244715e-10
3.885040489628627511e-10
1.920410468682036911e-10
3.016380009655390687e-10
1.007876448273399922e-10
1.999744485291295154e-10
5.841415083510886716e-10
8.408730722193651994e-11
1.648515125504538512e-10
3.556351814849709810e-10
1.688493209394831880e-10
2.502589234953433602e-10
2.057659143483353565e-10
3.099490711007379711e-10
1.519352580305522878e-10
1.007876448273399922e-10
2.344940279522123881e-10
3.756425671876637548e-10
8.408730722193651994e-11
5.615538463121978148e-10
2.465354330095848547e-10
3.068092031782103602e-10
1.575729517538143539e-10
2.057659143483353565e-10
3.099490711007379711e-10
1.519352580305522878e-10
2.548434628378734897e-10
2.449120857379473851e-10
3.318880475847692279e-10
7.966684123743875688e-11
8.484187039580043804e-11
2.125033304026289606e-10
4.143805684900940048e-10
1.575729517538143539e-10
3.847715004691665227e-10
6.520019287910319397e-10
8.690047938237711472e-11
5.244636987125428080e-10
3.713590560264164479e-10
3.962897508638344397e-10
1.472071164056582814e-10
1.674354380268676363e-10
5.361205173630676787e-10
9.879675079412400207e-11
1.170615218742627766e-10
4.359616652319547669e-10
1.928372519620697041e-10
8.009794903875904549e-11
4.084535431792725848e-10
7.218052578550495248e-10
4.587733610941255323e-10
4.277317143135261382e-10
8.448372929427900515e-11
8.524165018403695984e-10
4.647521218606174250e-10
4.360873653661799720e-10
1.442915640519671549e-10
2.935700187122787612e-10
4.754807495290794880e-10
3.478740000700861782e-10
1.476985166014135687e-10
3.369017586549336801e-10
4.093011471521441517e-10
1.249966510697302338e-10
3.460351187515319607e-10
1.573667310831465942e-10
4.037978543310923845e-10
7.294623212277310131e-10
1.179101629066461088e-10
1.180798883652314997e-10
2.410095234043840890e-10
1.296790170654958051e-10
1.755975523428215171e-10
9.803551946955111329e-11
2.377213935682891111e-10
9.398109755110216978e-11
9.105191188004821642e-11
1.760951801895222270e-10
6.433951097961708101e-10
2.773347387287706202e-10
3.025762938578109065e-10
1.584082825532151132e-10
7.526525078740101631e-10
2.583798639887505661e-10
1.567080238334976070e-10
3.083191440230888323e-10
1.195293249542314419e-10
6.847219890210466991e-10
1.491120376818317916e-10
8.707126193797520054e-11
6.497053252160416694e-10
1.628839898441151771e-10
3.599369225174566554e-10
4.092872207472641738e-10
2.082720139291666189e-10
4.882968648790776227e-10
1.621901270693825527e-10
8.439205350378889278e-11
4.813011931418088895e-10
9.472317670631112836e-11
2.814298662315650164e-10
1.129150820441251750e-10
1.310679265871304443e-10
2.621024432870480609e-10
1.201107283784560872e-10
9.501555800688540613e-11
1.117280346263114467e-10
1.802369579312929093e-10
4.654662946479074540e-10
2.363077655865474183e-10
9.637584885720274676e-11
7.110684580521381068e-10
2.770107800107220374e-10
1.195196372342153456e-10
3.280614020277617040e-10
4.963648838671636155e-10
3.090119071577019806e-10
4.887522835623822609e-10
2.152627051120027551e-10
2.120806171718359868e-10
8.883097416574445265e-11
2.426374549044521989e-10
2.023683561156578432e-10
4.501097177638509623e-10
1.845674707852555211e-10
3.759389060136638586e-10
2.356042495771453261e-10
1.057975737202597381e-10
7.861950624907112912e-10
2.476473036980317852e-10
8.877425306182883003e-11
9.904670462527476277e-11
1.677750571072089640e-10
1.079884557359581911e-10
2.121919703603853055e-10
4.696439877610700640e-10
3.612369075784378794e-10
1.075578523301553530e-10
3.668857525132124651e-10
3.168903817193257320e-10
8.842752276677571234e-11
4.772468725387277245e-10
9.378219856130368395e-11
2.766000612886545069e-10
2.803831359439798841e-10
2.403425853700697558e-10
4.085806215094895060e-10
4.320282697171763015e-10
1.534950908993976248e-10
9.961309526675902878e-11
2.672181196460711128e-10
1.267086770308913184e-10
1.645057989859656602e-10
8.115869319699448563e-10
2.406729465285162881e-10
1.879435752424079942e-10
6.520019287910319397e-10
1.261187035352992131e-10
1.679132436463104207e-10
3.713590560264164479e-10
4.611696254269608591e-10
1.038915813713663461e-10
1.674354380268676363e-10
1.940754315349317529e-10
9.879675079412400207e-11
2.065097387888346489e-10
4.359616652319547669e-10
1.928372519620697041e-10
2.997295311626827251e-10
2.325232047928710769e-10
2.235186573415058467e-10
4.587733610941255323e-10
4.277317143135261382e-10
8.448372929427900515e-11
2.160354276491354799e-10
1.339274763806379769e-10
3.619739628173753600e-10
4.538583101491204928e-10
5.731644251145584950e-10
1.727630477740455941e-10
9.796660902793471581e-11
1.476985166014135687e-10
3.369017586549336801e-10
5.873774313475222164e-10
1.249966510697302338e-10
3.460351187515319607e-10
1.573667310831465942e-10
1.467497502256871909e-10
1.296668800793901183e-10
1.179101629066461088e-10
6.680118317740597772e-10
2.552768996296664480e-10
4.804716925887112310e-10
8.220267287112392575e-11
3.431668356327781027e-10
2.377213935682891111e-10
9.398109755110216978e-11
9.105191188004821642e-11
3.018123518382699342e-10
3.111175848164427826e-10
4.498439132048423327e-10
1.033377646517289391e-10
1.584082825532151132e-10
1.379778185915454118e-10
1.164054351599432393e-10
6.866413841175465438e-10
2.436813712299377299e-10
4.753455292028008169e-10
6.847219890210466991e-10
5.064450585911909179e-10
8.707126193797520054e-11
5.362801941243157632e-10
1.023517709655182996e-10
2.388023072454851942e-10
4.092872207472641738e-10
1.703114791743571736e-10
7.104059578684214514e-10
1.621901270693825527e-10
8.439205350378889278e-11
1.638732472853091131e-10
1.143354890156365471e-10
3.602673737134030462e-10
3.275714152725551673e-10
1.310679265871304443e-10
1.795305385172442957e-10
1.201107283784560872e-10
6.111764974496305044e-10
9.578534132389913027e-11
1.802369579312929093e-10
4.654662946479074540e-10
2.363077655865474183e-10
1.060967392114816083e-10
2.726204758857483417e-10
8.676752903928297832e-11
1.195196372342153456e-10
1.814148789654162272e-10
1.448683065105057377e-10
3.090119071577019806e-10
1.029450947053861537e-10
2.116321603749335228e-10
2.120806171718359868e-10
7.419210149440462268e-10
1.466139016093545614e-10
3.542515626491155632e-10
4.922889565420312981e-10
1.213832534746690730e-10
2.328488272477016681e-10
6.166320122703925394e-10
2.523539474929837188e-10
7.530363338556250155e-10
2.476473036980317852e-10
8.877425306182883003e-11
9.904670462527476277e-11
1.677750571072089640e-10
1.079884557359581911e-10
2.121919703603853055e-10
4.020904833163487681e-10
3.612369075784378794e-10
1.379966867122540267e-10
4.295645518841205314e-10
2.707261637395606210e-10
8.842752276677571234e-11
5.544862315578131929e-10
2.231873338520023499e-10
5.034502345668294663e-10
2.803831359439798841e-10
1.874209556193823990e-10
7.604009571099733352e-10
8.242333249612201509e-11
1.922466055549789248e-10
1.340167497500053305e-10
2.968446491589692451e-10
3.371430273954171557e-10
4.075731470261621801e-10
1.166559138664018211e-10
1.311439961157871188e-10
3.113709381388325385e-10
6.299016582906138086e-10
1.164814375999484280e-10
1.679132436463104207e-10
6.756512919672508699e-10
1.386532411004982931e-10
1.038915813713663461e-10
6.545245746928700518e-10
1.940754315349317529e-10
4.585523140757617442e-10
2.895492961802729044e-10
4.492100255129015077e-10
3.469686844433511092e-10
5.872134523552179635e-10
2.325232047928710769e-10
2.235186573415058467e-10
9.387988907730160220e-11
5.713211127483320182e-10
3.777354469193864876e-10
1.228026071758859124e-10
1.339274763806379769e-10
3.619739628173753600e-10
6.311242128173551697e-10
2.555768533046702364e-10
1.074466863959943662e-10
9.388342174177980465e-11
4.515653360855954286e-10
1.544071928459486371e-10
2.189663712756112292e-10
1.983766984513814075e-10
8.632129274714204938e-11
1.494013401289228650e-10
9.241750289706564666e-11
1.296668800793901183e-10
2.838909562184990842e-10
6.680118317740597772e-10
2.552768996296664480e-10
2.094278915043656995e-10
8.220267287112392575e-11
4.369397153628419639e-10
2.671737622209835304e-10
6.008139005588094303e-10
7.708675559628548931e-10
3.018123518382699342e-10
3.111175848164427826e-10
4.465165711347494191e-10
1.033377646517289391e-10
3.183983529029471891e-10
1.379778185915454118e-10
1.164054351599432393e-10
1.408208245917960768e-10
2.436813712299377299e-10
4.216703683611788069e-10
6.889932409744891493e-10
3.381027842771156435e-10
4.918110898424950677e-10
4.312977537352564331e-10
1.023517709655182996e-10
1.033700387561433724e-10
1.187983930055976758e-10
1.618438455213370143e-10
3.457459497265294590e-10
4.107596649389572688e-10
6.574327395065970817e-10
1.638732472853091131e-10
1.143354890156365471e-10
3.819248717709871173e-10
4.235110022960802690e-10
4.007726362407828663e-10
1.795305385172442957e-10
5.634439892637315622e-10
6.989511953253179331e-10
9.578534132389913027e-11
9.124086744384704546e-10
6.102534607591878589e-10
8.197711145845689655e-11
1.060967392114816083e-10
2.726204758857483417e-10
8.676752903928297832e-11
1.611960937233322320e-10
1.299530351096285489e-10
1.448683065105057377e-10
5.400604020657743069e-10
1.029450947053861537e-10
2.116321603749335228e-10
4.067891041136804637e-10
2.897870268832992505e-10
1.466139016093545614e-10
3.542515626491155632e-10
4.922889565420312981e-10
1.213832534746690730e-10
2.328488272477016681e-10
5.365479675674266623e-10
1.501499179260929480e-10
7.923234885173944237e-11
4.717540989463460351e-10
1.677434328126925678e-10
2.230369360331124550e-10
2.263727082721190556e-10
1.330794792859022452e-10
3.807275618813024398e-10
4.020904833163487681e-10
8.419547168106237975e-10
2.035040955824676427e-10
3.101339580961179896e-10
2.707261637395606210e-10
1.376663390095697441e-10
5.544862315578131929e-10
6.708230144710336683e-10
5.034502345668294663e-10
7.581050755535012509e-10
1.465899084510013394e-10
6.941790623642530302e-10
8.242333249612201509e-11
1.922466055549789248e-10
1.389578750258322806e-10
2.456262275230791204e-10
2.789101810028426489e-10
1.987772279808213135e-10
1.166559138664018211e-10
1.311439961157871188e-10
5.065158614126330849e-10
6.299016582906138086e-10
1.164814375999484280e-10
2.816391163776182923e-10
2.162651549768746099e-10
1.386532411004982931e-10
4.317381191275621136e-10
2.371561287735308921e-10
1.670364514163548979e-10
8.647986659892505496e-11
3.772741258010581999e-10
9.429741095614429104e-11
3.411680235929759758e-10
5.872134523552179635e-10
8.391389325734422754e-11
4.058990989163036349e-10
9.387988907730160220e-11
9.061696643967796667e-11
8.309190196405193917e-11
1.228026071758859124e-10
1.045161931543355502e-10
4.890823354419389134e-10
6.311242128173551697e-10
2.555768533046702364e-10
9.428828668023709251e-11
9.388342174177980465e-11
1.140013416182749331e-10
1.544071928459486371e-10
2.189663712756112292e-10
8.532064504404173235e-11
8.632129274714204938e-11
1.494013401289228650e-10
9.241750289706564666e-11
2.316035273045395002e-10
2.838909562184990842e-10
5.077499099728451510e-10
1.434564025139793159e-10
1.940589377966914591e-10
1.990006230094640468e-10
6.755406980156157772e-10
1.887807829918468808e-10
6.008139005588094303e-10
4.300099209639174992e-10
4.173288753960018081e-10
3.486484002050528909e-10
4.465165711347494191e-10
8.057776079477080430e-11
8.855513230176614717e-11
5.832354591077640977e-10
1.603776079309015791e-10
1.408208245917960768e-10
2.305089486961983729e-10
1.016704790484015121e-10
4.735763560526414360e-10
2.376633005948193763e-10
2.564635068124056741e-10
4.312977537352564331e-10
1.737434526873465199e-10
1.033700387561433724e-10
1.187983930055976758e-10
1.618438455213370143e-10
1.192326702546240431e-10
4.018991936148179352e-10
6.408424904660223482e-10
8.063113373971590306e-11
1.179363559458341183e-10
1.021527259448023161e-10
5.288082795925320158e-10
4.007726362407828663e-10
4.156334208529596191e-10
1.757836052185709153e-10
8.663745206259459237e-10
5.046499524260124733e-10
6.972212998292925638e-10
4.075794380074323745e-10
8.197711145845689655e-11
2.324505346418374263e-10
1.293102999935043147e-10
3.489855871130484158e-10
8.020730119466586728e-11
1.100568260489311540e-10
1.390812992108615534e-10
5.400604020657743069e-10
2.425457496609206702e-10
1.846436223958615045e-10
2.110234208032477138e-10
1.207239015167494682e-10
3.155729060569043258e-10
6.279373785839046525e-10
5.393447333233945653e-10
1.251639906498689166e-10
1.932470172094243808e-10
3.939196834867757052e-10
1.501499179260929480e-10
7.923234885173944237e-11
6.542626248783793059e-10
3.439922402347478285e-10
2.230369360331124550e-10
2.263727082721190556e-10
1.330794792859022452e-10
3.807275618813024398e-10
1.133159155706899249e-10
4.852699887792328698e-10
2.035040955824676427e-10
3.101339580961179896e-10
2.397228848259594464e-10
2.240652059535592046e-10
1.925830768261800995e-10
8.028023082365122343e-11
1.430223563131731945e-10
2.376257139498167927e-10
1.465899084510013394e-10
4.419715861127291540e-10
1.826494713375789436e-10
6.817471038497162043e-10
3.841866079340579889e-10
2.456262275230791204e-10
1.581983820364169013e-10
1.987772279808213135e-10
1.177682170815048416e-10
1.510998778551061529e-10
5.065158614126330849e-10
1.688000318401176654e-10
5.843677405387269985e-10
1.747419580398049279e-10
2.162651549768746099e-10
4.219558204351490113e-10
1.904389601510822748e-10
1.842907324572350698e-10
1.670364514163548979e-10
8.647986659892505496e-11
2.427868965873809149e-10
9.429741095614429104e-11
3.293046408918908285e-10
7.232790280528497488e-10
8.391389325734422754e-11
4.058990989163036349e-10
3.797429159731875368e-10
9.061696643967796667e-11
8.309190196405193917e-11
9.063852791561217125e-11
1.045161931543355502e-10
4.890823354419389134e-10
1.703859311270713849e-10
9.722519514603539783e-11
8.378445195569777517e-11
1.134946573090711831e-10
1.140013416182749331e-10
2.474199826003318222e-10
2.460208644644542385e-10
8.532064504404173235e-11
7.809132330190570974e-10
8.440616523698027523e-10
3.148481891351509839e-10
2.316035273045395002e-10
1.063353261797930129e-10
5.077499099728451510e-10
1.434564025139793159e-10
1.492915683596540811e-10
5.378127644005530040e-10
9.043973621190440486e-11
1.887807829918468808e-10
7.200404612047811269e-10
8.266893754080937670e-11
2.597465205380836402e-10
4.189782887267428732e-10
1.289801938785332307e-10
8.057776079477080430e-11
8.855513230176614717e-11
2.066962054284668598e-10
1.603776079309015791e-10
1.529701962947931595e-10
2.243547018850022166e-10
1.016704790484015121e-10
2.128032759156955441e-10
2.376633005948193763e-10
2.564635068124056741e-10
2.637668701184622675e-10
1.737434526873465199e-10
2.510363414707199691e-10
1.246967719467220633e-10
3.155602875435049778e-10
1.192326702546240431e-10
4.018991936148179352e-10
2.935203824528795361e-10
8.063113373971590306e-11
1.179363559458341183e-10
1.021527259448023161e-10
7.124924658943797392e-10
7.002971381680041469e-10
1.283958785930230510e-10
1.757836052185709153e-10
6.829742512130797867e-10
5.459387900981141317e-10
2.561832228838461032e-10
1.262609892496241170e-10
1.546258966625754667e-10
2.650356717598121658e-10
1.293102999935043147e-10
1.993278833151142709e-10
8.020730119466586728e-11
1.100568260489311540e-10
1.390812992108615534e-10
8.842436667051968802e-10
2.425457496609206702e-10
1.846436223958615045e-10
1.114815094975207795e-10
1.207239015167494682e-10
3.155729060569043258e-10
2.828290868877452226e-10
5.393447333233945653e-10
2.079341490783318427e-10
8.503420403973694196e-11
8.604444284393306165e-11
4.375646952227236678e-10
3.489601167370580878e-10
8.895646163255867720e-11
2.897588230412877787e-10
3.143258627267549837e-10
3.184178614910706052e-10
2.928323783072379642e-10
1.521156579022989333e-10
1.133159155706899249e-10
2.205063320373806007e-10
2.275956466949191646e-10
4.809198820430234229e-10
2.397228848259594464e-10
5.411231434293442193e-10
1.925830768261800995e-10
8.028023082365122343e-11
1.430223563131731945e-10
1.935889747992186923e-10
1.741286603446669803e-10
1.986590232982479835e-10
1.826494713375789436e-10
5.557151938336079404e-10
2.006066068481815502e-10
1.685150644504785523e-10
1.581983820364169013e-10
2.882706199718260726e-10
4.810148733206926408e-10
1.510998778551061529e-10
2.561333848335634617e-10
1.688000318401176654e-10
4.751283689344861843e-10
1.747419580398049279e-10
6.090047787431943502e-10
3.607499439222297081e-10
1.904389601510822748e-10
1.842907324572350698e-10
3.392994976255698860e-10
5.240861605176104943e-10
8.346890869294863795e-11
1.132360990434099264e-10
3.293046408918908285e-10
7.229971359207815190e-10
2.172171887128007716e-10
4.944063239948655602e-10
1.890456131265486591e-10
3.534262178580809476e-10
1.799696194798088218e-10
9.063852791561217125e-11
2.949907728308050986e-10
1.835709903031815552e-10
1.703859311270713849e-10
9.722519514603539783e-11
8.378445195569777517e-11
3.827814067754388037e-10
1.264337792348327634e-10
2.474199826003318222e-10
2.460208644644542385e-10
1.314449753186918004e-10
5.378185447879929279e-10
2.610356775080176937e-10
8.269685227471896122e-11
1.416031054141300771e-10
1.063353261797930129e-10
6.125002641532768795e-10
3.596056779624425483e-10
1.492915683596540811e-10
5.378127644005530040e-10
9.043973621190440486e-11
3.817759816444990398e-10
6.019646761215725370e-10
8.266893754080937670e-11
8.863882538728828016e-11
7.104845418192967698e-10
1.289801938785332307e-10
8.853718382564290429e-11
4.775363577441380608e-10
1.987793772775589357e-10
2.068818381030370568e-10
1.529701962947931595e-10
1.761718332964890505e-10
3.371129374773677623e-10
2.128032759156955441e-10
2.718047612924973037e-10
2.755981231382041920e-10
2.637668701184622675e-10
2.428477701583116019e-10
2.510363414707199691e-10
2.205014122575586865e-10
8.299528663654473614e-10
8.728483872698210121e-10
9.002758897479507883e-11
2.935203824528795361e-10
2.687850218105090440e-10
1.516170826089783524e-10
2.375444303788983766e-10
6.127323022692142128e-10
3.862126274862517652e-10
1.283958785930230510e-10
7.205881189667442855e-10
5.893808610388257228e-10
2.247952950730650638e-10
2.561832228838461032e-10
1.262609892496241170e-10
1.546258966625754667e-10
3.756785214244573992e-10
6.093364314254870770e-10
1.993278833151142709e-10
4.662856434213552559e-10
8.530921846757147095e-10
8.849521274079787887e-10
4.803916400749857818e-10
1.945548122187993810e-10
3.935141000672735474e-10
1.114815094975207795e-10
2.622826865023346473e-10
4.945623749745936939e-10
1.201240062292867563e-10
1.305753302313487514e-10
3.032491741370487972e-10
8.503420403973694196e-11
8.604444284393306165e-11
4.375646952227236678e-10
3.489601167370580878e-10
8.895646163255867720e-11
2.628815022586854101e-10
3.303216480756434676e-10
3.184178614910706052e-10
7.569775328255858631e-10
1.168205495670988112e-10
2.764810338686022309e-10
2.205063320373806007e-10
7.099817253230933296e-10
2.023644980102849682e-10
7.985384927081538441e-11
3.053131445541888922e-10
6.552996713118105130e-10
1.499095110262088668e-10
2.093468370638042236e-10
1.935889747992186923e-10
2.078903404998281064e-10
1.525334182470156320e-10
2.710267846984151626e-10
2.352796330772277813e-10
2.006066068481815502e-10
1.685150644504785523e-10
2.493880783677861038e-10
8.105224186565878167e-11
4.810148733206926408e-10
1.410439482269272198e-10
2.561333848335634617e-10
1.142486148732149400e-10
4.751283689344861843e-10
2.181231030350740670e-10
2.021603835462845759e-10
3.607499439222297081e-10
1.019893987856684918e-10
3.536336959784558860e-10
3.392994976255698860e-10
6.132987046208941943e-10
8.346890869294863795e-11
1.132360990434099264e-10
4.679520697573593269e-10
2.149367172224218822e-10
2.817099207761811615e-10
4.944063239948655602e-10
1.890456131265486591e-10
8.547039372632890012e-10
1.799696194798088218e-10
1.489525218838617048e-10
1.343828519505441352e-10
1.835709903031815552e-10
2.121576190009314533e-10
1.299769421954077765e-10
3.896450956912385572e-10
3.827814067754388037e-10
8.942329596491069598e-10
3.425264621149937619e-10
8.719499246419722683e-11
8.458214074868061798e-11
3.729927460333329405e-10
2.610356775080176937e-10
8.269685227471896122e-11
1.416031054141300771e-10
6.322862956895392404e-10
6.082190354737050754e-10
5.564265050392273378e-10
4.671695086422002295e-10
7.548241463402487377e-10
4.852516424248888786e-10
3.817759816444990398e-10
6.019646761215725370e-10
1.626389535128545420e-10
8.863882538728828016e-11
3.131985776678794439e-10
3.041419857730168759e-10
1.693244131146690219e-10
3.327939681176043631e-10
1.987793772775589357e-10
9.465490377396628718e-10
1.078977473644103688e-10
1.761718332964890505e-10
6.890060192234985049e-10
3.795596862409937646e-10
2.388404685907062300e-10
3.829834336326942330e-10
3.086007206027888476e-10
4.515192416205744475e-10
2.269884272226181742e-10
1.200900404334018695e-10
4.016023333388412617e-10
1.638607986180975283e-10
9.002758897479507883e-11
3.533165574727578867e-10
2.687850218105090440e-10
1.516170826089783524e-10
2.375444303788983766e-10
6.127323022692142128e-10
3.862126274862517652e-10
2.462644881181398905e-10
5.115426131928299158e-10
1.660372498330656773e-10
2.247952950730650638e-10
6.988159754983940323e-10
2.090524134204658912e-10
1.081728652322209460e-10
3.756785214244573992e-10
7.015238347721066700e-10
4.268480219085464851e-10
8.375568449567877313e-11
3.388813438007036760e-10
3.105596265935603949e-10
3.312016061821956423e-10
1.432636893378647727e-10
3.935141000672735474e-10
3.427866604489332238e-10
2.622826865023346473e-10
4.945623749745936939e-10
1.201240062292867563e-10
1.305753302313487514e-10
7.258869547637987249e-10
8.906860879811876570e-10
1.546781918669003508e-10
4.236246720520484164e-10
6.138081895085309234e-10
2.819092415231945100e-10
2.628815022586854101e-10
5.952246802098658553e-10
4.458969064110844049e-10
5.134582463846430033e-10
1.168205495670988112e-10
2.764810338686022309e-10
3.375081595985895959e-10
5.483638247471427111e-10
2.023644980102849682e-10
7.985384927081538441e-11
3.053131445541888922e-10
1.292674253252973738e-10
1.286712738128195016e-10
3.621327912407101621e-10
3.260222005920382439e-10
2.078903404998281064e-10
1.525334182470156320e-10
2.585919329668109613e-10
2.352796330772277813e-10
2.068939563018805516e-10
3.753852748691597518e-10
9.035989755512846741e-11
8.105224186565878167e-11
1.061525309142918848e-10
1.410439482269272198e-10
1.180737584423964030e-10
1.142486148732149400e-10
1.858582344254892154e-10
2.860661464699407565e-10
2.021603835462845759e-10
6.589554453336021922e-10
1.019893987856684918e-10
3.536336959784558860e-10
1.183852435970366757e-10
1.631190821588129144e-10
1.101145165573966293e-10
2.717114504019416724e-10
5.597886680789286112e-10
2.149367172224218822e-10
2.477752518898348149e-10
1.013825333595051260e-10
2.423062913030265273e-10
7.734362283425824734e-10
1.894201613305188704e-10
1.489525218838617048e-10
1.343828519505441352e-10
1.392937252670013288e-10
1.541399951821564936e-10
3.070959352256906892e-10
1.610802574670121255e-10
8.950182988297300495e-11
1.942662145508403693e-10
3.156994432402925309e-10
8.719499246419722683e-11
8.458214074868061798e-11
1.567616572742067317e-10
5.289294823614900260e-10
1.203683658087486244e-10
1.884835346969540171e-10
6.322862956895392404e-10
3.627440422287704724e-10
5.168563396487813282e-10
1.788692757697542190e-10
1.196335198116733546e-10
4.852516424248888786e-10
2.890346485265575133e-10
4.678667841825342176e-10
1.626389535128545420e-10
3.000961037570863183e-10
3.131985776678794439e-10
3.041419857730168759e-10
1.693244131146690219e-10
8.328786509625518798e-11
6.270666615517472957e-10
2.536071445945224390e-10
1.078977473644103688e-10
7.370050067098884137e-10
3.416251598320374982e-10
1.522049242175009131e-10
2.388404685907062300e-10
2.615923194447241172e-10
2.014022501269522073e-10
4.987170045768072715e-10
1.850421789821107839e-10
1.200900404334018695e-10
3.497322280059257770e-10
1.638607986180975283e-10
1.957096776151515287e-10
1.850873227865007709e-10
2.896193137900248371e-10
1.507711662244367711e-10
6.039197855541711949e-10
6.916696554528179661e-10
2.310159153224521617e-10
2.577039422829692465e-10
5.115426131928299158e-10
1.408371439133653235e-10
3.902381326372458516e-10
5.489977969429206658e-10
2.090524134204658912e-10
1.081728652322209460e-10
3.166279539565401030e-10
3.239698741106504887e-10
3.388304079526093081e-10
8.375568449567877313e-11
2.125107510909565980e-10
3.105596265935603949e-10
3.312016061821956423e-10
1.432636893378647727e-10
6.619310380592112429e-10
8.028437734462016082e-11
5.025541319440881415e-10
1.747990754467411162e-10
6.107247126546597057e-10
1.305658615480745223e-10
1.226434935462499619e-10
3.260132110367071924e-10
1.546781918669003508e-10
4.236246720520484164e-10
6.827290389496929416e-10
2.396556440155862237e-10
2.346231046484433176e-10
1.884570413067945222e-10
4.458969064110844049e-10
5.134582463846430033e-10
1.352615865894703639e-10
4.125202910463715197e-10
2.805788045605162300e-10
5.483638247471427111e-10
2.357476645118384079e-10
1.438093456340221220e-10
7.508117373317419003e-10
1.292674253252973738e-10
1.286712738128195016e-10
1.039624877830683402e-10
2.055234714994269922e-10
4.865827381983832485e-10
2.192602530652231765e-10
2.585919329668109613e-10
2.555056806848748565e-10
2.068939563018805516e-10
6.367380760817615988e-10
9.035989755512846741e-11
5.394848606642437342e-10
1.061525309142918848e-10
9.517102112512154381e-11
1.013183883857291367e-10
2.728624700041791938e-10
1.764096434577431350e-10
5.730960500919181690e-10
1.374261238080593264e-10
4.123947113339028757e-10
1.528234746575671221e-10
3.811993172780996980e-10
1.183852435970366757e-10
1.631190821588129144e-10
1.101145165573966293e-10
2.717114504019416724e-10
5.482848282994519066e-10
1.603425231051325634e-10
2.477752518898348149e-10
1.013825333595051260e-10
2.423062913030265273e-10
1.029411208834974556e-10
4.598146662031714608e-10
6.616001121735324970e-10
1.388119355928340594e-10
1.392937252670013288e-10
1.541399951821564936e-10
3.070959352256906892e-10
1.610802574670121255e-10
8.950182988297300495e-11
1.942662145508403693e-10
2.047632295075426907e-10
4.115008844872110292e-10
8.594222538978698313e-11
1.448931176660163734e-10
2.855258183713421062e-10
1.203683658087486244e-10
2.748882129353752118e-10
7.174569010901298171e-10
3.627440422287704724e-10
3.549779816332154857e-10
1.788692757697542190e-10
1.196335198116733546e-10
2.218609180868199176e-10
2.890346485265575133e-10
4.678667841825342176e-10
2.048064316222758801e-10
2.038499881002826910e-10
4.583190458950732821e-10
4.125781899103405886e-10
2.438970673735816472e-10
8.328786509625518798e-11
1.426120902577145729e-10
2.536071445945224390e-10
4.600336992272854602e-10
9.156080334551636291e-11
1.723038200359614675e-10
1.522049242175009131e-10
3.778552535808752752e-10
9.088849839644548353e-11
2.014022501269522073e-10
8.396696918380384597e-11
8.340812987959693980e-11
8.016942406329969567e-11
9.606251342473793394e-11
2.871199248912930240e-10
2.498100122707278087e-10
1.850873227865007709e-10
2.896193137900248371e-10
1.507711662244367711e-10
6.039197855541711949e-10
7.209474354523792107e-10
2.310159153224521617e-10
3.858937468546135169e-10
4.548707640468078279e-10
9.301384954464000340e-11
1.997020832778287581e-10
1.375795858464646913e-10
4.176700637817937371e-10
1.380970490388225743e-10
3.166279539565401030e-10
1.990747257825022849e-10
3.388304079526093081e-10
1.322663188245002952e-10
2.125107510909565980e-10
3.724221548352446229e-10
1.765607124596452473e-10
1.162158096773989651e-10
6.257642709051744536e-10
8.028437734462016082e-11
7.226251627562765020e-10
1.747990754467411162e-10
1.029974043448905722e-10
1.305658615480745223e-10
1.226434935462499619e-10
2.980021417657498053e-10
2.296817910840597307e-10
2.853901515317422253e-10
2.298431036219331847e-10
2.396556440155862237e-10
2.346231046484433176e-10
1.884570413067945222e-10
4.159529916785646618e-10
6.338669994247086837e-10
1.352615865894703639e-10
1.087261401441183762e-10
1.348069421686502910e-10
1.276916681797801134e-10
1.953054922721360149e-10
7.829202489894389240e-10
6.880077300573091463e-10
2.189424447668283883e-10
6.550393986456486624e-10
1.039624877830683402e-10
2.055234714994269922e-10
4.774342933097370463e-10
2.192602530652231765e-10
1.352299298471430775e-10
5.041211917959362260e-10
1.152856286937951989e-10
2.439935860109483989e-10
4.812456747362869980e-10
5.037221963938678335e-10
1.811293092271616137e-10
9.517102112512154381e-11
1.013183883857291367e-10
2.183161129345878502e-10
1.764096434577431350e-10
4.132160509800859085e-10
1.374261238080593264e-10
4.123947113339028757e-10
4.477353739751231908e-10
8.305747977165272186e-10
1.527170317980976553e-10
3.258437695360749015e-10
2.107049272773648659e-10
2.810126089039242590e-10
2.348328501693991276e-10
1.603425231051325634e-10
8.061633848310100192e-11
2.106362118020301595e-10
9.698448862064216018e-11
1.029411208834974556e-10
3.455692888073984635e-10
1.434230405078836272e-10
1.388119355928340594e-10
1.515158659572835292e-10
1.738670898878099621e-10
8.241550329264929011e-10
6.018973257805617835e-10
6.419058081025177343e-10
1.799792172604152385e-10
1.994118692019642625e-10
7.574556627366734866e-10
8.594222538978698313e-11
1.448931176660163734e-10
2.855258183713421062e-10
3.035533097109406613e-10
3.177588107796159384e-10
6.569207379143224329e-10
1.973629406683756561e-10
3.549779816332154857e-10
5.315466511978194176e-10
1.285009236720556504e-10
1.233470178176629653e-10
3.707980887970972781e-10
8.708236540820603495e-10
4.724239202401306319e-10
2.038499881002826910e-10
5.771785534381094412e-10
2.460139139329864115e-10
2.438970673735816472e-10
3.762075983387952477e-10
8.857064089712074185e-11
1.669365186804885454e-10
1.263047988313036006e-10
9.156080334551636291e-11
9.450699067922939442e-11
8.811608449897473296e-10
2.008764102096233264e-10
9.088849839644548353e-11
3.463763382717903426e-10
8.396696918380384597e-11
8.340812987959693980e-11
8.016942406329969567e-11
9.606251342473793394e-11
3.034751630724595754e-10
2.498100122707278087e-10
2.636368209351010898e-10
3.527689559306363613e-10
5.481119184825881975e-10
6.735951404075016283e-10
5.198492566589928256e-10
1.796166631352888161e-10
3.858937468546135169e-10
4.548707640468078279e-10
9.301384954464000340e-11
1.997020832778287581e-10
1.375795858464646913e-10
4.704957770239157196e-10
1.857411103647170934e-10
1.401259284564244715e-10
1.990747257825022849e-10
1.920410468682036911e-10
8.082267353180849045e-10
2.028656578790870878e-10
1.999744485291295154e-10
1.765607124596452473e-10
1.162158096773989651e-10
1.648515125504538512e-10
1.261863246026836426e-10
1.688493209394831880e-10
6.751276176576460557e-10
1.029974043448905722e-10
1.434777054276435024e-10
3.016380009655390687e-10
1.007876448273399922e-10
2.296817910840597307e-10
2.853901515317422253e-10
8.408730722193651994e-11
5.615538463121978148e-10
8.804481361715727726e-10
3.068092031782103602e-10
2.502589234953433602e-10
2.057659143483353565e-10
3.099490711007379711e-10
1.087261401441183762e-10
1.348069421686502910e-10
1.276916681797801134e-10
1.953054922721360149e-10
4.928266611042306484e-10
6.880077300573091463e-10
2.189424447668283883e-10
6.550393986456486624e-10
1.575729517538143539e-10
6.279553178878179921e-10
3.943687657107132030e-10
2.925412725904121720e-10
1.352299298471430775e-10
2.449120857379473851e-10
1.152856286937951989e-10
7.966684123743875688e-11
8.484187039580043804e-11
2.125033304026289606e-10
1.811293092271616137e-10
1.136797757977955460e-10
3.847715004691665227e-10
