1000	1.000000e+03	1.000000e+03	1.000000e+03	0.000000e+00
1	1.000000e+02	0.000000e+00	0.000000e+00	1	4	2.089616e+01	1.587050e+04	3.995167e-02	0.000000e+00
2	2.000000e+02	0.000000e+00	0.000000e+00	0	4	2.089616e+01	2.063706e+04	3.995167e-02	0.000000e+00
3	3.000000e+02	0.000000e+00	0.000000e+00	0	4	2.089616e+01	1.184918e+04	3.995167e-02	0.000000e+00
4	4.000000e+02	0.000000e+00	0.000000e+00	0	4	2.089616e+01	2.230418e+04	3.995167e-02	0.000000e+00
5	5.000000e+02	0.000000e+00	0.000000e+00	0	4	2.089616e+01	9.902267e+03	3.995167e-02	0.000000e+00
6	6.000000e+02	0.000000e+00	0.000000e+00	0	4	2.089616e+01	1.016577e+04	3.995167e-02	0.000000e+00
7	7.000000e+02	0.000000e+00	0.000000e+00	0	4	2.089616e+01	2.168674e+04	3.995167e-02	0.000000e+00
8	8.000000e+02	0.000000e+00	0.000000e+00	0	4	2.089616e+01	1.303498e+04	3.995167e-02	0.000000e+00
9	9.000000e+02	0.000000e+00	0.000000e+00	0	4	2.089616e+01	1.498507e+04	3.995167e-02	0.000000e+00
10	1.000000e+03	0.000000e+00	0.000000e+00	2	4	2.089616e+01	1.082813e+04	3.995167e-02	0.000000e+00
11	1.000000e+02	1.000000e+02	0.000000e+00	1	5	2.089616e+01	1.005319e+04	3.995167e-02	0.000000e+00
12	2.000000e+02	1.000000e+02	0.000000e+00	0	5	2.089616e+01	1.948161e+04	3.995167e-02	0.000000e+00
13	3.000000e+02	1.000000e+02	0.000000e+00	0	5	2.089616e+01	1.075866e+04	3.995167e-02	0.000000e+00
14	4.000000e+02	1.000000e+02	0.000000e+00	0	5	2.089616e+01	1.917449e+04	3.995167e-02	0.000000e+00
15	5.000000e+02	1.000000e+02	0.000000e+00	0	5	2.089616e+01	8.352072e+03	3.995167e-02	0.000000e+00
16	6.000000e+02	1.000000e+02	0.000000e+00	0	5	2.089616e+01	9.437281e+03	3.995167e-02	0.000000e+00
17	7.000000e+02	1.000000e+02	0.000000e+00	0	5	2.089616e+01	2.066689e+04	3.995167e-02	0.000000e+00
18	8.000000e+02	1.000000e+02	0.000000e+00	0	5	2.089616e+01	1.936795e+04	3.995167e-02	0.000000e+00
19	9.000000e+02	1.000000e+02	0.000000e+00	0	5	2.089616e+01	1.985913e+04	3.995167e-02	0.000000e+00
20	1.000000e+03	1.000000e+02	0.000000e+00	2	5	2.089616e+01	2.082668e+04	3.995167e-02	0.000000e+00
21	1.000000e+02	2.000000e+02	0.000000e+00	1	5	2.089616e+01	1.286370e+04	3.995167e-02	0.000000e+00
22	2.000000e+02	2.000000e+02	0.000000e+00	0	5	2.089616e+01	8.372736e+03	3.995167e-02	0.000000e+00
23	3.000000e+02	2.000000e+02	0.000000e+00	0	5	2.089616e+01	7.940553e+03	3.995167e-02	0.000000e+00
24	4.000000e+02	2.000000e+02	0.000000e+00	0	5	2.089616e+01	1.542126e+04	3.995167e-02	0.000000e+00
25	5.000000e+02	2.000000e+02	0.000000e+00	0	5	2.089616e+01	2.243156e+04	3.995167e-02	0.000000e+00
26	6.000000e+02	2.000000e+02	0.000000e+00	0	5	2.089616e+01	1.614041e+04	3.995167e-02	0.000000e+00
27	7.000000e+02	2.000000e+02	0.000000e+00	0	5	2.089616e+01	1.602687e+04	3.995167e-02	0.000000e+00
28	8.000000e+02	2.000000e+02	0.000000e+00	0	5	2.089616e+01	1.810512e+04	3.995167e-02	0.000000e+00
29	9.000000e+02	2.000000e+02	0.000000e+00	0	5	2.089616e+01	1.149786e+04	3.995167e-02	0.000000e+00
30	1.000000e+03	2.000000e+02	0.000000e+00	2	5	2.089616e+01	1.643573e+04	3.995167e-02	0.000000e+00
31	1.000000e+02	3.000000e+02	0.000000e+00	1	5	2.089616e+01	1.108874e+04	3.995167e-02	0.000000e+00
32	2.000000e+02	3.000000e+02	0.000000e+00	0	5	2.089616e+01	1.477410e+04	3.995167e-02	0.000000e+00
33	3.000000e+02	3.000000e+02	0.000000e+00	0	5	2.089616e+01	8.592172e+03	3.995167e-02	0.000000e+00
34	4.000000e+02	3.000000e+02	0.000000e+00	0	5	2.089616e+01	1.539559e+04	3.995167e-02	0.000000e+00
35	5.000000e+02	3.000000e+02	0.000000e+00	0	5	2.089616e+01	8.406845e+03	3.995167e-02	0.000000e+00
36	6.000000e+02	3.000000e+02	0.000000e+00	0	5	2.089616e+01	2.118350e+04	3.995167e-02	0.000000e+00
37	7.000000e+02	3.000000e+02	0.000000e+00	0	5	2.089616e+01	9.172121e+03	3.995167e-02	0.000000e+00
38	8.000000e+02	3.000000e+02	0.000000e+00	0	5	2.089616e+01	1.324456e+04	3.995167e-02	0.000000e+00
39	9.000000e+02	3.000000e+02	0.000000e+00	0	5	2.089616e+01	1.585535e+04	3.995167e-02	0.000000e+00
40	1.000000e+03	3.000000e+02	0.000000e+00	2	5	2.089616e+01	1.895081e+04	3.995167e-02	0.000000e+00
41	1.000000e+02	4.000000e+02	0.000000e+00	1	5	2.089616e+01	1.967508e+04	3.995167e-02	0.000000e+00
42	2.000000e+02	4.000000e+02	0.000000e+00	0	5	2.089616e+01	1.733259e+04	3.995167e-02	0.000000e+00
43	3.000000e+02	4.000000e+02	0.000000e+00	0	5	2.089616e+01	1.421471e+04	3.995167e-02	0.000000e+00
44	4.000000e+02	4.000000e+02	0.000000e+00	0	5	2.089616e+01	1.987321e+04	3.995167e-02	0.000000e+00
45	5.000000e+02	4.000000e+02	0.000000e+00	0	5	2.089616e+01	2.144786e+04	3.995167e-02	0.000000e+00
46	6.000000e+02	4.000000e+02	0.000000e+00	0	5	2.089616e+01	1.305656e+04	3.995167e-02	0.000000e+00
47	7.000000e+02	4.000000e+02	0.000000e+00	0	5	2.089616e+01	1.057138e+04	3.995167e-02	0.000000e+00
48	8.000000e+02	4.000000e+02	0.000000e+00	0	5	2.089616e+01	2.247764e+04	3.995167e-02	0.000000e+00
49	9.000000e+02	4.000000e+02	0.000000e+00	0	5	2.089616e+01	1.286308e+04	3.995167e-02	0.000000e+00
50	1.000000e+03	4.000000e+02	0.000000e+00	2	5	2.089616e+01	1.488612e+04	3.995167e-02	0.000000e+00
51	1.000000e+02	5.000000e+02	0.000000e+00	1	5	2.089616e+01	9.255348e+03	3.995167e-02	0.000000e+00
52	2.000000e+02	5.000000e+02	0.000000e+00	0	5	2.089616e+01	1.471227e+04	3.995167e-02	0.000000e+00
53	3.000000e+02	5.000000e+02	0.000000e+00	0	5	2.089616e+01	1.532974e+04	3.995167e-02	0.000000e+00
54	4.000000e+02	5.000000e+02	0.000000e+00	0	5	2.089616e+01	1.947241e+04	3.995167e-02	0.000000e+00
55	5.000000e+02	5.000000e+02	0.000000e+00	0	5	2.089616e+01	2.174682e+04	3.995167e-02	0.000000e+00
56	6.000000e+02	5.000000e+02	0.000000e+00	0	5	2.089616e+01	1.329032e+04	3.995167e-02	0.000000e+00
57	7.000000e+02	5.000000e+02	0.000000e+00	0	5	2.089616e+01	2.198223e+04	3.995167e-02	0.000000e+00
58	8.000000e+02	5.000000e+02	0.000000e+00	0	5	2.089616e+01	9.991175e+03	3.995167e-02	0.000000e+00
59	9.000000e+02	5.000000e+02	0.000000e+00	0	5	2.089616e+01	1.376153e+04	3.995167e-02	0.000000e+00
60	1.000000e+03	5.000000e+02	0.000000e+00	2	5	2.089616e+01	2.253306e+04	3.995167e-02	0.000000e+00
61	1.000000e+02	6.000000e+02	0.000000e+00	1	5	2.089616e+01	2.133253e+04	3.995167e-02	0.000000e+00
62	2.000000e+02	6.000000e+02	0.000000e+00	0	5	2.089616e+01	1.545768e+04	3.995167e-02	0.000000e+00
63	3.000000e+02	6.000000e+02	0.000000e+00	0	5	2.089616e+01	1.424516e+04	3.995167e-02	0.000000e+00
64	4.000000e+02	6.000000e+02	0.000000e+00	0	5	2.089616e+01	1.289178e+04	3.995167e-02	0.000000e+00
65	5.000000e+02	6.000000e+02	0.000000e+00	0	5	2.089616e+01	1.876629e+04	3.995167e-02	0.000000e+00
66	6.000000e+02	6.000000e+02	0.000000e+00	0	5	2.089616e+01	1.449891e+04	3.995167e-02	0.000000e+00
67	7.000000e+02	6.000000e+02	0.000000e+00	0	5	2.089616e+01	1.772340e+04	3.995167e-02	0.000000e+00
68	8.000000e+02	6.000000e+02	0.000000e+00	0	5	2.089616e+01	2.245600e+04	3.995167e-02	0.000000e+00
69	9.000000e+02	6.000000e+02	0.000000e+00	0	5	2.089616e+01	8.963215e+03	3.995167e-02	0.000000e+00
70	1.000000e+03	6.000000e+02	0.000000e+00	2	5	2.089616e+01	2.092679e+04	3.995167e-02	0.000000e+00
71	1.000000e+02	7.000000e+02	0.000000e+00	1	5	2.089616e+01	2.212616e+04	3.995167e-02	0.000000e+00
72	2.000000e+02	7.000000e+02	0.000000e+00	0	5	2.089616e+01	1.399529e+04	3.995167e-02	0.000000e+00
73	3.000000e+02	7.000000e+02	0.000000e+00	0	5	2.089616e+01	1.357387e+04	3.995167e-02	0.000000e+00
74	4.000000e+02	7.000000e+02	0.000000e+00	0	5	2.089616e+01	8.759837e+03	3.995167e-02	0.000000e+00
75	5.000000e+02	7.000000e+02	0.000000e+00	0	5	2.089616e+01	2.017387e+04	3.995167e-02	0.000000e+00
76	6.000000e+02	7.000000e+02	0.000000e+00	0	5	2.089616e+01	1.141596e+04	3.995167e-02	0.000000e+00
77	7.000000e+02	7.000000e+02	0.000000e+00	0	5	2.089616e+01	2.067984e+04	3.995167e-02	0.000000e+00
78	8.000000e+02	7.000000e+02	0.000000e+00	0	5	2.089616e+01	9.757220e+03	3.995167e-02	0.000000e+00
79	9.000000e+02	7.000000e+02	0.000000e+00	0	5	2.089616e+01	2.220203e+04	3.995167e-02	0.000000e+00
80	1.000000e+03	7.000000e+02	0.000000e+00	2	5	2.089616e+01	1.706028e+04	3.995167e-02	0.000000e+00
81	1.000000e+02	8.000000e+02	0.000000e+00	1	5	2.089616e+01	2.255179e+04	3.995167e-02	0.000000e+00
82	2.000000e+02	8.000000e+02	0.000000e+00	0	5	2.089616e+01	1.208521e+04	3.995167e-02	0.000000e+00
83	3.000000e+02	8.000000e+02	0.000000e+00	0	5	2.089616e+01	2.166740e+04	3.995167e-02	0.000000e+00
84	4.000000e+02	8.000000e+02	0.000000e+00	0	5	2.089616e+01	1.536925e+04	3.995167e-02	0.000000e+00
85	5.000000e+02	8.000000e+02	0.000000e+00	0	5	2.089616e+01	1.691097e+04	3.995167e-02	0.000000e+00
86	6.000000e+02	8.000000e+02	0.000000e+00	0	5	2.089616e+01	1.133843e+04	3.995167e-02	0.000000e+00
87	7.000000e+02	8.000000e+02	0.000000e+00	0	5	2.089616e+01	8.282933e+03	3.995167e-02	0.000000e+00
88	8.000000e+02	8.000000e+02	0.000000e+00	0	5	2.089616e+01	1.358720e+04	3.995167e-02	0.000000e+00
89	9.000000e+02	8.000000e+02	0.000000e+00	0	5	2.089616e+01	1.125522e+04	3.995167e-02	0.000000e+00
90	1.000000e+03	8.000000e+02	0.000000e+00	2	5	2.089616e+01	8.733248e+03	3.995167e-02	0.000000e+00
91	1.000000e+02	9.000000e+02	0.000000e+00	1	4	2.089616e+01	1.985893e+04	3.995167e-02	0.000000e+00
92	2.000000e+02	9.000000e+02	0.000000e+00	0	4	2.089616e+01	2.204036e+04	3.995167e-02	0.000000e+00
93	3.000000e+02	9.000000e+02	0.000000e+00	0	4	2.089616e+01	1.291734e+04	3.995167e-02	0.000000e+00
94	4.000000e+02	9.000000e+02	0.000000e+00	0	4	2.089616e+01	1.343340e+04	3.995167e-02	0.000000e+00
95	5.000000e+02	9.000000e+02	0.000000e+00	0	4	2.089616e+01	1.554938e+04	3.995167e-02	0.000000e+00
96	6.000000e+02	9.000000e+02	0.000000e+00	0	4	2.089616e+01	1.038743e+04	3.995167e-02	0.000000e+00
97	7.000000e+02	9.000000e+02	0.000000e+00	0	4	2.089616e+01	1.753957e+04	3.995167e-02	0.000000e+00
98	8.000000e+02	9.000000e+02	0.000000e+00	0	4	2.089616e+01	1.644063e+04	3.995167e-02	0.000000e+00
99	9.000000e+02	9.000000e+02	0.000000e+00	0	4	2.089616e+01	1.155493e+04	3.995167e-02	0.000000e+00
100	1.000000e+03	9.000000e+02	0.000000e+00	2	4	2.089616e+01	1.045264e+04	3.995167e-02	0.000000e+00
101	1.000000e+02	0.000000e+00	1.000000e+02	1	5	2.089616e+01	1.765888e+04	3.995167e-02	0.000000e+00
102	2.000000e+02	0.000000e+00	1.000000e+02	0	5	2.089616e+01	1.066576e+04	3.995167e-02	0.000000e+00
103	3.000000e+02	0.000000e+00	1.000000e+02	0	5	2.089616e+01	2.186012e+04	3.995167e-02	0.000000e+00
104	4.000000e+02	0.000000e+00	1.000000e+02	0	5	2.089616e+01	1.624437e+04	3.995167e-02	0.000000e+00
105	5.000000e+02	0.000000e+00	1.000000e+02	0	5	2.089616e+01	2.116721e+04	3.995167e-02	0.000000e+00
106	6.000000e+02	0.000000e+00	1.000000e+02	0	5	2.089616e+01	1.830160e+04	3.995167e-02	0.000000e+00
107	7.000000e+02	0.000000e+00	1.000000e+02	0	5	2.089616e+01	1.743343e+04	3.995167e-02	0.000000e+00
108	8.000000e+02	0.000000e+00	1.000000e+02	0	5	2.089616e+01	1.464583e+04	3.995167e-02	0.000000e+00
109	9.000000e+02	0.000000e+00	1.000000e+02	0	5	2.089616e+01	1.614424e+04	3.995167e-02	0.000000e+00
110	1.000000e+03	0.000000e+00	1.000000e+02	2	5	2.089616e+01	1.230271e+04	3.995167e-02	0.000000e+00
111	1.000000e+02	1.000000e+02	1.000000e+02	1	6	2.089616e+01	1.811486e+04	3.995167e-02	0.000000e+00
112	2.000000e+02	1.000000e+02	1.000000e+02	0	6	2.089616e+01	1.409234e+04	3.995167e-02	0.000000e+00
113	3.000000e+02	1.000000e+02	1.000000e+02	0	6	2.089616e+01	1.270884e+04	3.995167e-02	0.000000e+00
114	4.000000e+02	1.000000e+02	1.000000e+02	0	6	2.089616e+01	1.273243e+04	3.995167e-02	0.000000e+00
115	5.000000e+02	1.000000e+02	1.000000e+02	0	6	2.089616e+01	8.886503e+03	3.995167e-02	0.000000e+00
116	6.000000e+02	1.000000e+02	1.000000e+02	0	6	2.089616e+01	1.903254e+04	3.995167e-02	0.000000e+00
117	7.000000e+02	1.000000e+02	1.000000e+02	0	6	2.089616e+01	2.097071e+04	3.995167e-02	0.000000e+00
118	8.000000e+02	1.000000e+02	1.000000e+02	0	6	2.089616e+01	1.939879e+04	3.995167e-02	0.000000e+00
119	9.000000e+02	1.000000e+02	1.000000e+02	0	6	2.089616e+01	2.015744e+04	3.995167e-02	0.000000e+00
120	1.000000e+03	1.000000e+02	1.000000e+02	2	6	2.089616e+01	2.209279e+04	3.995167e-02	0.000000e+00
121	1.000000e+02	2.000000e+02	1.000000e+02	1	6	2.089616e+01	1.697948e+04	3.995167e-02	0.000000e+00
122	2.000000e+02	2.000000e+02	1.000000e+02	0	6	2.089616e+01	1.988589e+04	3.995167e-02	0.000000e+00
123	3.000000e+02	2.000000e+02	1.000000e+02	0	6	2.089616e+01	1.628045e+04	3.995167e-02	0.000000e+00
124	4.000000e+02	2.000000e+02	1.000000e+02	0	6	2.089616e+01	1.909886e+04	3.995167e-02	0.000000e+00
125	5.000000e+02	2.000000e+02	1.000000e+02	0	6	2.089616e+01	1.125591e+04	3.995167e-02	0.000000e+00
126	6.000000e+02	2.000000e+02	1.000000e+02	0	6	2.089616e+01	1.402599e+04	3.995167e-02	0.000000e+00
127	7.000000e+02	2.000000e+02	1.000000e+02	0	6	2.089616e+01	1.579624e+04	3.995167e-02	0.000000e+00
128	8.000000e+02	2.000000e+02	1.000000e+02	0	6	2.089616e+01	1.400842e+04	3.995167e-02	0.000000e+00
129	9.000000e+02	2.000000e+02	1.000000e+02	0	6	2.089616e+01	1.785668e+04	3.995167e-02	0.000000e+00
130	1.000000e+03	2.000000e+02	1.000000e+02	2	6	2.089616e+01	1.369980e+04	3.995167e-02	0.000000e+00
131	1.000000e+02	3.000000e+02	1.000000e+02	1	6	2.089616e+01	2.238618e+04	3.995167e-02	0.000000e+00
132	2.000000e+02	3.000000e+02	1.000000e+02	0	6	2.089616e+01	1.185854e+04	3.995167e-02	0.000000e+00
133	3.000000e+02	3.000000e+02	1.000000e+02	0	6	2.089616e+01	7.942642e+03	3.995167e-02	0.000000e+00
134	4.000000e+02	3.000000e+02	1.000000e+02	0	6	2.089616e+01	9.554527e+03	3.995167e-02	0.000000e+00
135	5.000000e+02	3.000000e+02	1.000000e+02	0	6	2.089616e+01	1.751624e+04	3.995167e-02	0.000000e+00
136	6.000000e+02	3.000000e+02	1.000000e+02	0	6	2.089616e+01	1.815148e+04	3.995167e-02	0.000000e+00
137	7.000000e+02	3.000000e+02	1.000000e+02	0	6	2.089616e+01	1.182347e+04	3.995167e-02	0.000000e+00
138	8.000000e+02	3.000000e+02	1.000000e+02	0	6	2.089616e+01	1.778692e+04	3.995167e-02	0.000000e+00
139	9.000000e+02	3.000000e+02	1.000000e+02	0	6	2.089616e+01	1.648787e+04	3.995167e-02	0.000000e+00
140	1.000000e+03	3.000000e+02	1.000000e+02	2	6	2.089616e+01	2.174232e+04	3.995167e-02	0.000000e+00
141	1.000000e+02	4.000000e+02	1.000000e+02	1	6	2.089616e+01	1.819485e+04	3.995167e-02	0.000000e+00
142	2.000000e+02	4.000000e+02	1.000000e+02	0	6	2.089616e+01	1.676081e+04	3.995167e-02	0.000000e+00
143	3.000000e+02	4.000000e+02	1.000000e+02	0	6	2.089616e+01	2.251384e+04	3.995167e-02	0.000000e+00
144	4.000000e+02	4.000000e+02	1.000000e+02	0	6	2.089616e+01	9.269824e+03	3.995167e-02	0.000000e+00
145	5.000000e+02	4.000000e+02	1.000000e+02	0	6	2.089616e+01	2.042332e+04	3.995167e-02	0.000000e+00
146	6.000000e+02	4.000000e+02	1.000000e+02	0	6	2.089616e+01	9.258710e+03	3.995167e-02	0.000000e+00
147	7.000000e+02	4.000000e+02	1.000000e+02	0	6	2.089616e+01	2.036225e+04	3.995167e-02	0.000000e+00
148	8.000000e+02	4.000000e+02	1.000000e+02	0	6	2.089616e+01	1.562295e+04	3.995167e-02	0.000000e+00
149	9.000000e+02	4.000000e+02	1.000000e+02	0	6	2.089616e+01	9.010960e+03	3.995167e-02	0.000000e+00
150	1.000000e+03	4.000000e+02	1.000000e+02	2	6	2.089616e+01	2.071820e+04	3.995167e-02	0.000000e+00
151	1.000000e+02	5.000000e+02	1.000000e+02	1	6	2.089616e+01	1.442281e+04	3.995167e-02	0.000000e+00
152	2.000000e+02	5.000000e+02	1.000000e+02	0	6	2.089616e+01	1.869856e+04	3.995167e-02	0.000000e+00
153	3.000000e+02	5.000000e+02	1.000000e+02	0	6	2.089616e+01	7.848439e+03	3.995167e-02	0.000000e+00
154	4.000000e+02	5.000000e+02	1.000000e+02	0	6	2.089616e+01	1.880195e+04	3.995167e-02	0.000000e+00
155	5.000000e+02	5.000000e+02	1.000000e+02	0	6	2.089616e+01	1.663059e+04	3.995167e-02	0.000000e+00
156	6.000000e+02	5.000000e+02	1.000000e+02	0	6	2.089616e+01	8.400154e+03	3.995167e-02	0.000000e+00
157	7.000000e+02	5.000000e+02	1.000000e+02	0	6	2.089616e+01	1.341194e+04	3.995167e-02	0.000000e+00
158	8.000000e+02	5.000000e+02	1.000000e+02	0	6	2.089616e+01	1.756367e+04	3.995167e-02	0.000000e+00
159	9.000000e+02	5.000000e+02	1.000000e+02	0	6	2.089616e+01	1.334569e+04	3.995167e-02	0.000000e+00
160	1.000000e+03	5.000000e+02	1.000000e+02	2	6	2.089616e+01	1.362809e+04	3.995167e-02	0.000000e+00
161	1.000000e+02	6.000000e+02	1.000000e+02	1	6	2.089616e+01	8.011762e+03	3.995167e-02	0.000000e+00
162	2.000000e+02	6.000000e+02	1.000000e+02	0	6	2.089616e+01	2.089210e+04	3.995167e-02	0.000000e+00
163	3.000000e+02	6.000000e+02	1.000000e+02	0	6	2.089616e+01	1.666891e+04	3.995167e-02	0.000000e+00
164	4.000000e+02	6.000000e+02	1.000000e+02	0	6	2.089616e+01	1.598119e+04	3.995167e-02	0.000000e+00
165	5.000000e+02	6.000000e+02	1.000000e+02	0	6	2.089616e+01	2.179934e+04	3.995167e-02	0.000000e+00
166	6.000000e+02	6.000000e+02	1.000000e+02	0	6	2.089616e+01	1.697629e+04	3.995167e-02	0.000000e+00
167	7.000000e+02	6.000000e+02	1.000000e+02	0	6	2.089616e+01	1.139703e+04	3.995167e-02	0.000000e+00
168	8.000000e+02	6.000000e+02	1.000000e+02	0	6	2.089616e+01	1.934080e+04	3.995167e-02	0.000000e+00
169	9.000000e+02	6.000000e+02	1.000000e+02	0	6	2.089616e+01	1.889528e+04	3.995167e-02	0.000000e+00
170	1.000000e+03	6.000000e+02	1.000000e+02	2	6	2.089616e+01	9.993729e+03	3.995167e-02	0.000000e+00
171	1.000000e+02	7.000000e+02	1.000000e+02	1	6	2.089616e+01	1.357029e+04	3.995167e-02	0.000000e+00
172	2.000000e+02	7.000000e+02	1.000000e+02	0	6	2.089616e+01	2.215129e+04	3.995167e-02	0.000000e+00
173	3.000000e+02	7.000000e+02	1.000000e+02	0	6	2.089616e+01	1.035764e+04	3.995167e-02	0.000000e+00
174	4.000000e+02	7.000000e+02	1.000000e+02	0	6	2.089616e+01	1.267281e+04	3.995167e-02	0.000000e+00
175	5.000000e+02	7.000000e+02	1.000000e+02	0	6	2.089616e+01	2.229396e+04	3.995167e-02	0.000000e+00
176	6.000000e+02	7.000000e+02	1.000000e+02	0	6	2.089616e+01	1.216614e+04	3.995167e-02	0.000000e+00
177	7.000000e+02	7.000000e+02	1.000000e+02	0	6	2.089616e+01	1.244256e+04	3.995167e-02	0.000000e+00
178	8.000000e+02	7.000000e+02	1.000000e+02	0	6	2.089616e+01	1.797378e+04	3.995167e-02	0.000000e+00
179	9.000000e+02	7.000000e+02	1.000000e+02	0	6	2.089616e+01	1.831715e+04	3.995167e-02	0.000000e+00
180	1.000000e+03	7.000000e+02	1.000000e+02	2	6	2.089616e+01	9.789698e+03	3.995167e-02	0.000000e+00
181	1.000000e+02	8.000000e+02	1.000000e+02	1	6	2.089616e+01	1.460690e+04	3.995167e-02	0.000000e+00
182	2.000000e+02	8.000000e+02	1.000000e+02	0	6	2.089616e+01	7.980237e+03	3.995167e-02	0.000000e+00
183	3.000000e+02	8.000000e+02	1.000000e+02	0	6	2.089616e+01	1.709481e+04	3.995167e-02	0.000000e+00
184	4.000000e+02	8.000000e+02	1.000000e+02	0	6	2.089616e+01	1.727809e+04	3.995167e-02	0.000000e+00
185	5.000000e+02	8.000000e+02	1.000000e+02	0	6	2.089616e+01	1.879024e+04	3.995167e-02	0.000000e+00
186	6.000000e+02	8.000000e+02	1.000000e+02	0	6	2.089616e+01	1.713306e+04	3.995167e-02	0.000000e+00
187	7.000000e+02	8.000000e+02	1.000000e+02	0	6	2.089616e+01	1.815183e+04	3.995167e-02	0.000000e+00
188	8.000000e+02	8.000000e+02	1.000000e+02	0	6	2.089616e+01	1.125349e+04	3.995167e-02	0.000000e+00
189	9.000000e+02	8.000000e+02	1.000000e+02	0	6	2.089616e+01	1.181401e+04	3.995167e-02	0.000000e+00
190	1.000000e+03	8.000000e+02	1.000000e+02	2	6	2.089616e+01	1.444847e+04	3.995167e-02	0.000000e+00
191	1.000000e+02	9.000000e+02	1.000000e+02	1	5	2.089616e+01	9.159122e+03	3.995167e-02	0.000000e+00
192	2.000000e+02	9.000000e+02	1.000000e+02	0	5	2.089616e+01	1.056549e+04	3.995167e-02	0.000000e+00
193	3.000000e+02	9.000000e+02	1.000000e+02	0	5	2.089616e+01	1.171481e+04	3.995167e-02	0.000000e+00
194	4.000000e+02	9.000000e+02	1.000000e+02	0	5	2.089616e+01	1.247537e+04	3.995167e-02	0.000000e+00
195	5.000000e+02	9.000000e+02	1.000000e+02	0	5	2.089616e+01	1.578512e+04	3.995167e-02	0.000000e+00
196	6.000000e+02	9.000000e+02	1.000000e+02	0	5	2.089616e+01	1.223513e+04	3.995167e-02	0.000000e+00
197	7.000000e+02	9.000000e+02	1.000000e+02	0	5	2.089616e+01	1.778447e+04	3.995167e-02	0.000000e+00
198	8.000000e+02	9.000000e+02	1.000000e+02	0	5	2.089616e+01	1.244022e+04	3.995167e-02	0.000000e+00
199	9.000000e+02	9.000000e+02	1.000000e+02	0	5	2.089616e+01	1.448602e+04	3.995167e-02	0.000000e+00
200	1.000000e+03	9.000000e+02	1.000000e+02	2	5	2.089616e+01	2.158241e+04	3.995167e-02	0.000000e+00
201	1.000000e+02	0.000000e+00	2.000000e+02	1	5	2.089616e+01	1.405903e+04	3.995167e-02	0.000000e+00
202	2.000000e+02	0.000000e+00	2.000000e+02	0	5	2.089616e+01	2.024038e+04	3.995167e-02	0.000000e+00
203	3.000000e+02	0.000000e+00	2.000000e+02	0	5	2.089616e+01	1.199499e+04	3.995167e-02	0.000000e+00
204	4.000000e+02	0.000000e+00	2.000000e+02	0	5	2.089616e+01	8.516551e+03	3.995167e-02	0.000000e+00
205	5.000000e+02	0.000000e+00	2.000000e+02	0	5	2.089616e+01	1.575737e+04	3.995167e-02	0.000000e+00
206	6.000000e+02	0.000000e+00	2.000000e+02	0	5	2.089616e+01	1.641360e+04	3.995167e-02	0.000000e+00
207	7.000000e+02	0.000000e+00	2.000000e+02	0	5	2.089616e+01	8.654470e+03	3.995167e-02	0.000000e+00
208	8.000000e+02	0.000000e+00	2.000000e+02	0	5	2.089616e+01	1.467789e+04	3.995167e-02	0.000000e+00
209	9.000000e+02	0.000000e+00	2.000000e+02	0	5	2.089616e+01	1.953238e+04	3.995167e-02	0.000000e+00
210	1.000000e+03	0.000000e+00	2.000000e+02	2	5	2.089616e+01	8.383239e+03	3.995167e-02	0.000000e+00
211	1.000000e+02	1.000000e+02	2.000000e+02	1	6	2.089616e+01	1.268861e+04	3.995167e-02	0.000000e+00
212	2.000000e+02	1.000000e+02	2.000000e+02	0	6	2.089616e+01	2.214801e+04	3.995167e-02	0.000000e+00
213	3.000000e+02	1.000000e+02	2.000000e+02	0	6	2.089616e+01	1.421082e+04	3.995167e-02	0.000000e+00
214	4.000000e+02	1.000000e+02	2.000000e+02	0	6	2.089616e+01	8.089568e+03	3.995167e-02	0.000000e+00
215	5.000000e+02	1.000000e+02	2.000000e+02	0	6	2.089616e+01	1.913609e+04	3.995167e-02	0.000000e+00
216	6.000000e+02	1.000000e+02	2.000000e+02	0	6	2.089616e+01	1.402044e+04	3.995167e-02	0.000000e+00
217	7.000000e+02	1.000000e+02	2.000000e+02	0	6	2.089616e+01	1.152864e+04	3.995167e-02	0.000000e+00
218	8.000000e+02	1.000000e+02	2.000000e+02	0	6	2.089616e+01	8.046040e+03	3.995167e-02	0.000000e+00
219	9.000000e+02	1.000000e+02	2.000000e+02	0	6	2.089616e+01	2.126058e+04	3.995167e-02	0.000000e+00
220	1.000000e+03	1.000000e+02	2.000000e+02	2	6	2.089616e+01	1.655030e+04	3.995167e-02	0.000000e+00
221	1.000000e+02	2.000000e+02	2.000000e+02	1	6	2.089616e+01	2.133992e+04	3.995167e-02	0.000000e+00
222	2.000000e+02	2.000000e+02	2.000000e+02	0	6	2.089616e+01	1.323952e+04	3.995167e-02	0.000000e+00
223	3.000000e+02	2.000000e+02	2.000000e+02	0	6	2.089616e+01	1.924682e+04	3.995167e-02	0.000000e+00
224	4.000000e+02	2.000000e+02	2.000000e+02	0	6	2.089616e+01	1.365801e+04	3.995167e-02	0.000000e+00
225	5.000000e+02	2.000000e+02	2.000000e+02	0	6	2.089616e+01	8.205157e+03	3.995167e-02	0.000000e+00
226	6.000000e+02	2.000000e+02	2.000000e+02	0	6	2.089616e+01	2.110427e+04	3.995167e-02	0.000000e+00
227	7.000000e+02	2.000000e+02	2.000000e+02	0	6	2.089616e+01	1.930632e+04	3.995167e-02	0.000000e+00
228	8.000000e+02	2.000000e+02	2.000000e+02	0	6	2.089616e+01	1.950327e+04	3.995167e-02	0.000000e+00
229	9.000000e+02	2.000000e+02	2.000000e+02	0	6	2.089616e+01	1.000305e+04	3.995167e-02	0.000000e+00
230	1.000000e+03	2.000000e+02	2.000000e+02	2	6	2.089616e+01	1.424091e+04	3.995167e-02	0.000000e+00
231	1.000000e+02	3.000000e+02	2.000000e+02	1	6	2.089616e+01	1.283698e+04	3.995167e-02	0.000000e+00
232	2.000000e+02	3.000000e+02	2.000000e+02	0	6	2.089616e+01	1.466147e+04	3.995167e-02	0.000000e+00
233	3.000000e+02	3.000000e+02	2.000000e+02	0	6	2.089616e+01	1.432438e+04	3.995167e-02	0.000000e+00
234	4.000000e+02	3.000000e+02	2.000000e+02	0	6	2.089616e+01	1.380329e+04	3.995167e-02	0.000000e+00
235	5.000000e+02	3.000000e+02	2.000000e+02	0	6	2.089616e+01	1.090464e+04	3.995167e-02	0.000000e+00
236	6.000000e+02	3.000000e+02	2.000000e+02	0	6	2.089616e+01	1.620484e+04	3.995167e-02	0.000000e+00
237	7.000000e+02	3.000000e+02	2.000000e+02	0	6	2.089616e+01	2.147441e+04	3.995167e-02	0.000000e+00
238	8.000000e+02	3.000000e+02	2.000000e+02	0	6	2.089616e+01	2.037796e+04	3.995167e-02	0.000000e+00
239	9.000000e+02	3.000000e+02	2.000000e+02	0	6	2.089616e+01	1.038686e+04	3.995167e-02	0.000000e+00
240	1.000000e+03	3.000000e+02	2.000000e+02	2	6	2.089616e+01	9.970666e+03	3.995167e-02	0.000000e+00
241	1.000000e+02	4.000000e+02	2.000000e+02	1	6	2.089616e+01	1.368073e+04	3.995167e-02	0.000000e+00
242	2.000000e+02	4.000000e+02	2.000000e+02	0	6	2.089616e+01	1.022040e+04	3.995167e-02	0.000000e+00
243	3.000000e+02	4.000000e+02	2.000000e+02	0	6	2.089616e+01	7.927121e+03	3.995167e-02	0.000000e+00
244	4.000000e+02	4.000000e+02	2.000000e+02	0	6	2.089616e+01	7.805113e+03	3.995167e-02	0.000000e+00
245	5.000000e+02	4.000000e+02	2.000000e+02	0	6	2.089616e+01	1.853884e+04	3.995167e-02	0.000000e+00
246	6.000000e+02	4.000000e+02	2.000000e+02	0	6	2.089616e+01	2.192222e+04	3.995167e-02	0.000000e+00
247	7.000000e+02	4.000000e+02	2.000000e+02	0	6	2.089616e+01	1.344018e+04	3.995167e-02	0.000000e+00
248	8.000000e+02	4.000000e+02	2.000000e+02	0	6	2.089616e+01	1.405510e+04	3.995167e-02	0.000000e+00
249	9.000000e+02	4.000000e+02	2.000000e+02	0	6	2.089616e+01	1.073079e+04	3.995167e-02	0.000000e+00
250	1.000000e+03	4.000000e+02	2.000000e+02	2	6	2.089616e+01	2.075199e+04	3.995167e-02	0.000000e+00
251	1.000000e+02	5.000000e+02	2.000000e+02	1	6	2.089616e+01	2.271452e+04	3.995167e-02	0.000000e+00
252	2.000000e+02	5.000000e+02	2.000000e+02	0	6	2.089616e+01	1.464011e+04	3.995167e-02	0.000000e+00
253	3.000000e+02	5.000000e+02	2.000000e+02	0	6	2.089616e+01	1.116425e+04	3.995167e-02	0.000000e+00
254	4.000000e+02	5.000000e+02	2.000000e+02	0	6	2.089616e+01	1.477947e+04	3.995167e-02	0.000000e+00
255	5.000000e+02	5.000000e+02	2.000000e+02	0	6	2.089616e+01	1.631701e+04	3.995167e-02	0.000000e+00
256	6.000000e+02	5.000000e+02	2.000000e+02	0	6	2.089616e+01	2.030069e+04	3.995167e-02	0.000000e+00
257	7.000000e+02	5.000000e+02	2.000000e+02	0	6	2.089616e+01	2.066214e+04	3.995167e-02	0.000000e+00
258	8.000000e+02	5.000000e+02	2.000000e+02	0	6	2.089616e+01	1.872752e+04	3.995167e-02	0.000000e+00
259	9.000000e+02	5.000000e+02	2.000000e+02	0	6	2.089616e+01	1.056567e+04	3.995167e-02	0.000000e+00
260	1.000000e+03	5.000000e+02	2.000000e+02	2	6	2.089616e+01	2.180206e+04	3.995167e-02	0.000000e+00
261	1.000000e+02	6.000000e+02	2.000000e+02	1	6	2.089616e+01	1.518080e+04	3.995167e-02	0.000000e+00
262	2.000000e+02	6.000000e+02	2.000000e+02	0	6	2.089616e+01	1.136229e+04	3.995167e-02	0.000000e+00
263	3.000000e+02	6.000000e+02	2.000000e+02	0	6	2.089616e+01	1.773153e+04	3.995167e-02	0.000000e+00
264	4.000000e+02	6.000000e+02	2.000000e+02	0	6	2.089616e+01	1.852700e+04	3.995167e-02	0.000000e+00
265	5.000000e+02	6.000000e+02	2.000000e+02	0	6	2.089616e+01	1.220210e+04	3.995167e-02	0.000000e+00
266	6.000000e+02	6.000000e+02	2.000000e+02	0	6	2.089616e+01	1.102090e+04	3.995167e-02	0.000000e+00
267	7.000000e+02	6.000000e+02	2.000000e+02	0	6	2.089616e+01	1.423096e+04	3.995167e-02	0.000000e+00
268	8.000000e+02	6.000000e+02	2.000000e+02	0	6	2.089616e+01	9.183238e+03	3.995167e-02	0.000000e+00
269	9.000000e+02	6.000000e+02	2.000000e+02	0	6	2.089616e+01	1.755306e+04	3.995167e-02	0.000000e+00
270	1.000000e+03	6.000000e+02	2.000000e+02	2	6	2.089616e+01	2.042399e+04	3.995167e-02	0.000000e+00
271	1.000000e+02	7.000000e+02	2.000000e+02	1	6	2.089616e+01	2.088930e+04	3.995167e-02	0.000000e+00
272	2.000000e+02	7.000000e+02	2.000000e+02	0	6	2.089616e+01	2.158267e+04	3.995167e-02	0.000000e+00
273	3.000000e+02	7.000000e+02	2.000000e+02	0	6	2.089616e+01	9.720978e+03	3.995167e-02	0.000000e+00
274	4.000000e+02	7.000000e+02	2.000000e+02	0	6	2.089616e+01	1.021026e+04	3.995167e-02	0.000000e+00
275	5.000000e+02	7.000000e+02	2.000000e+02	0	6	2.089616e+01	1.864659e+04	3.995167e-02	0.000000e+00
276	6.000000e+02	7.000000e+02	2.000000e+02	0	6	2.089616e+01	2.240844e+04	3.995167e-02	0.000000e+00
277	7.000000e+02	7.000000e+02	2.000000e+02	0	6	2.089616e+01	1.116065e+04	3.995167e-02	0.000000e+00
278	8.000000e+02	7.000000e+02	2.000000e+02	0	6	2.089616e+01	1.780778e+04	3.995167e-02	0.000000e+00
279	9.000000e+02	7.000000e+02	2.000000e+02	0	6	2.089616e+01	1.653097e+04	3.995167e-02	0.000000e+00
280	1.000000e+03	7.000000e+02	2.000000e+02	2	6	2.089616e+01	1.355325e+04	3.995167e-02	0.000000e+00
281	1.000000e+02	8.000000e+02	2.000000e+02	1	6	2.089616e+01	1.673728e+04	3.995167e-02	0.000000e+00
282	2.000000e+02	8.000000e+02	2.000000e+02	0	6	2.089616e+01	1.719870e+04	3.995167e-02	0.000000e+00
283	3.000000e+02	8.000000e+02	2.000000e+02	0	6	2.089616e+01	1.919754e+04	3.995167e-02	0.000000e+00
284	4.000000e+02	8.000000e+02	2.000000e+02	0	6	2.089616e+01	1.234980e+04	3.995167e-02	0.000000e+00
285	5.000000e+02	8.000000e+02	2.000000e+02	0	6	2.089616e+01	1.317075e+04	3.995167e-02	0.000000e+00
286	6.000000e+02	8.000000e+02	2.000000e+02	0	6	2.089616e+01	2.263437e+04	3.995167e-02	0.000000e+00
287	7.000000e+02	8.000000e+02	2.000000e+02	0	6	2.089616e+01	1.919830e+04	3.995167e-02	0.000000e+00
288	8.000000e+02	8.000000e+02	2.000000e+02	0	6	2.089616e+01	1.004319e+04	3.995167e-02	0.000000e+00
289	9.000000e+02	8.000000e+02	2.000000e+02	0	6	2.089616e+01	1.802445e+04	3.995167e-02	0.000000e+00
290	1.000000e+03	8.000000e+02	2.000000e+02	2	6	2.089616e+01	2.189175e+04	3.995167e-02	0.000000e+00
291	1.000000e+02	9.000000e+02	2.000000e+02	1	5	2.089616e+01	1.498716e+04	3.995167e-02	0.000000e+00
292	2.000000e+02	9.000000e+02	2.000000e+02	0	5	2.089616e+01	1.116884e+04	3.995167e-02	0.000000e+00
293	3.000000e+02	9.000000e+02	2.000000e+02	0	5	2.089616e+01	1.150125e+04	3.995167e-02	0.000000e+00
294	4.000000e+02	9.000000e+02	2.000000e+02	0	5	2.089616e+01	1.179198e+04	3.995167e-02	0.000000e+00
295	5.000000e+02	9.000000e+02	2.000000e+02	0	5	2.089616e+01	1.900469e+04	3.995167e-02	0.000000e+00
296	6.000000e+02	9.000000e+02	2.000000e+02	0	5	2.089616e+01	8.056945e+03	3.995167e-02	0.000000e+00
297	7.000000e+02	9.000000e+02	2.000000e+02	0	5	2.089616e+01	1.269379e+04	3.995167e-02	0.000000e+00
298	8.000000e+02	9.000000e+02	2.000000e+02	0	5	2.089616e+01	1.136501e+04	3.995167e-02	0.000000e+00
299	9.000000e+02	9.000000e+02	2.000000e+02	0	5	2.089616e+01	2.093626e+04	3.995167e-02	0.000000e+00
300	1.000000e+03	9.000000e+02	2.000000e+02	2	5	2.089616e+01	1.681385e+04	3.995167e-02	0.000000e+00
301	1.000000e+02	0.000000e+00	3.000000e+02	1	5	2.089616e+01	8.452335e+03	3.995167e-02	0.000000e+00
302	2.000000e+02	0.000000e+00	3.000000e+02	0	5	2.089616e+01	1.346795e+04	3.995167e-02	0.000000e+00
303	3.000000e+02	0.000000e+00	3.000000e+02	0	5	2.089616e+01	2.126542e+04	3.995167e-02	0.000000e+00
304	4.000000e+02	0.000000e+00	3.000000e+02	0	5	2.089616e+01	1.624035e+04	3.995167e-02	0.000000e+00
305	5.000000e+02	0.000000e+00	3.000000e+02	0	5	2.089616e+01	1.179133e+04	3.995167e-02	0.000000e+00
306	6.000000e+02	0.000000e+00	3.000000e+02	0	5	2.089616e+01	1.802906e+04	3.995167e-02	0.000000e+00
307	7.000000e+02	0.000000e+00	3.000000e+02	0	5	2.089616e+01	1.084782e+04	3.995167e-02	0.000000e+00
308	8.000000e+02	0.000000e+00	3.000000e+02	0	5	2.089616e+01	1.518060e+04	3.995167e-02	0.000000e+00
309	9.000000e+02	0.000000e+00	3.000000e+02	0	5	2.089616e+01	1.295445e+04	3.995167e-02	0.000000e+00
310	1.000000e+03	0.000000e+00	3.000000e+02	2	5	2.089616e+01	1.031273e+04	3.995167e-02	0.000000e+00
311	1.000000e+02	1.000000e+02	3.000000e+02	1	6	2.089616e+01	1.129329e+04	3.995167e-02	0.000000e+00
312	2.000000e+02	1.000000e+02	3.000000e+02	0	6	2.089616e+01	8.162560e+03	3.995167e-02	0.000000e+00
313	3.000000e+02	1.000000e+02	3.000000e+02	0	6	2.089616e+01	2.236269e+04	3.995167e-02	0.000000e+00
314	4.000000e+02	1.000000e+02	3.000000e+02	0	6	2.089616e+01	1.204325e+04	3.995167e-02	0.000000e+00
315	5.000000e+02	1.000000e+02	3.000000e+02	0	6	2.089616e+01	8.553480e+03	3.995167e-02	0.000000e+00
316	6.000000e+02	1.000000e+02	3.000000e+02	0	6	2.089616e+01	1.985502e+04	3.995167e-02	0.000000e+00
317	7.000000e+02	1.000000e+02	3.000000e+02	0	6	2.089616e+01	1.878269e+04	3.995167e-02	0.000000e+00
318	8.000000e+02	1.000000e+02	3.000000e+02	0	6	2.089616e+01	1.030926e+04	3.995167e-02	0.000000e+00
319	9.000000e+02	1.000000e+02	3.000000e+02	0	6	2.089616e+01	1.307188e+04	3.995167e-02	0.000000e+00
320	1.000000e+03	1.000000e+02	3.000000e+02	2	6	2.089616e+01	1.184772e+04	3.995167e-02	0.000000e+00
321	1.000000e+02	2.000000e+02	3.000000e+02	1	6	2.089616e+01	1.896215e+04	3.995167e-02	0.000000e+00
322	2.000000e+02	2.000000e+02	3.000000e+02	0	6	2.089616e+01	1.853236e+04	3.995167e-02	0.000000e+00
323	3.000000e+02	2.000000e+02	3.000000e+02	0	6	2.089616e+01	1.894701e+04	3.995167e-02	0.000000e+00
324	4.000000e+02	2.000000e+02	3.000000e+02	0	6	2.089616e+01	1.108956e+04	3.995167e-02	0.000000e+00
325	5.000000e+02	2.000000e+02	3.000000e+02	0	6	2.089616e+01	1.168465e+04	3.995167e-02	0.000000e+00
326	6.000000e+02	2.000000e+02	3.000000e+02	0	6	2.089616e+01	1.184742e+04	3.995167e-02	0.000000e+00
327	7.000000e+02	2.000000e+02	3.000000e+02	0	6	2.089616e+01	1.519812e+04	3.995167e-02	0.000000e+00
328	8.000000e+02	2.000000e+02	3.000000e+02	0	6	2.089616e+01	1.401809e+04	3.995167e-02	0.000000e+00
329	9.000000e+02	2.000000e+02	3.000000e+02	0	6	2.089616e+01	2.165095e+04	3.995167e-02	0.000000e+00
330	1.000000e+03	2.000000e+02	3.000000e+02	2	6	2.089616e+01	1.032158e+04	3.995167e-02	0.000000e+00
331	1.000000e+02	3.000000e+02	3.000000e+02	1	6	2.089616e+01	1.149033e+04	3.995167e-02	0.000000e+00
332	2.000000e+02	3.000000e+02	3.000000e+02	0	6	2.089616e+01	2.131896e+04	3.995167e-02	0.000000e+00
333	3.000000e+02	3.000000e+02	3.000000e+02	0	6	2.089616e+01	2.184475e+04	3.995167e-02	0.000000e+00
334	4.000000e+02	3.000000e+02	3.000000e+02	0	6	2.089616e+01	2.173597e+04	3.995167e-02	0.000000e+00
335	5.000000e+02	3.000000e+02	3.000000e+02	0	6	2.089616e+01	1.915125e+04	3.995167e-02	0.000000e+00
336	6.000000e+02	3.000000e+02	3.000000e+02	0	6	2.089616e+01	1.452673e+04	3.995167e-02	0.000000e+00
337	7.000000e+02	3.000000e+02	3.000000e+02	0	6	2.089616e+01	1.016249e+04	3.995167e-02	0.000000e+00
338	8.000000e+02	3.000000e+02	3.000000e+02	0	6	2.089616e+01	1.830282e+04	3.995167e-02	0.000000e+00
339	9.000000e+02	3.000000e+02	3.000000e+02	0	6	2.089616e+01	1.216144e+04	3.995167e-02	0.000000e+00
340	1.000000e+03	3.000000e+02	3.000000e+02	2	6	2.089616e+01	1.159425e+04	3.995167e-02	0.000000e+00
341	1.000000e+02	4.000000e+02	3.000000e+02	1	6	2.089616e+01	7.832440e+03	3.995167e-02	0.000000e+00
342	2.000000e+02	4.000000e+02	3.000000e+02	0	6	2.089616e+01	2.092604e+04	3.995167e-02	0.000000e+00
343	3.000000e+02	4.000000e+02	3.000000e+02	0	6	2.089616e+01	2.188247e+04	3.995167e-02	0.000000e+00
344	4.000000e+02	4.000000e+02	3.000000e+02	0	6	2.089616e+01	1.287030e+04	3.995167e-02	0.000000e+00
345	5.000000e+02	4.000000e+02	3.000000e+02	0	6	2.089616e+01	1.901526e+04	3.995167e-02	0.000000e+00
346	6.000000e+02	4.000000e+02	3.000000e+02	0	6	2.089616e+01	2.235532e+04	3.995167e-02	0.000000e+00
347	7.000000e+02	4.000000e+02	3.000000e+02	0	6	2.089616e+01	1.670876e+04	3.995167e-02	0.000000e+00
348	8.000000e+02	4.000000e+02	3.000000e+02	0	6	2.089616e+01	1.873601e+04	3.995167e-02	0.000000e+00
349	9.000000e+02	4.000000e+02	3.000000e+02	0	6	2.089616e+01	2.138644e+04	3.995167e-02	0.000000e+00
350	1.000000e+03	4.000000e+02	3.000000e+02	2	6	2.089616e+01	1.221907e+04	3.995167e-02	0.000000e+00
351	1.000000e+02	5.000000e+02	3.000000e+02	1	6	2.089616e+01	2.070162e+04	3.995167e-02	0.000000e+00
352	2.000000e+02	5.000000e+02	3.000000e+02	0	6	2.089616e+01	1.642673e+04	3.995167e-02	0.000000e+00
353	3.000000e+02	5.000000e+02	3.000000e+02	0	6	2.089616e+01	1.137397e+04	3.995167e-02	0.000000e+00
354	4.000000e+02	5.000000e+02	3.000000e+02	0	6	2.089616e+01	2.082609e+04	3.995167e-02	0.000000e+00
355	5.000000e+02	5.000000e+02	3.000000e+02	0	6	2.089616e+01	1.909790e+04	3.995167e-02	0.000000e+00
356	6.000000e+02	5.000000e+02	3.000000e+02	0	6	2.089616e+01	2.231141e+04	3.995167e-02	0.000000e+00
357	7.000000e+02	5.000000e+02	3.000000e+02	0	6	2.089616e+01	1.434088e+04	3.995167e-02	0.000000e+00
358	8.000000e+02	5.000000e+02	3.000000e+02	0	6	2.089616e+01	9.896943e+03	3.995167e-02	0.000000e+00
359	9.000000e+02	5.000000e+02	3.000000e+02	0	6	2.089616e+01	1.783635e+04	3.995167e-02	0.000000e+00
360	1.000000e+03	5.000000e+02	3.000000e+02	2	6	2.089616e+01	1.387181e+04	3.995167e-02	0.000000e+00
361	1.000000e+02	6.000000e+02	3.000000e+02	1	6	2.089616e+01	1.201156e+04	3.995167e-02	0.000000e+00
362	2.000000e+02	6.000000e+02	3.000000e+02	0	6	2.089616e+01	1.308275e+04	3.995167e-02	0.000000e+00
363	3.000000e+02	6.000000e+02	3.000000e+02	0	6	2.089616e+01	1.267511e+04	3.995167e-02	0.000000e+00
364	4.000000e+02	6.000000e+02	3.000000e+02	0	6	2.089616e+01	1.301663e+04	3.995167e-02	0.000000e+00
365	5.000000e+02	6.000000e+02	3.000000e+02	0	6	2.089616e+01	2.189821e+04	3.995167e-02	0.000000e+00
366	6.000000e+02	6.000000e+02	3.000000e+02	0	6	2.089616e+01	1.140621e+04	3.995167e-02	0.000000e+00
367	7.000000e+02	6.000000e+02	3.000000e+02	0	6	2.089616e+01	1.216607e+04	3.995167e-02	0.000000e+00
368	8.000000e+02	6.000000e+02	3.000000e+02	0	6	2.089616e+01	2.213845e+04	3.995167e-02	0.000000e+00
369	9.000000e+02	6.000000e+02	3.000000e+02	0	6	2.089616e+01	2.203080e+04	3.995167e-02	0.000000e+00
370	1.000000e+03	6.000000e+02	3.000000e+02	2	6	2.089616e+01	2.146674e+04	3.995167e-02	0.000000e+00
371	1.000000e+02	7.000000e+02	3.000000e+02	1	6	2.089616e+01	1.616067e+04	3.995167e-02	0.000000e+00
372	2.000000e+02	7.000000e+02	3.000000e+02	0	6	2.089616e+01	1.619422e+04	3.995167e-02	0.000000e+00
373	3.000000e+02	7.000000e+02	3.000000e+02	0	6	2.089616e+01	8.028983e+03	3.995167e-02	0.000000e+00
374	4.000000e+02	7.000000e+02	3.000000e+02	0	6	2.089616e+01	1.875134e+04	3.995167e-02	0.000000e+00
375	5.000000e+02	7.000000e+02	3.000000e+02	0	6	2.089616e+01	2.211865e+04	3.995167e-02	0.000000e+00
376	6.000000e+02	7.000000e+02	3.000000e+02	0	6	2.089616e+01	2.019327e+04	3.995167e-02	0.000000e+00
377	7.000000e+02	7.000000e+02	3.000000e+02	0	6	2.089616e+01	1.983685e+04	3.995167e-02	0.000000e+00
378	8.000000e+02	7.000000e+02	3.000000e+02	0	6	2.089616e+01	1.807113e+04	3.995167e-02	0.000000e+00
379	9.000000e+02	7.000000e+02	3.000000e+02	0	6	2.089616e+01	1.858395e+04	3.995167e-02	0.000000e+00
380	1.000000e+03	7.000000e+02	3.000000e+02	2	6	2.089616e+01	1.110300e+04	3.995167e-02	0.000000e+00
381	1.000000e+02	8.000000e+02	3.000000e+02	1	6	2.089616e+01	1.773124e+04	3.995167e-02	0.000000e+00
382	2.000000e+02	8.000000e+02	3.000000e+02	0	6	2.089616e+01	1.991725e+04	3.995167e-02	0.000000e+00
383	3.000000e+02	8.000000e+02	3.000000e+02	0	6	2.089616e+01	1.010780e+04	3.995167e-02	0.000000e+00
384	4.000000e+02	8.000000e+02	3.000000e+02	0	6	2.089616e+01	2.272593e+04	3.995167e-02	0.000000e+00
385	5.000000e+02	8.000000e+02	3.000000e+02	0	6	2.089616e+01	1.244741e+04	3.995167e-02	0.000000e+00
386	6.000000e+02	8.000000e+02	3.000000e+02	0	6	2.089616e+01	9.952071e+03	3.995167e-02	0.000000e+00
387	7.000000e+02	8.000000e+02	3.000000e+02	0	6	2.089616e+01	1.163591e+04	3.995167e-02	0.000000e+00
388	8.000000e+02	8.000000e+02	3.000000e+02	0	6	2.089616e+01	7.612983e+03	3.995167e-02	0.000000e+00
389	9.000000e+02	8.000000e+02	3.000000e+02	0	6	2.089616e+01	1.488921e+04	3.995167e-02	0.000000e+00
390	1.000000e+03	8.000000e+02	3.000000e+02	2	6	2.089616e+01	1.538070e+04	3.995167e-02	0.000000e+00
391	1.000000e+02	9.000000e+02	3.000000e+02	1	5	2.089616e+01	9.956738e+03	3.995167e-02	0.000000e+00
392	2.000000e+02	9.000000e+02	3.000000e+02	0	5	2.089616e+01	1.603087e+04	3.995167e-02	0.000000e+00
393	3.000000e+02	9.000000e+02	3.000000e+02	0	5	2.089616e+01	1.474948e+04	3.995167e-02	0.000000e+00
394	4.000000e+02	9.000000e+02	3.000000e+02	0	5	2.089616e+01	1.039186e+04	3.995167e-02	0.000000e+00
395	5.000000e+02	9.000000e+02	3.000000e+02	0	5	2.089616e+01	1.648122e+04	3.995167e-02	0.000000e+00
396	6.000000e+02	9.000000e+02	3.000000e+02	0	5	2.089616e+01	1.777783e+04	3.995167e-02	0.000000e+00
397	7.000000e+02	9.000000e+02	3.000000e+02	0	5	2.089616e+01	1.902575e+04	3.995167e-02	0.000000e+00
398	8.000000e+02	9.000000e+02	3.000000e+02	0	5	2.089616e+01	1.816644e+04	3.995167e-02	0.000000e+00
399	9.000000e+02	9.000000e+02	3.000000e+02	0	5	2.089616e+01	1.283450e+04	3.995167e-02	0.000000e+00
400	1.000000e+03	9.000000e+02	3.000000e+02	2	5	2.089616e+01	1.719141e+04	3.995167e-02	0.000000e+00
401	1.000000e+02	0.000000e+00	4.000000e+02	1	5	2.089616e+01	2.102691e+04	3.995167e-02	0.000000e+00
402	2.000000e+02	0.000000e+00	4.000000e+02	0	5	2.089616e+01	1.614991e+04	3.995167e-02	0.000000e+00
403	3.000000e+02	0.000000e+00	4.000000e+02	0	5	2.089616e+01	1.537994e+04	3.995167e-02	0.000000e+00
404	4.000000e+02	0.000000e+00	4.000000e+02	0	5	2.089616e+01	1.562188e+04	3.995167e-02	0.000000e+00
405	5.000000e+02	0.000000e+00	4.000000e+02	0	5	2.089616e+01	1.156278e+04	3.995167e-02	0.000000e+00
406	6.000000e+02	0.000000e+00	4.000000e+02	0	5	2.089616e+01	1.607574e+04	3.995167e-02	0.000000e+00
407	7.000000e+02	0.000000e+00	4.000000e+02	0	5	2.089616e+01	1.055193e+04	3.995167e-02	0.000000e+00
408	8.000000e+02	0.000000e+00	4.000000e+02	0	5	2.089616e+01	1.528801e+04	3.995167e-02	0.000000e+00
409	9.000000e+02	0.000000e+00	4.000000e+02	0	5	2.089616e+01	2.198219e+04	3.995167e-02	0.000000e+00
410	1.000000e+03	0.000000e+00	4.000000e+02	2	5	2.089616e+01	1.827858e+04	3.995167e-02	0.000000e+00
411	1.000000e+02	1.000000e+02	4.000000e+02	1	6	2.089616e+01	1.939157e+04	3.995167e-02	0.000000e+00
412	2.000000e+02	1.000000e+02	4.000000e+02	0	6	2.089616e+01	1.699261e+04	3.995167e-02	0.000000e+00
413	3.000000e+02	1.000000e+02	4.000000e+02	0	6	2.089616e+01	1.090599e+04	3.995167e-02	0.000000e+00
414	4.000000e+02	1.000000e+02	4.000000e+02	0	6	2.089616e+01	7.939509e+03	3.995167e-02	0.000000e+00
415	5.000000e+02	1.000000e+02	4.000000e+02	0	6	2.089616e+01	1.631319e+04	3.995167e-02	0.000000e+00
416	6.000000e+02	1.000000e+02	4.000000e+02	0	6	2.089616e+01	1.072539e+04	3.995167e-02	0.000000e+00
417	7.000000e+02	1.000000e+02	4.000000e+02	0	6	2.089616e+01	1.389301e+04	3.995167e-02	0.000000e+00
418	8.000000e+02	1.000000e+02	4.000000e+02	0	6	2.089616e+01	1.037699e+04	3.995167e-02	0.000000e+00
419	9.000000e+02	1.000000e+02	4.000000e+02	0	6	2.089616e+01	1.431979e+04	3.995167e-02	0.000000e+00
420	1.000000e+03	1.000000e+02	4.000000e+02	2	6	2.089616e+01	1.299823e+04	3.995167e-02	0.000000e+00
421	1.000000e+02	2.000000e+02	4.000000e+02	1	6	2.089616e+01	1.608280e+04	3.995167e-02	0.000000e+00
422	2.000000e+02	2.000000e+02	4.000000e+02	0	6	2.089616e+01	1.470473e+04	3.995167e-02	0.000000e+00
423	3.000000e+02	2.000000e+02	4.000000e+02	0	6	2.089616e+01	2.026461e+04	3.995167e-02	0.000000e+00
424	4.000000e+02	2.000000e+02	4.000000e+02	0	6	2.089616e+01	1.459629e+04	3.995167e-02	0.000000e+00
425	5.000000e+02	2.000000e+02	4.000000e+02	0	6	2.089616e+01	1.913624e+04	3.995167e-02	0.000000e+00
426	6.000000e+02	2.000000e+02	4.000000e+02	0	6	2.089616e+01	9.953894e+03	3.995167e-02	0.000000e+00
427	7.000000e+02	2.000000e+02	4.000000e+02	0	6	2.089616e+01	2.207488e+04	3.995167e-02	0.000000e+00
428	8.000000e+02	2.000000e+02	4.000000e+02	0	6	2.089616e+01	1.742068e+04	3.995167e-02	0.000000e+00
429	9.000000e+02	2.000000e+02	4.000000e+02	0	6	2.089616e+01	1.133588e+04	3.995167e-02	0.000000e+00
430	1.000000e+03	2.000000e+02	4.000000e+02	2	6	2.089616e+01	1.799086e+04	3.995167e-02	0.000000e+00
431	1.000000e+02	3.000000e+02	4.000000e+02	1	6	2.089616e+01	8.889184e+03	3.995167e-02	0.000000e+00
432	2.000000e+02	3.000000e+02	4.000000e+02	0	6	2.089616e+01	2.205141e+04	3.995167e-02	0.000000e+00
433	3.000000e+02	3.000000e+02	4.000000e+02	0	6	2.089616e+01	1.950806e+04	3.995167e-02	0.000000e+00
434	4.000000e+02	3.000000e+02	4.000000e+02	0	6	2.089616e+01	1.072167e+04	3.995167e-02	0.000000e+00
435	5.000000e+02	3.000000e+02	4.000000e+02	0	6	2.089616e+01	1.606061e+04	3.995167e-02	0.000000e+00
436	6.000000e+02	3.000000e+02	4.000000e+02	0	6	2.089616e+01	1.255905e+04	3.995167e-02	0.000000e+00
437	7.000000e+02	3.000000e+02	4.000000e+02	0	6	2.089616e+01	2.177927e+04	3.995167e-02	0.000000e+00
438	8.000000e+02	3.000000e+02	4.000000e+02	0	6	2.089616e+01	2.037523e+04	3.995167e-02	0.000000e+00
439	9.000000e+02	3.000000e+02	4.000000e+02	0	6	2.089616e+01	1.028132e+04	3.995167e-02	0.000000e+00
440	1.000000e+03	3.000000e+02	4.000000e+02	2	6	2.089616e+01	1.905987e+04	3.995167e-02	0.000000e+00
441	1.000000e+02	4.000000e+02	4.000000e+02	1	6	2.089616e+01	1.275787e+04	3.995167e-02	0.000000e+00
442	2.000000e+02	4.000000e+02	4.000000e+02	0	6	2.089616e+01	1.111931e+04	3.995167e-02	0.000000e+00
443	3.000000e+02	4.000000e+02	4.000000e+02	0	6	2.089616e+01	2.008993e+04	3.995167e-02	0.000000e+00
444	4.000000e+02	4.000000e+02	4.000000e+02	0	6	2.089616e+01	1.493590e+04	3.995167e-02	0.000000e+00
445	5.000000e+02	4.000000e+02	4.000000e+02	0	6	2.089616e+01	1.336078e+04	3.995167e-02	0.000000e+00
446	6.000000e+02	4.000000e+02	4.000000e+02	0	6	2.089616e+01	8.387850e+03	3.995167e-02	0.000000e+00
447	7.000000e+02	4.000000e+02	4.000000e+02	0	6	2.089616e+01	1.071254e+04	3.995167e-02	0.000000e+00
448	8.000000e+02	4.000000e+02	4.000000e+02	0	6	2.089616e+01	1.427330e+04	3.995167e-02	0.000000e+00
449	9.000000e+02	4.000000e+02	4.000000e+02	0	6	2.089616e+01	2.061104e+04	3.995167e-02	0.000000e+00
450	1.000000e+03	4.000000e+02	4.000000e+02	2	6	2.089616e+01	1.145428e+04	3.995167e-02	0.000000e+00
451	1.000000e+02	5.000000e+02	4.000000e+02	1	6	2.089616e+01	2.041580e+04	3.995167e-02	0.000000e+00
452	2.000000e+02	5.000000e+02	4.000000e+02	0	6	2.089616e+01	1.694770e+04	3.995167e-02	0.000000e+00
453	3.000000e+02	5.000000e+02	4.000000e+02	0	6	2.089616e+01	1.649090e+04	3.995167e-02	0.000000e+00
454	4.000000e+02	5.000000e+02	4.000000e+02	0	6	2.089616e+01	7.873793e+03	3.995167e-02	0.000000e+00
455	5.000000e+02	5.000000e+02	4.000000e+02	0	6	2.089616e+01	2.270461e+04	3.995167e-02	0.000000e+00
456	6.000000e+02	5.000000e+02	4.000000e+02	0	6	2.089616e+01	1.419095e+04	3.995167e-02	0.000000e+00
457	7.000000e+02	5.000000e+02	4.000000e+02	0	6	2.089616e+01	1.468994e+04	3.995167e-02	0.000000e+00
458	8.000000e+02	5.000000e+02	4.000000e+02	0	6	2.089616e+01	1.239974e+04	3.995167e-02	0.000000e+00
459	9.000000e+02	5.000000e+02	4.000000e+02	0	6	2.089616e+01	7.847712e+03	3.995167e-02	0.000000e+00
460	1.000000e+03	5.000000e+02	4.000000e+02	2	6	2.089616e+01	1.670298e+04	3.995167e-02	0.000000e+00
461	1.000000e+02	6.000000e+02	4.000000e+02	1	6	2.089616e+01	1.719320e+04	3.995167e-02	0.000000e+00
462	2.000000e+02	6.000000e+02	4.000000e+02	0	6	2.089616e+01	8.036601e+03	3.995167e-02	0.000000e+00
463	3.000000e+02	6.000000e+02	4.000000e+02	0	6	2.089616e+01	2.064622e+04	3.995167e-02	0.000000e+00
464	4.000000e+02	6.000000e+02	4.000000e+02	0	6	2.089616e+01	1.677485e+04	3.995167e-02	0.000000e+00
465	5.000000e+02	6.000000e+02	4.000000e+02	0	6	2.089616e+01	8.060522e+03	3.995167e-02	0.000000e+00
466	6.000000e+02	6.000000e+02	4.000000e+02	0	6	2.089616e+01	1.095858e+04	3.995167e-02	0.000000e+00
467	7.000000e+02	6.000000e+02	4.000000e+02	0	6	2.089616e+01	1.608519e+04	3.995167e-02	0.000000e+00
468	8.000000e+02	6.000000e+02	4.000000e+02	0	6	2.089616e+01	1.336964e+04	3.995167e-02	0.000000e+00
469	9.000000e+02	6.000000e+02	4.000000e+02	0	6	2.089616e+01	1.512298e+04	3.995167e-02	0.000000e+00
470	1.000000e+03	6.000000e+02	4.000000e+02	2	6	2.089616e+01	1.570471e+04	3.995167e-02	0.000000e+00
471	1.000000e+02	7.000000e+02	4.000000e+02	1	6	2.089616e+01	1.707249e+04	3.995167e-02	0.000000e+00
472	2.000000e+02	7.000000e+02	4.000000e+02	0	6	2.089616e+01	2.100239e+04	3.995167e-02	0.000000e+00
473	3.000000e+02	7.000000e+02	4.000000e+02	0	6	2.089616e+01	1.139404e+04	3.995167e-02	0.000000e+00
474	4.000000e+02	7.000000e+02	4.000000e+02	0	6	2.089616e+01	1.233231e+04	3.995167e-02	0.000000e+00
475	5.000000e+02	7.000000e+02	4.000000e+02	0	6	2.089616e+01	2.006374e+04	3.995167e-02	0.000000e+00
476	6.000000e+02	7.000000e+02	4.000000e+02	0	6	2.089616e+01	1.955432e+04	3.995167e-02	0.000000e+00
477	7.000000e+02	7.000000e+02	4.000000e+02	0	6	2.089616e+01	1.612914e+04	3.995167e-02	0.000000e+00
478	8.000000e+02	7.000000e+02	4.000000e+02	0	6	2.089616e+01	1.751516e+04	3.995167e-02	0.000000e+00
479	9.000000e+02	7.000000e+02	4.000000e+02	0	6	2.089616e+01	1.687090e+04	3.995167e-02	0.000000e+00
480	1.000000e+03	7.000000e+02	4.000000e+02	2	6	2.089616e+01	1.382451e+04	3.995167e-02	0.000000e+00
481	1.000000e+02	8.000000e+02	4.000000e+02	1	6	2.089616e+01	2.162047e+04	3.995167e-02	0.000000e+00
482	2.000000e+02	8.000000e+02	4.000000e+02	0	6	2.089616e+01	1.935672e+04	3.995167e-02	0.000000e+00
483	3.000000e+02	8.000000e+02	4.000000e+02	0	6	2.089616e+01	2.124489e+04	3.995167e-02	0.000000e+00
484	4.000000e+02	8.000000e+02	4.000000e+02	0	6	2.089616e+01	1.355516e+04	3.995167e-02	0.000000e+00
485	5.000000e+02	8.000000e+02	4.000000e+02	0	6	2.089616e+01	1.053634e+04	3.995167e-02	0.000000e+00
486	6.000000e+02	8.000000e+02	4.000000e+02	0	6	2.089616e+01	1.005135e+04	3.995167e-02	0.000000e+00
487	7.000000e+02	8.000000e+02	4.000000e+02	0	6	2.089616e+01	1.888639e+04	3.995167e-02	0.000000e+00
488	8.000000e+02	8.000000e+02	4.000000e+02	0	6	2.089616e+01	2.018517e+04	3.995167e-02	0.000000e+00
489	9.000000e+02	8.000000e+02	4.000000e+02	0	6	2.089616e+01	1.000318e+04	3.995167e-02	0.000000e+00
490	1.000000e+03	8.000000e+02	4.000000e+02	2	6	2.089616e+01	2.090057e+04	3.995167e-02	0.000000e+00
491	1.000000e+02	9.000000e+02	4.000000e+02	1	5	2.089616e+01	1.954342e+04	3.995167e-02	0.000000e+00
492	2.000000e+02	9.000000e+02	4.000000e+02	0	5	2.089616e+01	1.906702e+04	3.995167e-02	0.000000e+00
493	3.000000e+02	9.000000e+02	4.000000e+02	0	5	2.089616e+01	8.327638e+03	3.995167e-02	0.000000e+00
494	4.000000e+02	9.000000e+02	4.000000e+02	0	5	2.089616e+01	1.134812e+04	3.995167e-02	0.000000e+00
495	5.000000e+02	9.000000e+02	4.000000e+02	0	5	2.089616e+01	1.686520e+04	3.995167e-02	0.000000e+00
496	6.000000e+02	9.000000e+02	4.000000e+02	0	5	2.089616e+01	9.339298e+03	3.995167e-02	0.000000e+00
497	7.000000e+02	9.000000e+02	4.000000e+02	0	5	2.089616e+01	2.148442e+04	3.995167e-02	0.000000e+00
498	8.000000e+02	9.000000e+02	4.000000e+02	0	5	2.089616e+01	1.321367e+04	3.995167e-02	0.000000e+00
499	9.000000e+02	9.000000e+02	4.000000e+02	0	5	2.089616e+01	1.606111e+04	3.995167e-02	0.000000e+00
500	1.000000e+03	9.000000e+02	4.000000e+02	2	5	2.089616e+01	1.642275e+04	3.995167e-02	0.000000e+00
501	1.000000e+02	0.000000e+00	5.000000e+02	1	5	2.089616e+01	1.850568e+04	3.995167e-02	0.000000e+00
502	2.000000e+02	0.000000e+00	5.000000e+02	0	5	2.089616e+01	1.021769e+04	3.995167e-02	0.000000e+00
503	3.000000e+02	0.000000e+00	5.000000e+02	0	5	2.089616e+01	8.522593e+03	3.995167e-02	0.000000e+00
504	4.000000e+02	0.000000e+00	5.000000e+02	0	5	2.089616e+01	1.618070e+04	3.995167e-02	0.000000e+00
505	5.000000e+02	0.000000e+00	5.000000e+02	0	5	2.089616e+01	2.021213e+04	3.995167e-02	0.000000e+00
506	6.000000e+02	0.000000e+00	5.000000e+02	0	5	2.089616e+01	1.078521e+04	3.995167e-02	0.000000e+00
507	7.000000e+02	0.000000e+00	5.000000e+02	0	5	2.089616e+01	1.453251e+04	3.995167e-02	0.000000e+00
508	8.000000e+02	0.000000e+00	5.000000e+02	0	5	2.089616e+01	2.154122e+04	3.995167e-02	0.000000e+00
509	9.000000e+02	0.000000e+00	5.000000e+02	0	5	2.089616e+01	1.458936e+04	3.995167e-02	0.000000e+00
510	1.000000e+03	0.000000e+00	5.000000e+02	2	5	2.089616e+01	1.635352e+04	3.995167e-02	0.000000e+00
511	1.000000e+02	1.000000e+02	5.000000e+02	1	6	2.089616e+01	1.148915e+04	3.995167e-02	0.000000e+00
512	2.000000e+02	1.000000e+02	5.000000e+02	0	6	2.089616e+01	1.309967e+04	3.995167e-02	0.000000e+00
513	3.000000e+02	1.000000e+02	5.000000e+02	0	6	2.089616e+01	1.449164e+04	3.995167e-02	0.000000e+00
514	4.000000e+02	1.000000e+02	5.000000e+02	0	6	2.089616e+01	1.581392e+04	3.995167e-02	0.000000e+00
515	5.000000e+02	1.000000e+02	5.000000e+02	0	6	2.089616e+01	1.550852e+04	3.995167e-02	0.000000e+00
516	6.000000e+02	1.000000e+02	5.000000e+02	0	6	2.089616e+01	1.113763e+04	3.995167e-02	0.000000e+00
517	7.000000e+02	1.000000e+02	5.000000e+02	0	6	2.089616e+01	1.294759e+04	3.995167e-02	0.000000e+00
518	8.000000e+02	1.000000e+02	5.000000e+02	0	6	2.089616e+01	1.095855e+04	3.995167e-02	0.000000e+00
519	9.000000e+02	1.000000e+02	5.000000e+02	0	6	2.089616e+01	1.100600e+04	3.995167e-02	0.000000e+00
520	1.000000e+03	1.000000e+02	5.000000e+02	2	6	2.089616e+01	1.129022e+04	3.995167e-02	0.000000e+00
521	1.000000e+02	2.000000e+02	5.000000e+02	1	6	2.089616e+01	9.607162e+03	3.995167e-02	0.000000e+00
522	2.000000e+02	2.000000e+02	5.000000e+02	0	6	2.089616e+01	8.265422e+03	3.995167e-02	0.000000e+00
523	3.000000e+02	2.000000e+02	5.000000e+02	0	6	2.089616e+01	2.080203e+04	3.995167e-02	0.000000e+00
524	4.000000e+02	2.000000e+02	5.000000e+02	0	6	2.089616e+01	1.854503e+04	3.995167e-02	0.000000e+00
525	5.000000e+02	2.000000e+02	5.000000e+02	0	6	2.089616e+01	9.060724e+03	3.995167e-02	0.000000e+00
526	6.000000e+02	2.000000e+02	5.000000e+02	0	6	2.089616e+01	1.063287e+04	3.995167e-02	0.000000e+00
527	7.000000e+02	2.000000e+02	5.000000e+02	0	6	2.089616e+01	1.523445e+04	3.995167e-02	0.000000e+00
528	8.000000e+02	2.000000e+02	5.000000e+02	0	6	2.089616e+01	2.094838e+04	3.995167e-02	0.000000e+00
529	9.000000e+02	2.000000e+02	5.000000e+02	0	6	2.089616e+01	1.801426e+04	3.995167e-02	0.000000e+00
530	1.000000e+03	2.000000e+02	5.000000e+02	2	6	2.089616e+01	9.842236e+03	3.995167e-02	0.000000e+00
531	1.000000e+02	3.000000e+02	5.000000e+02	1	6	2.089616e+01	1.116440e+04	3.995167e-02	0.000000e+00
532	2.000000e+02	3.000000e+02	5.000000e+02	0	6	2.089616e+01	2.160469e+04	3.995167e-02	0.000000e+00
533	3.000000e+02	3.000000e+02	5.000000e+02	0	6	2.089616e+01	8.073346e+03	3.995167e-02	0.000000e+00
534	4.000000e+02	3.000000e+02	5.000000e+02	0	6	2.089616e+01	1.218694e+04	3.995167e-02	0.000000e+00
535	5.000000e+02	3.000000e+02	5.000000e+02	0	6	2.089616e+01	8.481581e+03	3.995167e-02	0.000000e+00
536	6.000000e+02	3.000000e+02	5.000000e+02	0	6	2.089616e+01	1.590936e+04	3.995167e-02	0.000000e+00
537	7.000000e+02	3.000000e+02	5.000000e+02	0	6	2.089616e+01	1.199075e+04	3.995167e-02	0.000000e+00
538	8.000000e+02	3.000000e+02	5.000000e+02	0	6	2.089616e+01	1.224872e+04	3.995167e-02	0.000000e+00
539	9.000000e+02	3.000000e+02	5.000000e+02	0	6	2.089616e+01	1.822401e+04	3.995167e-02	0.000000e+00
540	1.000000e+03	3.000000e+02	5.000000e+02	2	6	2.089616e+01	2.267736e+04	3.995167e-02	0.000000e+00
541	1.000000e+02	4.000000e+02	5.000000e+02	1	6	2.089616e+01	1.709069e+04	3.995167e-02	0.000000e+00
542	2.000000e+02	4.000000e+02	5.000000e+02	0	6	2.089616e+01	1.248555e+04	3.995167e-02	0.000000e+00
543	3.000000e+02	4.000000e+02	5.000000e+02	0	6	2.089616e+01	2.220042e+04	3.995167e-02	0.000000e+00
544	4.000000e+02	4.000000e+02	5.000000e+02	0	6	2.089616e+01	7.639113e+03	3.995167e-02	0.000000e+00
545	5.000000e+02	4.000000e+02	5.000000e+02	0	6	2.089616e+01	1.304136e+04	3.995167e-02	0.000000e+00
546	6.000000e+02	4.000000e+02	5.000000e+02	0	6	2.089616e+01	9.370201e+03	3.995167e-02	0.000000e+00
547	7.000000e+02	4.000000e+02	5.000000e+02	0	6	2.089616e+01	1.884337e+04	3.995167e-02	0.000000e+00
548	8.000000e+02	4.000000e+02	5.000000e+02	0	6	2.089616e+01	1.548393e+04	3.995167e-02	0.000000e+00
549	9.000000e+02	4.000000e+02	5.000000e+02	0	6	2.089616e+01	1.969153e+04	3.995167e-02	0.000000e+00
550	1.000000e+03	4.000000e+02	5.000000e+02	2	6	2.089616e+01	8.354176e+03	3.995167e-02	0.000000e+00
551	1.000000e+02	5.000000e+02	5.000000e+02	1	6	2.089616e+01	1.139776e+04	3.995167e-02	0.000000e+00
552	2.000000e+02	5.000000e+02	5.000000e+02	0	6	2.089616e+01	1.052558e+04	3.995167e-02	0.000000e+00
553	3.000000e+02	5.000000e+02	5.000000e+02	0	6	2.089616e+01	1.244260e+04	3.995167e-02	0.000000e+00
554	4.000000e+02	5.000000e+02	5.000000e+02	0	6	2.089616e+01	9.105853e+03	3.995167e-02	0.000000e+00
555	5.000000e+02	5.000000e+02	5.000000e+02	0	6	2.089616e+01	7.990853e+03	3.995167e-02	0.000000e+00
556	6.000000e+02	5.000000e+02	5.000000e+02	0	6	2.089616e+01	1.249664e+04	3.995167e-02	0.000000e+00
557	7.000000e+02	5.000000e+02	5.000000e+02	0	6	2.089616e+01	8.527602e+03	3.995167e-02	0.000000e+00
558	8.000000e+02	5.000000e+02	5.000000e+02	0	6	2.089616e+01	1.047046e+04	3.995167e-02	0.000000e+00
559	9.000000e+02	5.000000e+02	5.000000e+02	0	6	2.089616e+01	2.213043e+04	3.995167e-02	0.000000e+00
560	1.000000e+03	5.000000e+02	5.000000e+02	2	6	2.089616e+01	2.073192e+04	3.995167e-02	0.000000e+00
561	1.000000e+02	6.000000e+02	5.000000e+02	1	6	2.089616e+01	1.746675e+04	3.995167e-02	0.000000e+00
562	2.000000e+02	6.000000e+02	5.000000e+02	0	6	2.089616e+01	1.944663e+04	3.995167e-02	0.000000e+00
563	3.000000e+02	6.000000e+02	5.000000e+02	0	6	2.089616e+01	1.139594e+04	3.995167e-02	0.000000e+00
564	4.000000e+02	6.000000e+02	5.000000e+02	0	6	2.089616e+01	1.569483e+04	3.995167e-02	0.000000e+00
565	5.000000e+02	6.000000e+02	5.000000e+02	0	6	2.089616e+01	1.184264e+04	3.995167e-02	0.000000e+00
566	6.000000e+02	6.000000e+02	5.000000e+02	0	6	2.089616e+01	2.089200e+04	3.995167e-02	0.000000e+00
567	7.000000e+02	6.000000e+02	5.000000e+02	0	6	2.089616e+01	1.859508e+04	3.995167e-02	0.000000e+00
568	8.000000e+02	6.000000e+02	5.000000e+02	0	6	2.089616e+01	1.603346e+04	3.995167e-02	0.000000e+00
569	9.000000e+02	6.000000e+02	5.000000e+02	0	6	2.089616e+01	9.875536e+03	3.995167e-02	0.000000e+00
570	1.000000e+03	6.000000e+02	5.000000e+02	2	6	2.089616e+01	1.940378e+04	3.995167e-02	0.000000e+00
571	1.000000e+02	7.000000e+02	5.000000e+02	1	6	2.089616e+01	1.965834e+04	3.995167e-02	0.000000e+00
572	2.000000e+02	7.000000e+02	5.000000e+02	0	6	2.089616e+01	2.167263e+04	3.995167e-02	0.000000e+00
573	3.000000e+02	7.000000e+02	5.000000e+02	0	6	2.089616e+01	1.318667e+04	3.995167e-02	0.000000e+00
574	4.000000e+02	7.000000e+02	5.000000e+02	0	6	2.089616e+01	1.239652e+04	3.995167e-02	0.000000e+00
575	5.000000e+02	7.000000e+02	5.000000e+02	0	6	2.089616e+01	1.015085e+04	3.995167e-02	0.000000e+00
576	6.000000e+02	7.000000e+02	5.000000e+02	0	6	2.089616e+01	1.884818e+04	3.995167e-02	0.000000e+00
577	7.000000e+02	7.000000e+02	5.000000e+02	0	6	2.089616e+01	2.155736e+04	3.995167e-02	0.000000e+00
578	8.000000e+02	7.000000e+02	5.000000e+02	0	6	2.089616e+01	2.072335e+04	3.995167e-02	0.000000e+00
579	9.000000e+02	7.000000e+02	5.000000e+02	0	6	2.089616e+01	2.097620e+04	3.995167e-02	0.000000e+00
580	1.000000e+03	7.000000e+02	5.000000e+02	2	6	2.089616e+01	1.960642e+04	3.995167e-02	0.000000e+00
581	1.000000e+02	8.000000e+02	5.000000e+02	1	6	2.089616e+01	1.467294e+04	3.995167e-02	0.000000e+00
582	2.000000e+02	8.000000e+02	5.000000e+02	0	6	2.089616e+01	1.150310e+04	3.995167e-02	0.000000e+00
583	3.000000e+02	8.000000e+02	5.000000e+02	0	6	2.089616e+01	7.992491e+03	3.995167e-02	0.000000e+00
584	4.000000e+02	8.000000e+02	5.000000e+02	0	6	2.089616e+01	1.380738e+04	3.995167e-02	0.000000e+00
585	5.000000e+02	8.000000e+02	5.000000e+02	0	6	2.089616e+01	1.563934e+04	3.995167e-02	0.000000e+00
586	6.000000e+02	8.000000e+02	5.000000e+02	0	6	2.089616e+01	1.530501e+04	3.995167e-02	0.000000e+00
587	7.000000e+02	8.000000e+02	5.000000e+02	0	6	2.089616e+01	8.363058e+03	3.995167e-02	0.000000e+00
588	8.000000e+02	8.000000e+02	5.000000e+02	0	6	2.089616e+01	1.599286e+04	3.995167e-02	0.000000e+00
589	9.000000e+02	8.000000e+02	5.000000e+02	0	6	2.089616e+01	2.118507e+04	3.995167e-02	0.000000e+00
590	1.000000e+03	8.000000e+02	5.000000e+02	2	6	2.089616e+01	1.695545e+04	3.995167e-02	0.000000e+00
591	1.000000e+02	9.000000e+02	5.000000e+02	1	5	2.089616e+01	1.811148e+04	3.995167e-02	0.000000e+00
592	2.000000e+02	9.000000e+02	5.000000e+02	0	5	2.089616e+01	1.837074e+04	3.995167e-02	0.000000e+00
593	3.000000e+02	9.000000e+02	5.000000e+02	0	5	2.089616e+01	1.414252e+04	3.995167e-02	0.000000e+00
594	4.000000e+02	9.000000e+02	5.000000e+02	0	5	2.089616e+01	1.445842e+04	3.995167e-02	0.000000e+00
595	5.000000e+02	9.000000e+02	5.000000e+02	0	5	2.089616e+01	1.867721e+04	3.995167e-02	0.000000e+00
596	6.000000e+02	9.000000e+02	5.000000e+02	0	5	2.089616e+01	1.163180e+04	3.995167e-02	0.000000e+00
597	7.000000e+02	9.000000e+02	5.000000e+02	0	5	2.089616e+01	1.021648e+04	3.995167e-02	0.000000e+00
598	8.000000e+02	9.000000e+02	5.000000e+02	0	5	2.089616e+01	8.241902e+03	3.995167e-02	0.000000e+00
599	9.000000e+02	9.000000e+02	5.000000e+02	0	5	2.089616e+01	9.105444e+03	3.995167e-02	0.000000e+00
600	1.000000e+03	9.000000e+02	5.000000e+02	2	5	2.089616e+01	1.832809e+04	3.995167e-02	0.000000e+00
601	1.000000e+02	0.000000e+00	6.000000e+02	1	5	2.089616e+01	2.248640e+04	3.995167e-02	0.000000e+00
602	2.000000e+02	0.000000e+00	6.000000e+02	0	5	2.089616e+01	1.791988e+04	3.995167e-02	0.000000e+00
603	3.000000e+02	0.000000e+00	6.000000e+02	0	5	2.089616e+01	2.133861e+04	3.995167e-02	0.000000e+00
604	4.000000e+02	0.000000e+00	6.000000e+02	0	5	2.089616e+01	1.170583e+04	3.995167e-02	0.000000e+00
605	5.000000e+02	0.000000e+00	6.000000e+02	0	5	2.089616e+01	2.253283e+04	3.995167e-02	0.000000e+00
606	6.000000e+02	0.000000e+00	6.000000e+02	0	5	2.089616e+01	2.116252e+04	3.995167e-02	0.000000e+00
607	7.000000e+02	0.000000e+00	6.000000e+02	0	5	2.089616e+01	2.230915e+04	3.995167e-02	0.000000e+00
608	8.000000e+02	0.000000e+00	6.000000e+02	0	5	2.089616e+01	1.539078e+04	3.995167e-02	0.000000e+00
609	9.000000e+02	0.000000e+00	6.000000e+02	0	5	2.089616e+01	1.988128e+04	3.995167e-02	0.000000e+00
610	1.000000e+03	0.000000e+00	6.000000e+02	2	5	2.089616e+01	2.071544e+04	3.995167e-02	0.000000e+00
611	1.000000e+02	1.000000e+02	6.000000e+02	1	6	2.089616e+01	1.610270e+04	3.995167e-02	0.000000e+00
612	2.000000e+02	1.000000e+02	6.000000e+02	0	6	2.089616e+01	1.695034e+04	3.995167e-02	0.000000e+00
613	3.000000e+02	1.000000e+02	6.000000e+02	0	6	2.089616e+01	1.206824e+04	3.995167e-02	0.000000e+00
614	4.000000e+02	1.000000e+02	6.000000e+02	0	6	2.089616e+01	1.792426e+04	3.995167e-02	0.000000e+00
615	5.000000e+02	1.000000e+02	6.000000e+02	0	6	2.089616e+01	1.377770e+04	3.995167e-02	0.000000e+00
616	6.000000e+02	1.000000e+02	6.000000e+02	0	6	2.089616e+01	1.955498e+04	3.995167e-02	0.000000e+00
617	7.000000e+02	1.000000e+02	6.000000e+02	0	6	2.089616e+01	8.153175e+03	3.995167e-02	0.000000e+00
618	8.000000e+02	1.000000e+02	6.000000e+02	0	6	2.089616e+01	2.018182e+04	3.995167e-02	0.000000e+00
619	9.000000e+02	1.000000e+02	6.000000e+02	0	6	2.089616e+01	1.697800e+04	3.995167e-02	0.000000e+00
620	1.000000e+03	1.000000e+02	6.000000e+02	2	6	2.089616e+01	1.314765e+04	3.995167e-02	0.000000e+00
621	1.000000e+02	2.000000e+02	6.000000e+02	1	6	2.089616e+01	2.115850e+04	3.995167e-02	0.000000e+00
622	2.000000e+02	2.000000e+02	6.000000e+02	0	6	2.089616e+01	1.832838e+04	3.995167e-02	0.000000e+00
623	3.000000e+02	2.000000e+02	6.000000e+02	0	6	2.089616e+01	2.148589e+04	3.995167e-02	0.000000e+00
624	4.000000e+02	2.000000e+02	6.000000e+02	0	6	2.089616e+01	1.861462e+04	3.995167e-02	0.000000e+00
625	5.000000e+02	2.000000e+02	6.000000e+02	0	6	2.089616e+01	1.505396e+04	3.995167e-02	0.000000e+00
626	6.000000e+02	2.000000e+02	6.000000e+02	0	6	2.089616e+01	1.298702e+04	3.995167e-02	0.000000e+00
627	7.000000e+02	2.000000e+02	6.000000e+02	0	6	2.089616e+01	2.227955e+04	3.995167e-02	0.000000e+00
628	8.000000e+02	2.000000e+02	6.000000e+02	0	6	2.089616e+01	1.652937e+04	3.995167e-02	0.000000e+00
629	9.000000e+02	2.000000e+02	6.000000e+02	0	6	2.089616e+01	1.555032e+04	3.995167e-02	0.000000e+00
630	1.000000e+03	2.000000e+02	6.000000e+02	2	6	2.089616e+01	1.557719e+04	3.995167e-02	0.000000e+00
631	1.000000e+02	3.000000e+02	6.000000e+02	1	6	2.089616e+01	1.136637e+04	3.995167e-02	0.000000e+00
632	2.000000e+02	3.000000e+02	6.000000e+02	0	6	2.089616e+01	1.665852e+04	3.995167e-02	0.000000e+00
633	3.000000e+02	3.000000e+02	6.000000e+02	0	6	2.089616e+01	2.168576e+04	3.995167e-02	0.000000e+00
634	4.000000e+02	3.000000e+02	6.000000e+02	0	6	2.089616e+01	1.933644e+04	3.995167e-02	0.000000e+00
635	5.000000e+02	3.000000e+02	6.000000e+02	0	6	2.089616e+01	1.244675e+04	3.995167e-02	0.000000e+00
636	6.000000e+02	3.000000e+02	6.000000e+02	0	6	2.089616e+01	1.110369e+04	3.995167e-02	0.000000e+00
637	7.000000e+02	3.000000e+02	6.000000e+02	0	6	2.089616e+01	1.755075e+04	3.995167e-02	0.000000e+00
638	8.000000e+02	3.000000e+02	6.000000e+02	0	6	2.089616e+01	1.901052e+04	3.995167e-02	0.000000e+00
639	9.000000e+02	3.000000e+02	6.000000e+02	0	6	2.089616e+01	1.807431e+04	3.995167e-02	0.000000e+00
640	1.000000e+03	3.000000e+02	6.000000e+02	2	6	2.089616e+01	7.971410e+03	3.995167e-02	0.000000e+00
641	1.000000e+02	4.000000e+02	6.000000e+02	1	6	2.089616e+01	1.895875e+04	3.995167e-02	0.000000e+00
642	2.000000e+02	4.000000e+02	6.000000e+02	0	6	2.089616e+01	1.793109e+04	3.995167e-02	0.000000e+00
643	3.000000e+02	4.000000e+02	6.000000e+02	0	6	2.089616e+01	1.880378e+04	3.995167e-02	0.000000e+00
644	4.000000e+02	4.000000e+02	6.000000e+02	0	6	2.089616e+01	1.007088e+04	3.995167e-02	0.000000e+00
645	5.000000e+02	4.000000e+02	6.000000e+02	0	6	2.089616e+01	1.718464e+04	3.995167e-02	0.000000e+00
646	6.000000e+02	4.000000e+02	6.000000e+02	0	6	2.089616e+01	1.455653e+04	3.995167e-02	0.000000e+00
647	7.000000e+02	4.000000e+02	6.000000e+02	0	6	2.089616e+01	1.594727e+04	3.995167e-02	0.000000e+00
648	8.000000e+02	4.000000e+02	6.000000e+02	0	6	2.089616e+01	1.377206e+04	3.995167e-02	0.000000e+00
649	9.000000e+02	4.000000e+02	6.000000e+02	0	6	2.089616e+01	1.542874e+04	3.995167e-02	0.000000e+00
650	1.000000e+03	4.000000e+02	6.000000e+02	2	6	2.089616e+01	1.860750e+04	3.995167e-02	0.000000e+00
651	1.000000e+02	5.000000e+02	6.000000e+02	1	6	2.089616e+01	1.933538e+04	3.995167e-02	0.000000e+00
652	2.000000e+02	5.000000e+02	6.000000e+02	0	6	2.089616e+01	2.129794e+04	3.995167e-02	0.000000e+00
653	3.000000e+02	5.000000e+02	6.000000e+02	0	6	2.089616e+01	9.396265e+03	3.995167e-02	0.000000e+00
654	4.000000e+02	5.000000e+02	6.000000e+02	0	6	2.089616e+01	1.550997e+04	3.995167e-02	0.000000e+00
655	5.000000e+02	5.000000e+02	6.000000e+02	0	6	2.089616e+01	1.075978e+04	3.995167e-02	0.000000e+00
656	6.000000e+02	5.000000e+02	6.000000e+02	0	6	2.089616e+01	1.462159e+04	3.995167e-02	0.000000e+00
657	7.000000e+02	5.000000e+02	6.000000e+02	0	6	2.089616e+01	1.746199e+04	3.995167e-02	0.000000e+00
658	8.000000e+02	5.000000e+02	6.000000e+02	0	6	2.089616e+01	1.030847e+04	3.995167e-02	0.000000e+00
659	9.000000e+02	5.000000e+02	6.000000e+02	0	6	2.089616e+01	2.070178e+04	3.995167e-02	0.000000e+00
660	1.000000e+03	5.000000e+02	6.000000e+02	2	6	2.089616e+01	1.528858e+04	3.995167e-02	0.000000e+00
661	1.000000e+02	6.000000e+02	6.000000e+02	1	6	2.089616e+01	2.018131e+04	3.995167e-02	0.000000e+00
662	2.000000e+02	6.000000e+02	6.000000e+02	0	6	2.089616e+01	8.913669e+03	3.995167e-02	0.000000e+00
663	3.000000e+02	6.000000e+02	6.000000e+02	0	6	2.089616e+01	1.862877e+04	3.995167e-02	0.000000e+00
664	4.000000e+02	6.000000e+02	6.000000e+02	0	6	2.089616e+01	8.272002e+03	3.995167e-02	0.000000e+00
665	5.000000e+02	6.000000e+02	6.000000e+02	0	6	2.089616e+01	1.294063e+04	3.995167e-02	0.000000e+00
666	6.000000e+02	6.000000e+02	6.000000e+02	0	6	2.089616e+01	1.811930e+04	3.995167e-02	0.000000e+00
667	7.000000e+02	6.000000e+02	6.000000e+02	0	6	2.089616e+01	9.622513e+03	3.995167e-02	0.000000e+00
668	8.000000e+02	6.000000e+02	6.000000e+02	0	6	2.089616e+01	1.914174e+04	3.995167e-02	0.000000e+00
669	9.000000e+02	6.000000e+02	6.000000e+02	0	6	2.089616e+01	1.573901e+04	3.995167e-02	0.000000e+00
670	1.000000e+03	6.000000e+02	6.000000e+02	2	6	2.089616e+01	1.463791e+04	3.995167e-02	0.000000e+00
671	1.000000e+02	7.000000e+02	6.000000e+02	1	6	2.089616e+01	1.033092e+04	3.995167e-02	0.000000e+00
672	2.000000e+02	7.000000e+02	6.000000e+02	0	6	2.089616e+01	1.486145e+04	3.995167e-02	0.000000e+00
673	3.000000e+02	7.000000e+02	6.000000e+02	0	6	2.089616e+01	1.158236e+04	3.995167e-02	0.000000e+00
674	4.000000e+02	7.000000e+02	6.000000e+02	0	6	2.089616e+01	1.725894e+04	3.995167e-02	0.000000e+00
675	5.000000e+02	7.000000e+02	6.000000e+02	0	6	2.089616e+01	1.557211e+04	3.995167e-02	0.000000e+00
676	6.000000e+02	7.000000e+02	6.000000e+02	0	6	2.089616e+01	1.688326e+04	3.995167e-02	0.000000e+00
677	7.000000e+02	7.000000e+02	6.000000e+02	0	6	2.089616e+01	1.577710e+04	3.995167e-02	0.000000e+00
678	8.000000e+02	7.000000e+02	6.000000e+02	0	6	2.089616e+01	2.217678e+04	3.995167e-02	0.000000e+00
679	9.000000e+02	7.000000e+02	6.000000e+02	0	6	2.089616e+01	1.749903e+04	3.995167e-02	0.000000e+00
680	1.000000e+03	7.000000e+02	6.000000e+02	2	6	2.089616e+01	1.713874e+04	3.995167e-02	0.000000e+00
681	1.000000e+02	8.000000e+02	6.000000e+02	1	6	2.089616e+01	1.540536e+04	3.995167e-02	0.000000e+00
682	2.000000e+02	8.000000e+02	6.000000e+02	0	6	2.089616e+01	1.013714e+04	3.995167e-02	0.000000e+00
683	3.000000e+02	8.000000e+02	6.000000e+02	0	6	2.089616e+01	2.222606e+04	3.995167e-02	0.000000e+00
684	4.000000e+02	8.000000e+02	6.000000e+02	0	6	2.089616e+01	2.082668e+04	3.995167e-02	0.000000e+00
685	5.000000e+02	8.000000e+02	6.000000e+02	0	6	2.089616e+01	2.103705e+04	3.995167e-02	0.000000e+00
686	6.000000e+02	8.000000e+02	6.000000e+02	0	6	2.089616e+01	2.221583e+04	3.995167e-02	0.000000e+00
687	7.000000e+02	8.000000e+02	6.000000e+02	0	6	2.089616e+01	1.815061e+04	3.995167e-02	0.000000e+00
688	8.000000e+02	8.000000e+02	6.000000e+02	0	6	2.089616e+01	2.113871e+04	3.995167e-02	0.000000e+00
689	9.000000e+02	8.000000e+02	6.000000e+02	0	6	2.089616e+01	1.539714e+04	3.995167e-02	0.000000e+00
690	1.000000e+03	8.000000e+02	6.000000e+02	2	6	2.089616e+01	1.224864e+04	3.995167e-02	0.000000e+00
691	1.000000e+02	9.000000e+02	6.000000e+02	1	5	2.089616e+01	1.778088e+04	3.995167e-02	0.000000e+00
692	2.000000e+02	9.000000e+02	6.000000e+02	0	5	2.089616e+01	7.985008e+03	3.995167e-02	0.000000e+00
693	3.000000e+02	9.000000e+02	6.000000e+02	0	5	2.089616e+01	9.013993e+03	3.995167e-02	0.000000e+00
694	4.000000e+02	9.000000e+02	6.000000e+02	0	5	2.089616e+01	1.849308e+04	3.995167e-02	0.000000e+00
695	5.000000e+02	9.000000e+02	6.000000e+02	0	5	2.089616e+01	2.193218e+04	3.995167e-02	0.000000e+00
696	6.000000e+02	9.000000e+02	6.000000e+02	0	5	2.089616e+01	1.671530e+04	3.995167e-02	0.000000e+00
697	7.000000e+02	9.000000e+02	6.000000e+02	0	5	2.089616e+01	1.436869e+04	3.995167e-02	0.000000e+00
698	8.000000e+02	9.000000e+02	6.000000e+02	0	5	2.089616e+01	1.727452e+04	3.995167e-02	0.000000e+00
699	9.000000e+02	9.000000e+02	6.000000e+02	0	5	2.089616e+01	7.960601e+03	3.995167e-02	0.000000e+00
700	1.000000e+03	9.000000e+02	6.000000e+02	2	5	2.089616e+01	1.514876e+04	3.995167e-02	0.000000e+00
701	1.000000e+02	0.000000e+00	7.000000e+02	1	5	2.089616e+01	1.717113e+04	3.995167e-02	0.000000e+00
702	2.000000e+02	0.000000e+00	7.000000e+02	0	5	2.089616e+01	2.221247e+04	3.995167e-02	0.000000e+00
703	3.000000e+02	0.000000e+00	7.000000e+02	0	5	2.089616e+01	2.171503e+04	3.995167e-02	0.000000e+00
704	4.000000e+02	0.000000e+00	7.000000e+02	0	5	2.089616e+01	1.319635e+04	3.995167e-02	0.000000e+00
705	5.000000e+02	0.000000e+00	7.000000e+02	0	5	2.089616e+01	7.963985e+03	3.995167e-02	0.000000e+00
706	6.000000e+02	0.000000e+00	7.000000e+02	0	5	2.089616e+01	2.189312e+04	3.995167e-02	0.000000e+00
707	7.000000e+02	0.000000e+00	7.000000e+02	0	5	2.089616e+01	1.255866e+04	3.995167e-02	0.000000e+00
708	8.000000e+02	0.000000e+00	7.000000e+02	0	5	2.089616e+01	2.250046e+04	3.995167e-02	0.000000e+00
709	9.000000e+02	0.000000e+00	7.000000e+02	0	5	2.089616e+01	1.535084e+04	3.995167e-02	0.000000e+00
710	1.000000e+03	0.000000e+00	7.000000e+02	2	5	2.089616e+01	1.693828e+04	3.995167e-02	0.000000e+00
711	1.000000e+02	1.000000e+02	7.000000e+02	1	6	2.089616e+01	2.153484e+04	3.995167e-02	0.000000e+00
712	2.000000e+02	1.000000e+02	7.000000e+02	0	6	2.089616e+01	8.988227e+03	3.995167e-02	0.000000e+00
713	3.000000e+02	1.000000e+02	7.000000e+02	0	6	2.089616e+01	2.223169e+04	3.995167e-02	0.000000e+00
714	4.000000e+02	1.000000e+02	7.000000e+02	0	6	2.089616e+01	1.806846e+04	3.995167e-02	0.000000e+00
715	5.000000e+02	1.000000e+02	7.000000e+02	0	6	2.089616e+01	8.632064e+03	3.995167e-02	0.000000e+00
716	6.000000e+02	1.000000e+02	7.000000e+02	0	6	2.089616e+01	1.482527e+04	3.995167e-02	0.000000e+00
717	7.000000e+02	1.000000e+02	7.000000e+02	0	6	2.089616e+01	1.214214e+04	3.995167e-02	0.000000e+00
718	8.000000e+02	1.000000e+02	7.000000e+02	0	6	2.089616e+01	1.040054e+04	3.995167e-02	0.000000e+00
719	9.000000e+02	1.000000e+02	7.000000e+02	0	6	2.089616e+01	2.161495e+04	3.995167e-02	0.000000e+00
720	1.000000e+03	1.000000e+02	7.000000e+02	2	6	2.089616e+01	1.607476e+04	3.995167e-02	0.000000e+00
721	1.000000e+02	2.000000e+02	7.000000e+02	1	6	2.089616e+01	1.934161e+04	3.995167e-02	0.000000e+00
722	2.000000e+02	2.000000e+02	7.000000e+02	0	6	2.089616e+01	1.370835e+04	3.995167e-02	0.000000e+00
723	3.000000e+02	2.000000e+02	7.000000e+02	0	6	2.089616e+01	1.441718e+04	3.995167e-02	0.000000e+00
724	4.000000e+02	2.000000e+02	7.000000e+02	0	6	2.089616e+01	1.582228e+04	3.995167e-02	0.000000e+00
725	5.000000e+02	2.000000e+02	7.000000e+02	0	6	2.089616e+01	9.820920e+03	3.995167e-02	0.000000e+00
726	6.000000e+02	2.000000e+02	7.000000e+02	0	6	2.089616e+01	1.545587e+04	3.995167e-02	0.000000e+00
727	7.000000e+02	2.000000e+02	7.000000e+02	0	6	2.089616e+01	1.483734e+04	3.995167e-02	0.000000e+00
728	8.000000e+02	2.000000e+02	7.000000e+02	0	6	2.089616e+01	1.287311e+04	3.995167e-02	0.000000e+00
729	9.000000e+02	2.000000e+02	7.000000e+02	0	6	2.089616e+01	2.236382e+04	3.995167e-02	0.000000e+00
730	1.000000e+03	2.000000e+02	7.000000e+02	2	6	2.089616e+01	1.828657e+04	3.995167e-02	0.000000e+00
731	1.000000e+02	3.000000e+02	7.000000e+02	1	6	2.089616e+01	1.336175e+04	3.995167e-02	0.000000e+00
732	2.000000e+02	3.000000e+02	7.000000e+02	0	6	2.089616e+01	1.333582e+04	3.995167e-02	0.000000e+00
733	3.000000e+02	3.000000e+02	7.000000e+02	0	6	2.089616e+01	2.221065e+04	3.995167e-02	0.000000e+00
734	4.000000e+02	3.000000e+02	7.000000e+02	0	6	2.089616e+01	1.070202e+04	3.995167e-02	0.000000e+00
735	5.000000e+02	3.000000e+02	7.000000e+02	0	6	2.089616e+01	2.023390e+04	3.995167e-02	0.000000e+00
736	6.000000e+02	3.000000e+02	7.000000e+02	0	6	2.089616e+01	2.152391e+04	3.995167e-02	0.000000e+00
737	7.000000e+02	3.000000e+02	7.000000e+02	0	6	2.089616e+01	1.451039e+04	3.995167e-02	0.000000e+00
738	8.000000e+02	3.000000e+02	7.000000e+02	0	6	2.089616e+01	1.747317e+04	3.995167e-02	0.000000e+00
739	9.000000e+02	3.000000e+02	7.000000e+02	0	6	2.089616e+01	1.084419e+04	3.995167e-02	0.000000e+00
740	1.000000e+03	3.000000e+02	7.000000e+02	2	6	2.089616e+01	1.827141e+04	3.995167e-02	0.000000e+00
741	1.000000e+02	4.000000e+02	7.000000e+02	1	6	2.089616e+01	1.910242e+04	3.995167e-02	0.000000e+00
742	2.000000e+02	4.000000e+02	7.000000e+02	0	6	2.089616e+01	1.872563e+04	3.995167e-02	0.000000e+00
743	3.000000e+02	4.000000e+02	7.000000e+02	0	6	2.089616e+01	2.226896e+04	3.995167e-02	0.000000e+00
744	4.000000e+02	4.000000e+02	7.000000e+02	0	6	2.089616e+01	1.498408e+04	3.995167e-02	0.000000e+00
745	5.000000e+02	4.000000e+02	7.000000e+02	0	6	2.089616e+01	2.189334e+04	3.995167e-02	0.000000e+00
746	6.000000e+02	4.000000e+02	7.000000e+02	0	6	2.089616e+01	1.314987e+04	3.995167e-02	0.000000e+00
747	7.000000e+02	4.000000e+02	7.000000e+02	0	6	2.089616e+01	1.759206e+04	3.995167e-02	0.000000e+00
748	8.000000e+02	4.000000e+02	7.000000e+02	0	6	2.089616e+01	1.583865e+04	3.995167e-02	0.000000e+00
749	9.000000e+02	4.000000e+02	7.000000e+02	0	6	2.089616e+01	1.634339e+04	3.995167e-02	0.000000e+00
750	1.000000e+03	4.000000e+02	7.000000e+02	2	6	2.089616e+01	1.904037e+04	3.995167e-02	0.000000e+00
751	1.000000e+02	5.000000e+02	7.000000e+02	1	6	2.089616e+01	1.211297e+04	3.995167e-02	0.000000e+00
752	2.000000e+02	5.000000e+02	7.000000e+02	0	6	2.089616e+01	1.611617e+04	3.995167e-02	0.000000e+00
753	3.000000e+02	5.000000e+02	7.000000e+02	0	6	2.089616e+01	2.073740e+04	3.995167e-02	0.000000e+00
754	4.000000e+02	5.000000e+02	7.000000e+02	0	6	2.089616e+01	1.597384e+04	3.995167e-02	0.000000e+00
755	5.000000e+02	5.000000e+02	7.000000e+02	0	6	2.089616e+01	2.007093e+04	3.995167e-02	0.000000e+00
756	6.000000e+02	5.000000e+02	7.000000e+02	0	6	2.089616e+01	2.088493e+04	3.995167e-02	0.000000e+00
757	7.000000e+02	5.000000e+02	7.000000e+02	0	6	2.089616e+01	1.698930e+04	3.995167e-02	0.000000e+00
758	8.000000e+02	5.000000e+02	7.000000e+02	0	6	2.089616e+01	1.702806e+04	3.995167e-02	0.000000e+00
759	9.000000e+02	5.000000e+02	7.000000e+02	0	6	2.089616e+01	1.470300e+04	3.995167e-02	0.000000e+00
760	1.000000e+03	5.000000e+02	7.000000e+02	2	6	2.089616e+01	1.997537e+04	3.995167e-02	0.000000e+00
761	1.000000e+02	6.000000e+02	7.000000e+02	1	6	2.089616e+01	8.817466e+03	3.995167e-02	0.000000e+00
762	2.000000e+02	6.000000e+02	7.000000e+02	0	6	2.089616e+01	2.209027e+04	3.995167e-02	0.000000e+00
763	3.000000e+02	6.000000e+02	7.000000e+02	0	6	2.089616e+01	1.823458e+04	3.995167e-02	0.000000e+00
764	4.000000e+02	6.000000e+02	7.000000e+02	0	6	2.089616e+01	1.336871e+04	3.995167e-02	0.000000e+00
765	5.000000e+02	6.000000e+02	7.000000e+02	0	6	2.089616e+01	1.095131e+04	3.995167e-02	0.000000e+00
766	6.000000e+02	6.000000e+02	7.000000e+02	0	6	2.089616e+01	1.860807e+04	3.995167e-02	0.000000e+00
767	7.000000e+02	6.000000e+02	7.000000e+02	0	6	2.089616e+01	8.407137e+03	3.995167e-02	0.000000e+00
768	8.000000e+02	6.000000e+02	7.000000e+02	0	6	2.089616e+01	1.993955e+04	3.995167e-02	0.000000e+00
769	9.000000e+02	6.000000e+02	7.000000e+02	0	6	2.089616e+01	1.711314e+04	3.995167e-02	0.000000e+00
770	1.000000e+03	6.000000e+02	7.000000e+02	2	6	2.089616e+01	1.534024e+04	3.995167e-02	0.000000e+00
771	1.000000e+02	7.000000e+02	7.000000e+02	1	6	2.089616e+01	1.383249e+04	3.995167e-02	0.000000e+00
772	2.000000e+02	7.000000e+02	7.000000e+02	0	6	2.089616e+01	2.018283e+04	3.995167e-02	0.000000e+00
773	3.000000e+02	7.000000e+02	7.000000e+02	0	6	2.089616e+01	1.661734e+04	3.995167e-02	0.000000e+00
774	4.000000e+02	7.000000e+02	7.000000e+02	0	6	2.089616e+01	1.864765e+04	3.995167e-02	0.000000e+00
775	5.000000e+02	7.000000e+02	7.000000e+02	0	6	2.089616e+01	1.383210e+04	3.995167e-02	0.000000e+00
776	6.000000e+02	7.000000e+02	7.000000e+02	0	6	2.089616e+01	2.004967e+04	3.995167e-02	0.000000e+00
777	7.000000e+02	7.000000e+02	7.000000e+02	0	6	2.089616e+01	1.186192e+04	3.995167e-02	0.000000e+00
778	8.000000e+02	7.000000e+02	7.000000e+02	0	6	2.089616e+01	1.725474e+04	3.995167e-02	0.000000e+00
779	9.000000e+02	7.000000e+02	7.000000e+02	0	6	2.089616e+01	1.846461e+04	3.995167e-02	0.000000e+00
780	1.000000e+03	7.000000e+02	7.000000e+02	2	6	2.089616e+01	1.931002e+04	3.995167e-02	0.000000e+00
781	1.000000e+02	8.000000e+02	7.000000e+02	1	6	2.089616e+01	1.025876e+04	3.995167e-02	0.000000e+00
782	2.000000e+02	8.000000e+02	7.000000e+02	0	6	2.089616e+01	8.461818e+03	3.995167e-02	0.000000e+00
783	3.000000e+02	8.000000e+02	7.000000e+02	0	6	2.089616e+01	1.426068e+04	3.995167e-02	0.000000e+00
784	4.000000e+02	8.000000e+02	7.000000e+02	0	6	2.089616e+01	1.524773e+04	3.995167e-02	0.000000e+00
785	5.000000e+02	8.000000e+02	7.000000e+02	0	6	2.089616e+01	9.046721e+03	3.995167e-02	0.000000e+00
786	6.000000e+02	8.000000e+02	7.000000e+02	0	6	2.089616e+01	1.475512e+04	3.995167e-02	0.000000e+00
787	7.000000e+02	8.000000e+02	7.000000e+02	0	6	2.089616e+01	1.424321e+04	3.995167e-02	0.000000e+00
788	8.000000e+02	8.000000e+02	7.000000e+02	0	6	2.089616e+01	2.064514e+04	3.995167e-02	0.000000e+00
789	9.000000e+02	8.000000e+02	7.000000e+02	0	6	2.089616e+01	2.056036e+04	3.995167e-02	0.000000e+00
790	1.000000e+03	8.000000e+02	7.000000e+02	2	6	2.089616e+01	9.590648e+03	3.995167e-02	0.000000e+00
791	1.000000e+02	9.000000e+02	7.000000e+02	1	5	2.089616e+01	1.353317e+04	3.995167e-02	0.000000e+00
792	2.000000e+02	9.000000e+02	7.000000e+02	0	5	2.089616e+01	8.590709e+03	3.995167e-02	0.000000e+00
793	3.000000e+02	9.000000e+02	7.000000e+02	0	5	2.089616e+01	1.974521e+04	3.995167e-02	0.000000e+00
794	4.000000e+02	9.000000e+02	7.000000e+02	0	5	2.089616e+01	1.833829e+04	3.995167e-02	0.000000e+00
795	5.000000e+02	9.000000e+02	7.000000e+02	0	5	2.089616e+01	1.536684e+04	3.995167e-02	0.000000e+00
796	6.000000e+02	9.000000e+02	7.000000e+02	0	5	2.089616e+01	1.249504e+04	3.995167e-02	0.000000e+00
797	7.000000e+02	9.000000e+02	7.000000e+02	0	5	2.089616e+01	8.788079e+03	3.995167e-02	0.000000e+00
798	8.000000e+02	9.000000e+02	7.000000e+02	0	5	2.089616e+01	2.264754e+04	3.995167e-02	0.000000e+00
799	9.000000e+02	9.000000e+02	7.000000e+02	0	5	2.089616e+01	1.569675e+04	3.995167e-02	0.000000e+00
800	1.000000e+03	9.000000e+02	7.000000e+02	2	5	2.089616e+01	2.099498e+04	3.995167e-02	0.000000e+00
801	1.000000e+02	0.000000e+00	8.000000e+02	1	5	2.089616e+01	8.563604e+03	3.995167e-02	0.000000e+00
802	2.000000e+02	0.000000e+00	8.000000e+02	0	5	2.089616e+01	1.154531e+04	3.995167e-02	0.000000e+00
803	3.000000e+02	0.000000e+00	8.000000e+02	0	5	2.089616e+01	8.084769e+03	3.995167e-02	0.000000e+00
804	4.000000e+02	0.000000e+00	8.000000e+02	0	5	2.089616e+01	1.545334e+04	3.995167e-02	0.000000e+00
805	5.000000e+02	0.000000e+00	8.000000e+02	0	5	2.089616e+01	1.391595e+04	3.995167e-02	0.000000e+00
806	6.000000e+02	0.000000e+00	8.000000e+02	0	5	2.089616e+01	2.021602e+04	3.995167e-02	0.000000e+00
807	7.000000e+02	0.000000e+00	8.000000e+02	0	5	2.089616e+01	9.326243e+03	3.995167e-02	0.000000e+00
808	8.000000e+02	0.000000e+00	8.000000e+02	0	5	2.089616e+01	9.392298e+03	3.995167e-02	0.000000e+00
809	9.000000e+02	0.000000e+00	8.000000e+02	0	5	2.089616e+01	1.999229e+04	3.995167e-02	0.000000e+00
810	1.000000e+03	0.000000e+00	8.000000e+02	2	5	2.089616e+01	1.891083e+04	3.995167e-02	0.000000e+00
811	1.000000e+02	1.000000e+02	8.000000e+02	1	6	2.089616e+01	1.653968e+04	3.995167e-02	0.000000e+00
812	2.000000e+02	1.000000e+02	8.000000e+02	0	6	2.089616e+01	1.546451e+04	3.995167e-02	0.000000e+00
813	3.000000e+02	1.000000e+02	8.000000e+02	0	6	2.089616e+01	7.974286e+03	3.995167e-02	0.000000e+00
814	4.000000e+02	1.000000e+02	8.000000e+02	0	6	2.089616e+01	2.195011e+04	3.995167e-02	0.000000e+00
815	5.000000e+02	1.000000e+02	8.000000e+02	0	6	2.089616e+01	2.115863e+04	3.995167e-02	0.000000e+00
816	6.000000e+02	1.000000e+02	8.000000e+02	0	6	2.089616e+01	1.019637e+04	3.995167e-02	0.000000e+00
817	7.000000e+02	1.000000e+02	8.000000e+02	0	6	2.089616e+01	1.276452e+04	3.995167e-02	0.000000e+00
818	8.000000e+02	1.000000e+02	8.000000e+02	0	6	2.089616e+01	1.257483e+04	3.995167e-02	0.000000e+00
819	9.000000e+02	1.000000e+02	8.000000e+02	0	6	2.089616e+01	2.087668e+04	3.995167e-02	0.000000e+00
820	1.000000e+03	1.000000e+02	8.000000e+02	2	6	2.089616e+01	1.495211e+04	3.995167e-02	0.000000e+00
821	1.000000e+02	2.000000e+02	8.000000e+02	1	6	2.089616e+01	9.957664e+03	3.995167e-02	0.000000e+00
822	2.000000e+02	2.000000e+02	8.000000e+02	0	6	2.089616e+01	9.958860e+03	3.995167e-02	0.000000e+00
823	3.000000e+02	2.000000e+02	8.000000e+02	0	6	2.089616e+01	1.230877e+04	3.995167e-02	0.000000e+00
824	4.000000e+02	2.000000e+02	8.000000e+02	0	6	2.089616e+01	7.855149e+03	3.995167e-02	0.000000e+00
825	5.000000e+02	2.000000e+02	8.000000e+02	0	6	2.089616e+01	1.573705e+04	3.995167e-02	0.000000e+00
826	6.000000e+02	2.000000e+02	8.000000e+02	0	6	2.089616e+01	1.657834e+04	3.995167e-02	0.000000e+00
827	7.000000e+02	2.000000e+02	8.000000e+02	0	6	2.089616e+01	1.700342e+04	3.995167e-02	0.000000e+00
828	8.000000e+02	2.000000e+02	8.000000e+02	0	6	2.089616e+01	2.065718e+04	3.995167e-02	0.000000e+00
829	9.000000e+02	2.000000e+02	8.000000e+02	0	6	2.089616e+01	1.232403e+04	3.995167e-02	0.000000e+00
830	1.000000e+03	2.000000e+02	8.000000e+02	2	6	2.089616e+01	1.394778e+04	3.995167e-02	0.000000e+00
831	1.000000e+02	3.000000e+02	8.000000e+02	1	6	2.089616e+01	1.664601e+04	3.995167e-02	0.000000e+00
832	2.000000e+02	3.000000e+02	8.000000e+02	0	6	2.089616e+01	2.233252e+04	3.995167e-02	0.000000e+00
833	3.000000e+02	3.000000e+02	8.000000e+02	0	6	2.089616e+01	1.007148e+04	3.995167e-02	0.000000e+00
834	4.000000e+02	3.000000e+02	8.000000e+02	0	6	2.089616e+01	7.923527e+03	3.995167e-02	0.000000e+00
835	5.000000e+02	3.000000e+02	8.000000e+02	0	6	2.089616e+01	1.001150e+04	3.995167e-02	0.000000e+00
836	6.000000e+02	3.000000e+02	8.000000e+02	0	6	2.089616e+01	1.588359e+04	3.995167e-02	0.000000e+00
837	7.000000e+02	3.000000e+02	8.000000e+02	0	6	2.089616e+01	1.502811e+04	3.995167e-02	0.000000e+00
838	8.000000e+02	3.000000e+02	8.000000e+02	0	6	2.089616e+01	1.272433e+04	3.995167e-02	0.000000e+00
839	9.000000e+02	3.000000e+02	8.000000e+02	0	6	2.089616e+01	8.074798e+03	3.995167e-02	0.000000e+00
840	1.000000e+03	3.000000e+02	8.000000e+02	2	6	2.089616e+01	9.879728e+03	3.995167e-02	0.000000e+00
841	1.000000e+02	4.000000e+02	8.000000e+02	1	6	2.089616e+01	7.948674e+03	3.995167e-02	0.000000e+00
842	2.000000e+02	4.000000e+02	8.000000e+02	0	6	2.089616e+01	2.080399e+04	3.995167e-02	0.000000e+00
843	3.000000e+02	4.000000e+02	8.000000e+02	0	6	2.089616e+01	1.748072e+04	3.995167e-02	0.000000e+00
844	4.000000e+02	4.000000e+02	8.000000e+02	0	6	2.089616e+01	2.016382e+04	3.995167e-02	0.000000e+00
845	5.000000e+02	4.000000e+02	8.000000e+02	0	6	2.089616e+01	1.558813e+04	3.995167e-02	0.000000e+00
846	6.000000e+02	4.000000e+02	8.000000e+02	0	6	2.089616e+01	1.940271e+04	3.995167e-02	0.000000e+00
847	7.000000e+02	4.000000e+02	8.000000e+02	0	6	2.089616e+01	1.654446e+04	3.995167e-02	0.000000e+00
848	8.000000e+02	4.000000e+02	8.000000e+02	0	6	2.089616e+01	1.033164e+04	3.995167e-02	0.000000e+00
849	9.000000e+02	4.000000e+02	8.000000e+02	0	6	2.089616e+01	1.517382e+04	3.995167e-02	0.000000e+00
850	1.000000e+03	4.000000e+02	8.000000e+02	2	6	2.089616e+01	9.274441e+03	3.995167e-02	0.000000e+00
851	1.000000e+02	5.000000e+02	8.000000e+02	1	6	2.089616e+01	2.223882e+04	3.995167e-02	0.000000e+00
852	2.000000e+02	5.000000e+02	8.000000e+02	0	6	2.089616e+01	1.235613e+04	3.995167e-02	0.000000e+00
853	3.000000e+02	5.000000e+02	8.000000e+02	0	6	2.089616e+01	8.643176e+03	3.995167e-02	0.000000e+00
854	4.000000e+02	5.000000e+02	8.000000e+02	0	6	2.089616e+01	1.738293e+04	3.995167e-02	0.000000e+00
855	5.000000e+02	5.000000e+02	8.000000e+02	0	6	2.089616e+01	1.853466e+04	3.995167e-02	0.000000e+00
856	6.000000e+02	5.000000e+02	8.000000e+02	0	6	2.089616e+01	1.434423e+04	3.995167e-02	0.000000e+00
857	7.000000e+02	5.000000e+02	8.000000e+02	0	6	2.089616e+01	1.067996e+04	3.995167e-02	0.000000e+00
858	8.000000e+02	5.000000e+02	8.000000e+02	0	6	2.089616e+01	1.955217e+04	3.995167e-02	0.000000e+00
859	9.000000e+02	5.000000e+02	8.000000e+02	0	6	2.089616e+01	1.217732e+04	3.995167e-02	0.000000e+00
860	1.000000e+03	5.000000e+02	8.000000e+02	2	6	2.089616e+01	1.150127e+04	3.995167e-02	0.000000e+00
861	1.000000e+02	6.000000e+02	8.000000e+02	1	6	2.089616e+01	1.184415e+04	3.995167e-02	0.000000e+00
862	2.000000e+02	6.000000e+02	8.000000e+02	0	6	2.089616e+01	1.959888e+04	3.995167e-02	0.000000e+00
863	3.000000e+02	6.000000e+02	8.000000e+02	0	6	2.089616e+01	1.259312e+04	3.995167e-02	0.000000e+00
864	4.000000e+02	6.000000e+02	8.000000e+02	0	6	2.089616e+01	2.177350e+04	3.995167e-02	0.000000e+00
865	5.000000e+02	6.000000e+02	8.000000e+02	0	6	2.089616e+01	1.193643e+04	3.995167e-02	0.000000e+00
866	6.000000e+02	6.000000e+02	8.000000e+02	0	6	2.089616e+01	1.407158e+04	3.995167e-02	0.000000e+00
867	7.000000e+02	6.000000e+02	8.000000e+02	0	6	2.089616e+01	1.276610e+04	3.995167e-02	0.000000e+00
868	8.000000e+02	6.000000e+02	8.000000e+02	0	6	2.089616e+01	1.850651e+04	3.995167e-02	0.000000e+00
869	9.000000e+02	6.000000e+02	8.000000e+02	0	6	2.089616e+01	1.721324e+04	3.995167e-02	0.000000e+00
870	1.000000e+03	6.000000e+02	8.000000e+02	2	6	2.089616e+01	1.519866e+04	3.995167e-02	0.000000e+00
871	1.000000e+02	7.000000e+02	8.000000e+02	1	6	2.089616e+01	1.951925e+04	3.995167e-02	0.000000e+00
872	2.000000e+02	7.000000e+02	8.000000e+02	0	6	2.089616e+01	2.038839e+04	3.995167e-02	0.000000e+00
873	3.000000e+02	7.000000e+02	8.000000e+02	0	6	2.089616e+01	2.152677e+04	3.995167e-02	0.000000e+00
874	4.000000e+02	7.000000e+02	8.000000e+02	0	6	2.089616e+01	1.818740e+04	3.995167e-02	0.000000e+00
875	5.000000e+02	7.000000e+02	8.000000e+02	0	6	2.089616e+01	1.399093e+04	3.995167e-02	0.000000e+00
876	6.000000e+02	7.000000e+02	8.000000e+02	0	6	2.089616e+01	8.197050e+03	3.995167e-02	0.000000e+00
877	7.000000e+02	7.000000e+02	8.000000e+02	0	6	2.089616e+01	1.072210e+04	3.995167e-02	0.000000e+00
878	8.000000e+02	7.000000e+02	8.000000e+02	0	6	2.089616e+01	2.101133e+04	3.995167e-02	0.000000e+00
879	9.000000e+02	7.000000e+02	8.000000e+02	0	6	2.089616e+01	8.510407e+03	3.995167e-02	0.000000e+00
880	1.000000e+03	7.000000e+02	8.000000e+02	2	6	2.089616e+01	1.892309e+04	3.995167e-02	0.000000e+00
881	1.000000e+02	8.000000e+02	8.000000e+02	1	6	2.089616e+01	1.643584e+04	3.995167e-02	0.000000e+00
882	2.000000e+02	8.000000e+02	8.000000e+02	0	6	2.089616e+01	1.834458e+04	3.995167e-02	0.000000e+00
883	3.000000e+02	8.000000e+02	8.000000e+02	0	6	2.089616e+01	2.159367e+04	3.995167e-02	0.000000e+00
884	4.000000e+02	8.000000e+02	8.000000e+02	0	6	2.089616e+01	2.132427e+04	3.995167e-02	0.000000e+00
885	5.000000e+02	8.000000e+02	8.000000e+02	0	6	2.089616e+01	1.331773e+04	3.995167e-02	0.000000e+00
886	6.000000e+02	8.000000e+02	8.000000e+02	0	6	2.089616e+01	2.253225e+04	3.995167e-02	0.000000e+00
887	7.000000e+02	8.000000e+02	8.000000e+02	0	6	2.089616e+01	1.585121e+04	3.995167e-02	0.000000e+00
888	8.000000e+02	8.000000e+02	8.000000e+02	0	6	2.089616e+01	1.304470e+04	3.995167e-02	0.000000e+00
889	9.000000e+02	8.000000e+02	8.000000e+02	0	6	2.089616e+01	2.269627e+04	3.995167e-02	0.000000e+00
890	1.000000e+03	8.000000e+02	8.000000e+02	2	6	2.089616e+01	1.899679e+04	3.995167e-02	0.000000e+00
891	1.000000e+02	9.000000e+02	8.000000e+02	1	5	2.089616e+01	2.244637e+04	3.995167e-02	0.000000e+00
892	2.000000e+02	9.000000e+02	8.000000e+02	0	5	2.089616e+01	8.427324e+03	3.995167e-02	0.000000e+00
893	3.000000e+02	9.000000e+02	8.000000e+02	0	5	2.089616e+01	1.548142e+04	3.995167e-02	0.000000e+00
894	4.000000e+02	9.000000e+02	8.000000e+02	0	5	2.089616e+01	1.953055e+04	3.995167e-02	0.000000e+00
895	5.000000e+02	9.000000e+02	8.000000e+02	0	5	2.089616e+01	2.239198e+04	3.995167e-02	0.000000e+00
896	6.000000e+02	9.000000e+02	8.000000e+02	0	5	2.089616e+01	1.184323e+04	3.995167e-02	0.000000e+00
897	7.000000e+02	9.000000e+02	8.000000e+02	0	5	2.089616e+01	1.404104e+04	3.995167e-02	0.000000e+00
898	8.000000e+02	9.000000e+02	8.000000e+02	0	5	2.089616e+01	1.163708e+04	3.995167e-02	0.000000e+00
899	9.000000e+02	9.000000e+02	8.000000e+02	0	5	2.089616e+01	8.946660e+03	3.995167e-02	0.000000e+00
900	1.000000e+03	9.000000e+02	8.000000e+02	2	5	2.089616e+01	1.861581e+04	3.995167e-02	0.000000e+00
901	1.000000e+02	0.000000e+00	9.000000e+02	1	4	2.089616e+01	1.175126e+04	3.995167e-02	0.000000e+00
902	2.000000e+02	0.000000e+00	9.000000e+02	0	4	2.089616e+01	1.898770e+04	3.995167e-02	0.000000e+00
903	3.000000e+02	0.000000e+00	9.000000e+02	0	4	2.089616e+01	1.037191e+04	3.995167e-02	0.000000e+00
904	4.000000e+02	0.000000e+00	9.000000e+02	0	4	2.089616e+01	2.179936e+04	3.995167e-02	0.000000e+00
905	5.000000e+02	0.000000e+00	9.000000e+02	0	4	2.089616e+01	1.228344e+04	3.995167e-02	0.000000e+00
906	6.000000e+02	0.000000e+00	9.000000e+02	0	4	2.089616e+01	1.497458e+04	3.995167e-02	0.000000e+00
907	7.000000e+02	0.000000e+00	9.000000e+02	0	4	2.089616e+01	1.153846e+04	3.995167e-02	0.000000e+00
908	8.000000e+02	0.000000e+00	9.000000e+02	0	4	2.089616e+01	1.283482e+04	3.995167e-02	0.000000e+00
909	9.000000e+02	0.000000e+00	9.000000e+02	0	4	2.089616e+01	1.813087e+04	3.995167e-02	0.000000e+00
910	1.000000e+03	0.000000e+00	9.000000e+02	2	4	2.089616e+01	8.037680e+03	3.995167e-02	0.000000e+00
911	1.000000e+02	1.000000e+02	9.000000e+02	1	5	2.089616e+01	8.089261e+03	3.995167e-02	0.000000e+00
912	2.000000e+02	1.000000e+02	9.000000e+02	0	5	2.089616e+01	8.933844e+03	3.995167e-02	0.000000e+00
913	3.000000e+02	1.000000e+02	9.000000e+02	0	5	2.089616e+01	2.229665e+04	3.995167e-02	0.000000e+00
914	4.000000e+02	1.000000e+02	9.000000e+02	0	5	2.089616e+01	1.157431e+04	3.995167e-02	0.000000e+00
915	5.000000e+02	1.000000e+02	9.000000e+02	0	5	2.089616e+01	2.192015e+04	3.995167e-02	0.000000e+00
916	6.000000e+02	1.000000e+02	9.000000e+02	0	5	2.089616e+01	2.101155e+04	3.995167e-02	0.000000e+00
917	7.000000e+02	1.000000e+02	9.000000e+02	0	5	2.089616e+01	1.073631e+04	3.995167e-02	0.000000e+00
918	8.000000e+02	1.000000e+02	9.000000e+02	0	5	2.089616e+01	1.004603e+04	3.995167e-02	0.000000e+00
919	9.000000e+02	1.000000e+02	9.000000e+02	0	5	2.089616e+01	1.571597e+04	3.995167e-02	0.000000e+00
920	1.000000e+03	1.000000e+02	9.000000e+02	2	5	2.089616e+01	2.196572e+04	3.995167e-02	0.000000e+00
921	1.000000e+02	2.000000e+02	9.000000e+02	1	5	2.089616e+01	1.579549e+04	3.995167e-02	0.000000e+00
922	2.000000e+02	2.000000e+02	9.000000e+02	0	5	2.089616e+01	2.128642e+04	3.995167e-02	0.000000e+00
923	3.000000e+02	2.000000e+02	9.000000e+02	0	5	2.089616e+01	1.560675e+04	3.995167e-02	0.000000e+00
924	4.000000e+02	2.000000e+02	9.000000e+02	0	5	2.089616e+01	1.943635e+04	3.995167e-02	0.000000e+00
925	5.000000e+02	2.000000e+02	9.000000e+02	0	5	2.089616e+01	1.059844e+04	3.995167e-02	0.000000e+00
926	6.000000e+02	2.000000e+02	9.000000e+02	0	5	2.089616e+01	2.184412e+04	3.995167e-02	0.000000e+00
927	7.000000e+02	2.000000e+02	9.000000e+02	0	5	2.089616e+01	1.842598e+04	3.995167e-02	0.000000e+00
928	8.000000e+02	2.000000e+02	9.000000e+02	0	5	2.089616e+01	1.482708e+04	3.995167e-02	0.000000e+00
929	9.000000e+02	2.000000e+02	9.000000e+02	0	5	2.089616e+01	1.639090e+04	3.995167e-02	0.000000e+00
930	1.000000e+03	2.000000e+02	9.000000e+02	2	5	2.089616e+01	2.136578e+04	3.995167e-02	0.000000e+00
931	1.000000e+02	3.000000e+02	9.000000e+02	1	5	2.089616e+01	2.102945e+04	3.995167e-02	0.000000e+00
932	2.000000e+02	3.000000e+02	9.000000e+02	0	5	2.089616e+01	1.027501e+04	3.995167e-02	0.000000e+00
933	3.000000e+02	3.000000e+02	9.000000e+02	0	5	2.089616e+01	1.731233e+04	3.995167e-02	0.000000e+00
934	4.000000e+02	3.000000e+02	9.000000e+02	0	5	2.089616e+01	2.076332e+04	3.995167e-02	0.000000e+00
935	5.000000e+02	3.000000e+02	9.000000e+02	0	5	2.089616e+01	2.098267e+04	3.995167e-02	0.000000e+00
936	6.000000e+02	3.000000e+02	9.000000e+02	0	5	2.089616e+01	1.918272e+04	3.995167e-02	0.000000e+00
937	7.000000e+02	3.000000e+02	9.000000e+02	0	5	2.089616e+01	7.984616e+03	3.995167e-02	0.000000e+00
938	8.000000e+02	3.000000e+02	9.000000e+02	0	5	2.089616e+01	2.153319e+04	3.995167e-02	0.000000e+00
939	9.000000e+02	3.000000e+02	9.000000e+02	0	5	2.089616e+01	1.038579e+04	3.995167e-02	0.000000e+00
940	1.000000e+03	3.000000e+02	9.000000e+02	2	5	2.089616e+01	1.321750e+04	3.995167e-02	0.000000e+00
941	1.000000e+02	4.000000e+02	9.000000e+02	1	5	2.089616e+01	8.879509e+03	3.995167e-02	0.000000e+00
942	2.000000e+02	4.000000e+02	9.000000e+02	0	5	2.089616e+01	1.451456e+04	3.995167e-02	0.000000e+00
943	3.000000e+02	4.000000e+02	9.000000e+02	0	5	2.089616e+01	9.037539e+03	3.995167e-02	0.000000e+00
944	4.000000e+02	4.000000e+02	9.000000e+02	0	5	2.089616e+01	1.601073e+04	3.995167e-02	0.000000e+00
945	5.000000e+02	4.000000e+02	9.000000e+02	0	5	2.089616e+01	2.267146e+04	3.995167e-02	0.000000e+00
946	6.000000e+02	4.000000e+02	9.000000e+02	0	5	2.089616e+01	7.765854e+03	3.995167e-02	0.000000e+00
947	7.000000e+02	4.000000e+02	9.000000e+02	0	5	2.089616e+01	1.554142e+04	3.995167e-02	0.000000e+00
948	8.000000e+02	4.000000e+02	9.000000e+02	0	5	2.089616e+01	1.493931e+04	3.995167e-02	0.000000e+00
949	9.000000e+02	4.000000e+02	9.000000e+02	0	5	2.089616e+01	1.392535e+04	3.995167e-02	0.000000e+00
950	1.000000e+03	4.000000e+02	9.000000e+02	2	5	2.089616e+01	1.258230e+04	3.995167e-02	0.000000e+00
951	1.000000e+02	5.000000e+02	9.000000e+02	1	5	2.089616e+01	1.533497e+04	3.995167e-02	0.000000e+00
952	2.000000e+02	5.000000e+02	9.000000e+02	0	5	2.089616e+01	1.198318e+04	3.995167e-02	0.000000e+00
953	3.000000e+02	5.000000e+02	9.000000e+02	0	5	2.089616e+01	1.218062e+04	3.995167e-02	0.000000e+00
954	4.000000e+02	5.000000e+02	9.000000e+02	0	5	2.089616e+01	1.688296e+04	3.995167e-02	0.000000e+00
955	5.000000e+02	5.000000e+02	9.000000e+02	0	5	2.089616e+01	1.641826e+04	3.995167e-02	0.000000e+00
956	6.000000e+02	5.000000e+02	9.000000e+02	0	5	2.089616e+01	1.041444e+04	3.995167e-02	0.000000e+00
957	7.000000e+02	5.000000e+02	9.000000e+02	0	5	2.089616e+01	1.066245e+04	3.995167e-02	0.000000e+00
958	8.000000e+02	5.000000e+02	9.000000e+02	0	5	2.089616e+01	9.117002e+03	3.995167e-02	0.000000e+00
959	9.000000e+02	5.000000e+02	9.000000e+02	0	5	2.089616e+01	1.016224e+04	3.995167e-02	0.000000e+00
960	1.000000e+03	5.000000e+02	9.000000e+02	2	5	2.089616e+01	1.852904e+04	3.995167e-02	0.000000e+00
961	1.000000e+02	6.000000e+02	9.000000e+02	1	5	2.089616e+01	1.150527e+04	3.995167e-02	0.000000e+00
962	2.000000e+02	6.000000e+02	9.000000e+02	0	5	2.089616e+01	2.034064e+04	3.995167e-02	0.000000e+00
963	3.000000e+02	6.000000e+02	9.000000e+02	0	5	2.089616e+01	1.951752e+04	3.995167e-02	0.000000e+00
964	4.000000e+02	6.000000e+02	9.000000e+02	0	5	2.089616e+01	1.622911e+04	3.995167e-02	0.000000e+00
965	5.000000e+02	6.000000e+02	9.000000e+02	0	5	2.089616e+01	1.160075e+04	3.995167e-02	0.000000e+00
966	6.000000e+02	6.000000e+02	9.000000e+02	0	5	2.089616e+01	1.396426e+04	3.995167e-02	0.000000e+00
967	7.000000e+02	6.000000e+02	9.000000e+02	0	5	2.089616e+01	1.393598e+04	3.995167e-02	0.000000e+00
968	8.000000e+02	6.000000e+02	9.000000e+02	0	5	2.089616e+01	1.014981e+04	3.995167e-02	0.000000e+00
969	9.000000e+02	6.000000e+02	9.000000e+02	0	5	2.089616e+01	1.393896e+04	3.995167e-02	0.000000e+00
970	1.000000e+03	6.000000e+02	9.000000e+02	2	5	2.089616e+01	1.906459e+04	3.995167e-02	0.000000e+00
971	1.000000e+02	7.000000e+02	9.000000e+02	1	5	2.089616e+01	2.215487e+04	3.995167e-02	0.000000e+00
972	2.000000e+02	7.000000e+02	9.000000e+02	0	5	2.089616e+01	1.076949e+04	3.995167e-02	0.000000e+00
973	3.000000e+02	7.000000e+02	9.000000e+02	0	5	2.089616e+01	1.773618e+04	3.995167e-02	0.000000e+00
974	4.000000e+02	7.000000e+02	9.000000e+02	0	5	2.089616e+01	8.597910e+03	3.995167e-02	0.000000e+00
975	5.000000e+02	7.000000e+02	9.000000e+02	0	5	2.089616e+01	1.096488e+04	3.995167e-02	0.000000e+00
976	6.000000e+02	7.000000e+02	9.000000e+02	0	5	2.089616e+01	1.743376e+04	3.995167e-02	0.000000e+00
977	7.000000e+02	7.000000e+02	9.000000e+02	0	5	2.089616e+01	1.404939e+04	3.995167e-02	0.000000e+00
978	8.000000e+02	7.000000e+02	9.000000e+02	0	5	2.089616e+01	1.421559e+04	3.995167e-02	0.000000e+00
979	9.000000e+02	7.000000e+02	9.000000e+02	0	5	2.089616e+01	1.965947e+04	3.995167e-02	0.000000e+00
980	1.000000e+03	7.000000e+02	9.000000e+02	2	5	2.089616e+01	1.530842e+04	3.995167e-02	0.000000e+00
981	1.000000e+02	8.000000e+02	9.000000e+02	1	5	2.089616e+01	1.049816e+04	3.995167e-02	0.000000e+00
982	2.000000e+02	8.000000e+02	9.000000e+02	0	5	2.089616e+01	2.244468e+04	3.995167e-02	0.000000e+00
983	3.000000e+02	8.000000e+02	9.000000e+02	0	5	2.089616e+01	9.997980e+03	3.995167e-02	0.000000e+00
984	4.000000e+02	8.000000e+02	9.000000e+02	0	5	2.089616e+01	1.423705e+04	3.995167e-02	0.000000e+00
985	5.000000e+02	8.000000e+02	9.000000e+02	0	5	2.089616e+01	2.225031e+04	3.995167e-02	0.000000e+00
986	6.000000e+02	8.000000e+02	9.000000e+02	0	5	2.089616e+01	1.455386e+04	3.995167e-02	0.000000e+00
987	7.000000e+02	8.000000e+02	9.000000e+02	0	5	2.089616e+01	8.078997e+03	3.995167e-02	0.000000e+00
988	8.000000e+02	8.000000e+02	9.000000e+02	0	5	2.089616e+01	1.262926e+04	3.995167e-02	0.000000e+00
989	9.000000e+02	8.000000e+02	9.000000e+02	0	5	2.089616e+01	1.308310e+04	3.995167e-02	0.000000e+00
990	1.000000e+03	8.000000e+02	9.000000e+02	2	5	2.089616e+01	1.814890e+04	3.995167e-02	0.000000e+00
991	1.000000e+02	9.000000e+02	9.000000e+02	1	4	2.089616e+01	1.011392e+04	3.995167e-02	0.000000e+00
992	2.000000e+02	9.000000e+02	9.000000e+02	0	4	2.089616e+01	1.054406e+04	3.995167e-02	0.000000e+00
993	3.000000e+02	9.000000e+02	9.000000e+02	0	4	2.089616e+01	1.812245e+04	3.995167e-02	0.000000e+00
994	4.000000e+02	9.000000e+02	9.000000e+02	0	4	2.089616e+01	1.135946e+04	3.995167e-02	0.000000e+00
995	5.000000e+02	9.000000e+02	9.000000e+02	0	4	2.089616e+01	1.575304e+04	3.995167e-02	0.000000e+00
996	6.000000e+02	9.000000e+02	9.000000e+02	0	4	2.089616e+01	1.862867e+04	3.995167e-02	0.000000e+00
997	7.000000e+02	9.000000e+02	9.000000e+02	0	4	2.089616e+01	1.757583e+04	3.995167e-02	0.000000e+00
998	8.000000e+02	9.000000e+02	9.000000e+02	0	4	2.089616e+01	1.041369e+04	3.995167e-02	0.000000e+00
999	9.000000e+02	9.000000e+02	9.000000e+02	0	4	2.089616e+01	1.725948e+04	3.995167e-02	0.000000e+00
1000	1.000000e+03	9.000000e+02	9.000000e+02	2	4	2.089616e+01	1.600401e+04	3.995167e-02	0.000000e+00
