3.172085369888210879e-05
3.650677203411317208e-05
6.443006089806593243e-05
6.626747317941449533e-05
3.150742480213339927e-05
4.781130180367222296e-05
6.832969416156936049e-05
5.428975708583391995e-05
3.491690540954200690e-05
4.066307185271127422e-05
6.892160769849392933e-05
4.839341341944373466e-05
2.664971959193534673e-05
5.817986049710268352e-05
2.786782030187952267e-05
2.490455284674284261e-05
4.117913553688230203e-05
5.527669424830582037e-05
5.724481362370741175e-05
2.024053040300195482e-05
4.623917197559349724e-05
3.887978772130106159e-05
3.173450955390182436e-05
2.730861685499166730e-05
6.543753362104675426e-05
5.768130787377174313e-05
5.860034870436782488e-05
2.112771753632906917e-05
4.152118722929705951e-05
5.702541758025308772e-05
5.511962501575330339e-05
5.465725923180494235e-05
3.089131270903196745e-05
6.581446685436755984e-05
6.373366068524123813e-05
2.274973847445741184e-05
5.425182563459968914e-05
2.898843216156641456e-05
4.361626452418282184e-05
3.522318955519276824e-05
6.947952563248354664e-05
6.100190129720917592e-05
2.735413378125250392e-05
4.421235283208104622e-05
4.553773950720907789e-05
2.608739788620226686e-05
5.313239795112416022e-05
4.823681459832038107e-05
3.586506738717852263e-05
4.483597550794476787e-05
4.486928679093220946e-05
5.888316322806964284e-05
4.848635990234981453e-05
4.973838875516266810e-05
6.391784214238655155e-05
5.506204174736617973e-05
3.610115821050830518e-05
3.377506101216984537e-05
4.903460488481249104e-05
2.527528030988682116e-05
2.711815341328836657e-05
2.269641222725750783e-05
3.591377639796237997e-05
4.593177570894726232e-05
6.929439465519963797e-05
2.320234007725089135e-05
5.704380739675681569e-05
6.625442274002536476e-05
5.699212732952275203e-05
3.245931503330587464e-05
4.685508485589778496e-05
2.994632104868201486e-05
4.380275810662348951e-05
3.540233171718354486e-05
6.851006883664609293e-05
3.839074556894450359e-05
5.623121529346326424e-05
5.267098332535944072e-05
4.167548178299981012e-05
5.988005246655160021e-05
5.720203412686057702e-05
6.717736552007507443e-05
6.485645715695945439e-05
4.608946551405955640e-05
2.792961695609723970e-05
6.952532428736542995e-05
4.954974384941065199e-05
4.189422866352107667e-05
4.049224512493974644e-05
2.988982509558492853e-05
3.996066971566247425e-05
6.035759049364890997e-05
5.759174043886892779e-05
4.792972790866370492e-05
4.578559437805571503e-05
2.265047427380542793e-05
6.890807267572722375e-05
5.612172925143020502e-05
3.617042996919145055e-05
5.470476745603668564e-05
2.390072843417000983e-05
4.561352245847978440e-05
6.125450464182037645e-05
4.535957303175018097e-05
3.682095184523567001e-05
5.114268002373326626e-05
2.981835536939580412e-05
4.122056816211472894e-05
6.124357248296311712e-05
2.938779630613173990e-05
6.265858376918637433e-05
5.563560559172121150e-05
4.314197914422525929e-05
2.329732903036714153e-05
4.122603164310761659e-05
6.143907367953013428e-05
2.128289917512005003e-05
2.210986716601715958e-05
3.551034013928329984e-05
5.111955814822646561e-05
6.036457094909383693e-05
6.798019321828427765e-05
4.826163144256822023e-05
4.824702778934587805e-05
6.991683980686329183e-05
5.043069041919389929e-05
4.542398603736153825e-05
3.821795719781172554e-05
2.467419909099667052e-05
3.515202728391828691e-05
6.870321220727708281e-05
2.924303110670476124e-05
4.852078124054653470e-05
3.645154125041465929e-05
6.666628712346821847e-05
2.193021202272205016e-05
4.017642168631347472e-05
6.663661561047056283e-05
4.588850338525288615e-05
4.164787703332162078e-05
4.382581732499212494e-05
2.401234990810800500e-05
6.417232910785110073e-05
3.208275221696864062e-05
2.732580851880984560e-05
6.280466687950396097e-05
4.525929017157613371e-05
5.849433333905027047e-05
6.869735996119016451e-05
2.739674632449057068e-05
2.863421600138832916e-05
4.378250597366694448e-05
2.301122156956160466e-05
3.537045781526911546e-05
2.810241316832123130e-05
5.851011799659972852e-05
5.307934223812826310e-05
3.243206809875940315e-05
4.249538500941660627e-05
5.373988395049400046e-05
5.588988552127941106e-05
6.515627043342517636e-05
2.840843381749800025e-05
2.047369521422577236e-05
5.129724954801377748e-05
5.312044283819092148e-05
5.707247861623521834e-05
5.949171118243090184e-05
5.319675685939831194e-05
2.693262102812615699e-05
5.391857777915476212e-05
4.565155111814314014e-05
4.395594967998535586e-05
6.171260573742450169e-05
5.460986650518035736e-05
2.732607492953338172e-05
6.551089428990039413e-05
3.451528229574999892e-05
3.295413792017428089e-05
5.190359634616381005e-05
5.117516006241808299e-05
4.342389754586866969e-05
6.944550950096936527e-05
3.065425333124571235e-05
6.306541975874907448e-05
6.274122099588244313e-05
3.966551321201579973e-05
6.833984784630214187e-05
5.456493279886994661e-05
6.004428418418911005e-05
3.634042468160764394e-05
3.798710495004205902e-05
6.626249506831361131e-05
6.393197079035392908e-05
4.062797077935337753e-05
3.210812935021558858e-05
4.658188691394144556e-05
3.837113692737191599e-05
6.775490069088007620e-05
4.054604914757098312e-05
5.482689877058843014e-05
3.112401673161575600e-05
3.034494091285403194e-05
5.547028087814024082e-05
2.592730681624008565e-05
5.729423865557988762e-05
4.023846653741790008e-05
5.483417925061310192e-05
5.557932873128051623e-05
5.473590171896421677e-05
3.069717463213906595e-05
2.742652399438797446e-05
5.115890519371616677e-05
2.214254372804537851e-05
4.887162494222180558e-05
4.586241436408709180e-05
6.560390501074662972e-05
5.559303300634868620e-05
5.219454730861050986e-05
4.154267635715803438e-05
2.251802045635696584e-05
5.955554733965077031e-05
5.546525580075533193e-05
6.329960055348741088e-05
6.600650372422887783e-05
6.604393233306047727e-05
4.118321803759031753e-05
2.398381502757317556e-05
2.323218726832395969e-05
4.724168363190282019e-05
3.723938182822474595e-05
6.282715849176616579e-05
5.400763348858578656e-05
4.100861319374112223e-05
6.359670916099428352e-05
5.193127216391732676e-05
2.449509888986062020e-05
3.721683652918373654e-05
6.369148055232315127e-05
2.563647492722396853e-05
3.913374990298874515e-05
2.894702999542837131e-05
4.942191298254657185e-05
4.393075014012825814e-05
3.612428310541592949e-05
5.214018669488828720e-05
3.302046474378951237e-05
4.635278823511500935e-05
2.155952788035076770e-05
4.929942930261162464e-05
4.062866710015825369e-05
3.095901911906614562e-05
2.962228068895006133e-05
3.644382334705975059e-05
5.560232450708477153e-05
4.889284006071575189e-05
6.339433400410780166e-05
6.648358567355288880e-05
6.995828372917930799e-05
2.653255391366282772e-05
4.315881986000383671e-05
6.175376712338172063e-05
3.485093388948621039e-05
4.680634061364265670e-05
2.712038798334414326e-05
5.108635053191969860e-05
4.739331633357582799e-05
2.254377306505100077e-05
2.913224844787299750e-05
3.759957785208331891e-05
6.828878876997155972e-05
5.614865519944583724e-05
4.137870908963337414e-05
4.439431544676593274e-05
6.589075845108738371e-05
5.212689456890349995e-05
4.110251657652734314e-05
3.249699605664868916e-05
3.860901090864441945e-05
2.779202660255412788e-05
3.157652315459645001e-05
5.180911190510851627e-05
2.781009003521617328e-05
3.803541617722845983e-05
4.807182767738019981e-05
5.909375238403467753e-05
4.679445901048677795e-05
3.475974571057716090e-05
4.099500598774605508e-05
6.982842988076844312e-05
2.334001424646356710e-05
2.408804681237890791e-05
4.691200755244818993e-05
2.019112308187084038e-05
6.458223516106345943e-05
3.314059038698601457e-05
6.532236612011802369e-05
6.357093449973497611e-05
4.982866383492203454e-05
4.391065685617991294e-05
6.569882047798506614e-05
5.486178859306326834e-05
5.841007470678365155e-05
4.681241749656230369e-05
3.143078735710279044e-05
2.024130165710697268e-05
4.549918975214474161e-05
4.981784394804079978e-05
4.416306760541665721e-05
4.130872715694770407e-05
4.524519343207236623e-05
6.149062172444346244e-05
5.960830997589840647e-05
3.963042170265212581e-05
4.836286323583147172e-05
2.568509643403955170e-05
4.885429430335943689e-05
2.315425070898024062e-05
3.269564715130123417e-05
3.971894211631248913e-05
4.533281942359152687e-05
6.833378668989538061e-05
5.645928989315670329e-05
6.842394166219936647e-05
6.494645477328749397e-05
3.478859769417927156e-05
4.913531802344900216e-05
6.976758301188373617e-05
3.084089859156293752e-05
2.950788109377087444e-05
4.974700302927473068e-05
3.115841822509525061e-05
5.804184149187264504e-05
2.419379481431548542e-05
3.757218464574386361e-05
4.050685514281542017e-05
2.187487162304144073e-05
5.818795770258336530e-05
5.080971689644450532e-05
6.614370017556628247e-05
3.948590171290219372e-05
6.807393345000316255e-05
6.185323926864232612e-05
3.634045018196725322e-05
5.870062824717955035e-05
2.826118077451491436e-05
4.881467856562194963e-05
3.975373454426207556e-05
3.971760997966282164e-05
2.158593216795821426e-05
6.164783080774742866e-05
4.182186395490545161e-05
3.134006455133359276e-05
5.221469123690050782e-05
5.582453366745001336e-05
4.454117513482197467e-05
3.708440309480009865e-05
2.203824166728981891e-05
6.091985653081783379e-05
3.843882583527759062e-05
6.223992883510077729e-05
2.500638024559096579e-05
5.879361843273975599e-05
3.974394534231405468e-05
3.806315250364746461e-05
2.784771946717283601e-05
5.555891803669860726e-05
4.784394057575666023e-05
2.493446909072325114e-05
3.736165048941839654e-05
6.063212753295659879e-05
2.789931733145074026e-05
3.994138707776547273e-05
3.373300695168099492e-05
5.712943679710486873e-05
3.735147293394064166e-05
5.484984957006821540e-05
2.665749218737251564e-05
4.006693204838062636e-05
4.840366719269351923e-05
6.898422332073018309e-05
5.029446740429155730e-05
2.172406196924723588e-05
6.352533502588141240e-05
3.831122146050038258e-05
6.829448743190612411e-05
2.646223467085235599e-05
6.268822973141197411e-05
5.051353029875127048e-05
3.644868860813507959e-05
4.741737042526804525e-05
3.792890929723071873e-05
2.175487488766318607e-05
4.211189695018117875e-05
2.319901904018601581e-05
4.945038351591889489e-05
2.530575420121802143e-05
2.421186483595439928e-05
5.838427615911742652e-05
5.870262703785120194e-05
5.718392875852207992e-05
4.856819217440838513e-05
2.699026233560539818e-05
4.471361904326820165e-05
3.154202244136573201e-05
5.574956166201438081e-05
6.880002508265684990e-05
2.408414694404625771e-05
5.735243911060354630e-05
3.250463989966201177e-05
6.661243752585245385e-05
4.942489957280712731e-05
6.013416267802865141e-05
2.502163794734577746e-05
2.406426653411584878e-05
4.249190592532760345e-05
6.344143398314929438e-05
2.927833534165233130e-05
5.211946627439829004e-05
2.248811257770841864e-05
4.622302216576598216e-05
3.509886144365893438e-05
3.767758077881522966e-05
3.612270238010877038e-05
4.569643243109199678e-05
6.419282732833203413e-05
3.249717077328951594e-05
6.593358052421889972e-05
2.963060065109639874e-05
4.979764825714515935e-05
5.333360333214923389e-05
4.343560485417877361e-05
5.723762414418693693e-05
6.533381918963181156e-05
4.830955660164451619e-05
4.890234433489174979e-05
5.793034137472315642e-05
4.329788358824817078e-05
5.271621049446321050e-05
2.111138321026882696e-05
6.315722961930659272e-05
5.280006276646249458e-05
2.377670018606798050e-05
5.084845436437922885e-05
3.279504280820535859e-05
6.062185391339179315e-05
4.551805699120149218e-05
3.888344558792036201e-05
2.516501745266675028e-05
4.732130058894696548e-05
4.374009610143852507e-05
5.208506184460463297e-05
3.528366128631008796e-05
3.187463130388320663e-05
4.680148940556644853e-05
2.492236019106246162e-05
4.796300140553552010e-05
3.363664095109000145e-05
6.962044716182318172e-05
5.463268472761275270e-05
2.255135118610285388e-05
5.630139849690124373e-05
6.679920803406894341e-05
4.270117127535836741e-05
3.078597034636185279e-05
2.781921885062320021e-05
5.408610032278517128e-05
2.913032621280810269e-05
3.867231289698565673e-05
5.552740725715617936e-05
5.827729392996143629e-05
2.323630312111915337e-05
3.774649366070149709e-05
2.642686883428356504e-05
2.545008846011788468e-05
3.692385848504350942e-05
5.446184804511771700e-05
3.584752647701013777e-05
2.254559107485101590e-05
5.192979957979929994e-05
5.124857100778738026e-05
3.579969898775630077e-05
4.809227717516155226e-05
3.091476172290795059e-05
3.961162608262127060e-05
3.069555149072411034e-05
5.606650615676962262e-05
4.791711103030525231e-05
3.302111417158628268e-05
4.102938739797495573e-05
3.995810515405595349e-05
2.464978442400462408e-05
2.975363261574301844e-05
5.141614075230357424e-05
6.626659798606901984e-05
4.384590505388476678e-05
2.794111878654932139e-05
5.928052597462343549e-05
6.789322509530783972e-05
5.188936091970212862e-05
4.419166026954977997e-05
6.878075176764820271e-05
3.128398515760277837e-05
3.044332463911859953e-05
3.270571626021839920e-05
5.034691274645110873e-05
2.241022594314472145e-05
5.031398611915426745e-05
3.875007153001194831e-05
2.779942392272753812e-05
2.148657368162199997e-05
2.947376200508066454e-05
4.919741272779490338e-05
2.553924898782387605e-05
3.956991051031991141e-05
6.681972757427083562e-05
6.850198641391687046e-05
4.650950863799350430e-05
5.908437503093093063e-05
3.989316109015473725e-05
2.886204291337310032e-05
5.160758140220101661e-05
3.083984621163314858e-05
6.099760759575980967e-05
6.625647010575495312e-05
6.916671030143630209e-05
2.101068289371653053e-05
3.603316925104799667e-05
4.822464995757370107e-05
6.962343746062315349e-05
5.152937956386852267e-05
2.776704918727988350e-05
4.689774488212402839e-05
3.330001032594394003e-05
5.660242504441532498e-05
3.857911931961747088e-05
2.597105519978794652e-05
2.134639948808599177e-05
2.493812598103337929e-05
4.380324878167976679e-05
2.498297964725336947e-05
4.607985450749888900e-05
2.300094734290496182e-05
4.317009975213079224e-05
3.638370300776950475e-05
6.881278569276463755e-05
6.261345780098365058e-05
5.059822783368694030e-05
4.896562466864560955e-05
5.808572933014632207e-05
4.048329887148264850e-05
5.963900067410505488e-05
4.021489489781688594e-05
5.499280896264057274e-05
6.121840397055799618e-05
6.690285446792149852e-05
6.870939335892247020e-05
5.650817130516355789e-05
2.932557018419897684e-05
2.829266131968004395e-05
2.567187327108818199e-05
2.399131319411483941e-05
6.848036581654203805e-05
4.179998623732953940e-05
5.303383660190127231e-05
5.832824069917331517e-05
5.788228421189820324e-05
3.090815318310305264e-05
3.951789582160210052e-05
3.290207124801138787e-05
2.027808464573300026e-05
4.134043249867172396e-05
4.702752236311596036e-05
3.456951843390600106e-05
5.106957257505408295e-05
5.176743971845239220e-05
4.209125086393237050e-05
3.266346112656716281e-05
6.635547599528818566e-05
4.497810440289193269e-05
4.924536154790554670e-05
3.313244646020689898e-05
2.764865064066211270e-05
6.310623491022404662e-05
3.469553638976960214e-05
3.966955115336887077e-05
2.140693885950757815e-05
6.755621976010410469e-05
5.864454911997140686e-05
5.172231754733419567e-05
2.418298967836304806e-05
5.205903518761064873e-05
2.240369846783015577e-05
2.244783522296493793e-05
4.831489938365365753e-05
6.517160892411579128e-05
6.475855979055358466e-05
5.754261646903559464e-05
4.387519303082522014e-05
4.966843326808614866e-05
5.977762848682880337e-05
2.288218512607594974e-05
6.775267572902053345e-05
4.104250281631639276e-05
5.039578681715015129e-05
4.923579901801533815e-05
3.899824135274558432e-05
4.536742859480220766e-05
4.444724758328783850e-05
3.132622770029004454e-05
5.631201399566411681e-05
5.324533720867853122e-05
4.989796871737855062e-05
6.782908077200181613e-05
3.366356289229749697e-05
4.029610042176803023e-05
6.865915813531467881e-05
5.816322869883185711e-05
4.817784090196889621e-05
4.815269411942905791e-05
2.435758424876802508e-05
5.466722946233279858e-05
3.458224291371888616e-05
6.020597752581025367e-05
3.413663023608371166e-05
6.016744335421551784e-05
6.299728944257817489e-05
4.188208650637986210e-05
3.554403767413872852e-05
5.069250797315327529e-05
2.207404507351206385e-05
3.592916733020984956e-05
5.028474917733937545e-05
6.203213025426817834e-05
5.060817396797685888e-05
2.159231591722319060e-05
6.529966139862213557e-05
4.442743360023297553e-05
5.012242894956413372e-05
2.997714522476510309e-05
5.187846740081168549e-05
3.806785514955853271e-05
3.929880806456612227e-05
4.437589223784751014e-05
5.712933819672594916e-05
2.381312673593128986e-05
4.493367755158213288e-05
3.807845738841796984e-05
5.884044212166344339e-05
5.365243454653495931e-05
2.924308622095263339e-05
3.801406939897942772e-05
3.700529538453613520e-05
2.114630473039969398e-05
6.520084885376235860e-05
5.900962010078650527e-05
3.090417427294372634e-05
5.170927040628826496e-05
4.604846728659626185e-05
6.717135338289167241e-05
5.418020671730906855e-05
5.063296106367663816e-05
2.489293907303301385e-05
6.172705200551743300e-05
4.269173308696370733e-05
6.740698696053121707e-05
3.420774204553543688e-05
2.243931871175264408e-05
6.722083696251923907e-05
3.447654891770145387e-05
5.282747032809056162e-05
2.157815354647067268e-05
4.385892290418321024e-05
5.069169998125579906e-05
4.881938655477018231e-05
4.849914295282705008e-05
4.387932977493873185e-05
3.563049229237972237e-05
6.125321209269918863e-05
2.685317414483065477e-05
2.202682184996554272e-05
2.619796220139718575e-05
3.500708999276146475e-05
4.697621830956638672e-05
3.686573882372544560e-05
4.604723947399950366e-05
2.472064515309965841e-05
5.323473075630097596e-05
2.105255000768631465e-05
4.803552145741962656e-05
6.858391831242384201e-05
2.531118163674604449e-05
4.062140308653169185e-05
5.376602854432891484e-05
3.349310479369953518e-05
6.789973761673316361e-05
6.184695234752175634e-05
4.687062737021869944e-05
2.663748258484719458e-05
4.728154712558351689e-05
3.770356159727631366e-05
3.481083938357631096e-05
6.684992735476314027e-05
3.181486723331946286e-05
6.808926442203987867e-05
5.640094044640598736e-05
6.127513105954368231e-05
5.541783545539030883e-05
6.106003657604549791e-05
4.337068837532359405e-05
3.061453628125011562e-05
4.238665941275189758e-05
3.270960696046789002e-05
3.838304172215141084e-05
2.707786594478138080e-05
4.084395034443341919e-05
5.362892009534043494e-05
3.953644160762742149e-05
3.047367782173223885e-05
6.415036176162450937e-05
5.155464512172138478e-05
6.988584656060746198e-05
4.575292889597858711e-05
5.136561556767050641e-05
3.389289639930294357e-05
5.202198886262580550e-05
5.545158607467851530e-05
4.674674055236478125e-05
6.425220136797220403e-05
3.227624366619553844e-05
3.244875981706458405e-05
2.456545203605011785e-05
5.605706609342096732e-05
6.793282031246790896e-05
6.776954604686620564e-05
3.998726146136990421e-05
2.334758081347792865e-05
2.042567569118688254e-05
4.327784204360500114e-05
6.213643761904971111e-05
2.357065259760329944e-05
5.209952038226978367e-05
6.561885242706486901e-05
4.529671619763894969e-05
5.031711541557476805e-05
2.475833944909621112e-05
6.295294272453846429e-05
2.763505633286315061e-05
3.206172985478662350e-05
3.015770770584618888e-05
6.654731855645044936e-05
2.932588256481874771e-05
2.042683456602304698e-05
6.080929936708006896e-05
3.294019999508060220e-05
2.898289977560234427e-05
5.300526769050765058e-05
2.077445023915660402e-05
2.199264432348303164e-05
2.159453939608189439e-05
3.141986726928053925e-05
5.980707070397933153e-05
5.083128852606575256e-05
4.739785226092135486e-05
5.390398892269257091e-05
5.897464179601030656e-05
3.535718456935008579e-05
3.152253520359063444e-05
2.754539730036424333e-05
3.912811823503242357e-05
6.492242053513073866e-05
2.707288356869165251e-05
6.916818713612015704e-05
5.885406196467658367e-05
6.567505138901059774e-05
6.535021138610836800e-05
3.126698212734147105e-05
2.959067051634328092e-05
2.411315434807855278e-05
2.551901544661879767e-05
6.251058578690514437e-05
4.811265227583796624e-05
6.548661345090232920e-05
3.038245804334378824e-05
5.804849927994319871e-05
6.193192358190148256e-05
3.316157460625115359e-05
3.997644996921776128e-05
4.449399385298509393e-05
4.867530602574572337e-05
4.672782721520292730e-05
5.198387803654377481e-05
3.757532351309948666e-05
6.340606930553957445e-05
4.223897108038669350e-05
2.131403232773920612e-05
5.065739407845181629e-05
5.091479956067766370e-05
6.821941654619231962e-05
4.840293439026493831e-05
6.763677403189009743e-05
4.559441058790689237e-05
4.188795546298516609e-05
2.295510502953040458e-05
2.662275713373857855e-05
2.595792146212326133e-05
2.337120884496933376e-05
6.900745229092800244e-05
2.930751503004616401e-05
6.366083481230107115e-05
3.937511269418514175e-05
2.620864674382389448e-05
3.617694879519371822e-05
4.885099759371894419e-05
5.032378292293503261e-05
3.980770140415815678e-05
6.224218916711016290e-05
5.175067930596804144e-05
3.981739721632461288e-05
4.572854993902608709e-05
4.720228342830551713e-05
6.667850281704117837e-05
4.473786312205257166e-05
4.085292264381712918e-05
2.700831557200794050e-05
6.513937721880915476e-05
5.631259895031487432e-05
5.156548171127989249e-05
3.146729736641908841e-05
6.104867690961298635e-05
2.486559853476868703e-05
4.426669948979593928e-05
5.332917164300710983e-05
4.044515242393433767e-05
5.908790729197237857e-05
2.651841457988300275e-05
6.124595333322311469e-05
2.565086100415473589e-05
5.486958103657403087e-05
3.068786003433841614e-05
6.112809160674139981e-05
2.877896861044885158e-05
4.400061673302796118e-05
2.050329513290495177e-05
5.814583236113043274e-05
3.479873550128415938e-05
5.858462938946758632e-05
4.302186008828086996e-05
3.200907100146393607e-05
4.704074420141071168e-05
6.758504846940096211e-05
5.062306473444279500e-05
6.199109815037700969e-05
2.341189065315442186e-05
3.342916115625842399e-05
6.971122979224156086e-05
4.714662051935722322e-05
2.130514820469007044e-05
2.721993687404243104e-05
4.521664821434882408e-05
5.074610382886154275e-05
2.740706507043285444e-05
6.344407157994627297e-05
4.592644588316063483e-05
6.093168768072454260e-05
5.846159437436582125e-05
6.601419984186233242e-05
4.884954651472588901e-05
6.654997622110559688e-05
5.629751952192559451e-05
5.244228794416746229e-05
5.415126269946111937e-05
3.883308445365549373e-05
2.189236833925693246e-05
6.449137616377367626e-05
3.904398061602682812e-05
3.080751095866441556e-05
3.853751119117738771e-05
2.374329664349104105e-05
2.981274490620490413e-05
5.978646635184592725e-05
2.478576620680879571e-05
4.083778619519564486e-05
2.853362655618737814e-05
4.796171166035457877e-05
2.946484071002978508e-05
6.049652573831002173e-05
4.721902856566113113e-05
4.859157808396895502e-05
6.045953319537234686e-05
6.035088534623805705e-05
3.546526690214778303e-05
3.661829176248234557e-05
3.756574001935147862e-05
4.766724323838358678e-05
4.539056152536096952e-05
5.662415595164987405e-05
5.030028881352488360e-05
4.044243733773701216e-05
2.888255714330227673e-05
2.287499114138789736e-05
6.022691489915996056e-05
4.018529934224667122e-05
4.244199968338915847e-05
4.856177388677518353e-05
5.700437018569300406e-05
5.219349206557384070e-05
5.202298137260529524e-05
6.042804270784463735e-05
3.872506129946645166e-05
3.783851999905816886e-05
6.163653562362125240e-05
3.067279115511747315e-05
2.571561820726936282e-05
5.958140995282840905e-05
2.831567736903075510e-05
3.157376466037353741e-05
4.158391852885499798e-05
3.954125432526473904e-05
6.663940789403641500e-05
4.574810587353405722e-05
3.733408812637642742e-05
6.337568804800486474e-05
5.549379456561526035e-05
2.781436103543027266e-05
2.601661574840150550e-05
3.654813319916087844e-05
5.135561825723894175e-05
2.671730627844457381e-05
5.996142878775236539e-05
2.512415305003435872e-05
2.876269950849372474e-05
3.800132317863561085e-05
4.221362448040668003e-05
3.440472780954648770e-05
2.606367410759228461e-05
4.953297508546138908e-05
3.915385229840454381e-05
4.291358878272831577e-05
2.484470369060262578e-05
4.682967846032360905e-05
2.825772193873967602e-05
5.308504678857801429e-05
3.328079463397917541e-05
4.671694694747880914e-05
2.932920523212615099e-05
4.231329717736082382e-05
4.444487403467138365e-05
3.790121006676284852e-05
3.087839874011512271e-05
2.757842087886607660e-05
6.978391869949341156e-05
5.545731795241205358e-05
2.438127131716022206e-05
6.157049068270062939e-05
3.887115220979819934e-05
2.912808754843055785e-05
2.510031265006751444e-05
2.424357191338320653e-05
5.841050365232936724e-05
4.114240799721538550e-05
4.013789419277007320e-05
6.271451627402125143e-05
3.660064231453653507e-05
2.361270132485116671e-05
6.690492852979086538e-05
6.404289470103287319e-05
6.553181457518999456e-05
6.693298123645369149e-05
2.577552436788739824e-05
5.566629939538311105e-05
3.092840676789359168e-05
6.473822581886702621e-05
4.982059483125241743e-05
5.122031599807946997e-05
4.812634167459118716e-05
5.863970764988087829e-05
5.547225604714636928e-05
6.501133265541638785e-05
3.020892163628371863e-05
2.564674039360167112e-05
6.623570091023584894e-05
5.774922324406728762e-05
2.142343264301993882e-05
5.139286256001363408e-05
6.375733495801558140e-05
3.781618575612407692e-05
2.147458009721915653e-05
2.130215179109858117e-05
4.277826566133290754e-05
4.860680479295964579e-05
3.379885393646304905e-05
6.526509803202971147e-05
5.603844880626056231e-05
4.498222004377892407e-05
3.221395957635540499e-05
6.303392236205612200e-05
4.927009652928428192e-05
4.651141007131637668e-05
6.925491145483251838e-05
4.449777776016051279e-05
4.713347645246739531e-05
4.098446539562600763e-05
5.841045564598768784e-05
2.380182064319734273e-05
3.605207444519375657e-05
2.215360953992608732e-05
4.316891826136414731e-05
6.375625574804630704e-05
5.259576814693157437e-05
5.494420272450476644e-05
3.771885632546043832e-05
5.009009995733025794e-05
5.540347617372921548e-05
2.268069739761799708e-05
6.384131791942613729e-05
2.442189644140110315e-05
4.067304018715340468e-05
6.151229170469666948e-05
6.695387301459536930e-05
2.122809942475467471e-05
2.702935833074637342e-05
3.994252728114117178e-05
5.505662818080879874e-05
5.601250878823190788e-05
2.478580614190109744e-05
5.906421330615157996e-05
3.497484728094004362e-05
2.143592593039031095e-05
3.355510071567764597e-05
6.222002837854189101e-05
3.487481692998459546e-05
5.621143331074781164e-05
3.794861890335557680e-05
6.961980748466905361e-05
2.269045969224672943e-05
3.347271344748350578e-05
6.007388012877641750e-05
2.917463777957774856e-05
3.765198915630976051e-05
4.345542742627819870e-05
6.520134870227080846e-05
6.962646300463222026e-05
2.254292535923123911e-05
6.246681512401550736e-05
6.621918300702919237e-05
4.599063965220506924e-05
4.974789345720548051e-05
4.691264154681523886e-05
3.229890311851257238e-05
2.039716798482184816e-05
2.193323174358651438e-05
2.426264464701756267e-05
3.963791142964745277e-05
2.200123400124217893e-05
2.803869627041106252e-05
3.721713048102281627e-05
6.455427218704977378e-05
4.927266475652848133e-05
4.027741781058142797e-05
2.248967288183787249e-05
4.093816342357145549e-05
5.360388922124056070e-05
2.619724511125882821e-05
5.990946612511212626e-05
4.820977293568990432e-05
4.943974346088116838e-05
2.533175816030994220e-05
4.961660517153432498e-05
4.051491108420859097e-05
5.513507725192511223e-05
5.486346715700195171e-05
3.125781388738151046e-05
2.590966048327876891e-05
5.951873026728993904e-05
6.537991528397927622e-05
5.194852048044117424e-05
5.450311828294106210e-05
4.676327485279373577e-05
2.778713486711921550e-05
4.835735970529171429e-05
2.058058134253742231e-05
4.479863048372049610e-05
5.543663860206850599e-05
2.505777293465303985e-05
3.781387224420465785e-05
5.467660947721702982e-05
6.490414443693371391e-05
2.539886953907902878e-05
6.763623442958890128e-05
4.220316664330110967e-05
3.984337470427855537e-05
5.672821851994076564e-05
6.168380782570861466e-05
5.219860630286221565e-05
3.048406131246000699e-05
3.416717701194733621e-05
2.018811832577169040e-05
3.217632666551881128e-05
6.420462125468667563e-05
6.305573975084038929e-05
2.991279530111733855e-05
3.194008436595521696e-05
4.523592711896694182e-05
2.368293985240675455e-05
4.263194861247678361e-05
5.045723283630741918e-05
4.125131931507346905e-05
6.930878626506978366e-05
3.252042387867762802e-05
4.627536681021405927e-05
2.321488155825059097e-05
3.522578925262506320e-05
2.675695277323962679e-05
6.618279442174432781e-05
4.535885421645336537e-05
6.084966811637755000e-05
5.936069838275173595e-05
5.901619107772611620e-05
2.427386225343759499e-05
5.284284752875424262e-05
2.425682774970114525e-05
2.329751807129621096e-05
4.950404075475648861e-05
4.231879720593327652e-05
5.450042971557490107e-05
5.726214388345877190e-05
2.074263582620596493e-05
4.076688093165028125e-05
3.930796978818593525e-05
6.247899650897575376e-05
4.915969682306292317e-05
5.743285453299974209e-05
4.594280028448315410e-05
5.339114181004655222e-05
5.819460326188226698e-05
4.610182389853962069e-05
6.408325825199500075e-05
5.478846491884076220e-05
3.522153879905752841e-05
3.683629243675257955e-05
6.593451506672048511e-05
5.308484113623250598e-05
6.272002769542818132e-05
3.697579928320091552e-05
2.990468760421119632e-05
2.773851970165364754e-05
2.217223318469324837e-05
3.439915078158062176e-05
6.189517308398964851e-05
2.985466357748387447e-05
2.537766263330253858e-05
5.492373440990635196e-05
4.103855491423788763e-05
5.616004233418253708e-05
6.702297139507018585e-05
5.368478065071976332e-05
5.608402983521726425e-05
5.718247475742744494e-05
6.765076118589501359e-05
4.747791315364095879e-05
2.436183744022005378e-05
3.692510030889835018e-05
5.568685671729990048e-05
3.422108158874379377e-05
2.860520220431733083e-05
3.425201221426435271e-05
4.057460352809225666e-05
2.277442250608798313e-05
5.428317385171775952e-05
4.662060740495572320e-05
2.434130150039770667e-05
2.666317489070001441e-05
5.399897743472067269e-05
3.534184482773022651e-05
5.739936810218889112e-05
4.452904439688163822e-05
6.896326277937118998e-05
3.522546441467708001e-05
4.018585068229271734e-05
6.472393751230274498e-05
3.648229155998913126e-05
6.867392232550526140e-05
2.959533522986719148e-05
3.397274815513261263e-05
4.654289941994608929e-05
4.981687736669821956e-05
6.430136713746332740e-05
2.705129090995138025e-05
4.467227366396943756e-05
6.497396034433758425e-05
4.293332247055778116e-05
2.007446592038439781e-05
4.779385440745213202e-05
3.103746648982927620e-05
4.534741492966098129e-05
4.071834993007001312e-05
5.507185327909203858e-05
5.102523010789660455e-05
4.545492984805763701e-05
6.762878356621043459e-05
6.565759162203677307e-05
4.502176094201966960e-05
4.902470100307253524e-05
3.386581833944604073e-05
5.619846857054578738e-05
4.477687747492628312e-05
5.590261204846020695e-05
4.265369655578241353e-05
2.091403335591966346e-05
3.103943368409614785e-05
2.808482245052798776e-05
2.479654628872863709e-05
4.670312031194150403e-05
5.355215628024663580e-05
2.698995988126494554e-05
4.439623569337950636e-05
4.480585254828010292e-05
2.665356725661970189e-05
6.641275992701874619e-05
6.331523516156728829e-05
6.771439021738662439e-05
5.756326771211343435e-05
3.372436196179201198e-05
4.153448556662792725e-05
5.964469904787586644e-05
3.087296906555649025e-05
3.226077052724921643e-05
5.710944669206973145e-05
4.986982004151340614e-05
3.254982311915532398e-05
4.670324264989159064e-05
5.895405437356733992e-05
4.944802506749664705e-05
3.493202341992683596e-05
6.567588747614290534e-05
6.859397918555440194e-05
2.595052171841389014e-05
6.516421900017841285e-05
3.594254834026344990e-05
4.750587875390284204e-05
2.659367588587836014e-05
6.117444497189649516e-05
3.963284558647533394e-05
4.031940464122879964e-05
4.856686038226933153e-05
3.606989687611954443e-05
6.996745047552396497e-05
6.371181008300985508e-05
6.271137575179722026e-05
6.805885446909245087e-05
4.031861127278030021e-05
3.293434363869569869e-05
2.923850119906163043e-05
3.787867778253207693e-05
5.847167321573739165e-05
2.676492088605235333e-05
5.158711116016424997e-05
6.860886468597331307e-05
4.583143677496287260e-05
5.540920706058825705e-05
6.713357703438188812e-05
4.911212250789592440e-05
2.113417794374226869e-05
2.224679760152372074e-05
6.764718816097129892e-05
4.990043627235996049e-05
6.961591138188391874e-05
5.029035513869985522e-05
4.196817157115469897e-05
6.193747383922055974e-05
3.378616470795803170e-05
4.491695109971475451e-05
4.130401126111636422e-05
4.701255734073305718e-05
3.206723665302963438e-05
4.266043498515294707e-05
3.281429424311975922e-05
2.123831797525955556e-05
4.973309163526713658e-05
3.372063346978502557e-05
5.639348360770356596e-05
3.295145555117742520e-05
6.963311441130490883e-05
2.389500434494309369e-05
2.325442441446095058e-05
5.803138333008224948e-05
5.432872566199472609e-05
6.948878836532686024e-05
6.415730995798991411e-05
6.468660582520702781e-05
2.949428302585690382e-05
3.236994812305479292e-05
5.729526380767345283e-05
5.529850789480558347e-05
5.766674003676553698e-05
3.184717320287093175e-05
4.394416116673001801e-05
3.413537843163565541e-05
6.616235958457780631e-05
4.444662476743065565e-05
6.514481536549262403e-05
5.895851339319998228e-05
3.746545268587251259e-05
4.350213400721871068e-05
6.622607683280318041e-05
5.902654758470638608e-05
2.092331154037449783e-05
5.084067616892554620e-05
2.650415262672095650e-05
2.688359625480132425e-05
2.731802309683297722e-05
4.552099621626618930e-05
5.526800904611769614e-05
5.102632967102418559e-05
5.524166138274971637e-05
2.340919940072508709e-05
3.475875634738026965e-05
5.625430043459533365e-05
3.756035614272959852e-05
3.645987116317577479e-05
6.994847167444928312e-05
2.325086793332922059e-05
3.991284465988033533e-05
5.156095541101031682e-05
6.541102857161066816e-05
6.892013276500543492e-05
2.995409516269787647e-05
6.632306101812582267e-05
2.799394989032738003e-05
2.005564081023559068e-05
