1 0 0 0 0.001
1 0 100 0 0.001
1 0 200 0 0.001
1 0 300 0 0.001
1 0 400 0 0.001
1 0 500 0 0.001
1 0 600 0 0.001
1 0 700 0 0.001
1 0 800 0 0.001
1 0 900 0 0.001
1 0 1000 0 0.001
1 100 0 0 0.001
1 100 100 0 0.001
1 100 200 0 0.001
1 100 300 0 0.001
1 100 400 0 0.001
1 100 500 0 0.001
1 100 600 0 0.001
1 100 700 0 0.001
1 100 800 0 0.001
1 100 900 0 0.001
1 100 1000 0 0.001
1 200 0 0 0.001
1 200 100 0 0.001
1 200 200 0 0.001
1 200 300 0 0.001
1 200 400 0 0.001
1 200 500 0 0.001
1 200 600 0 0.001
1 200 700 0 0.001
1 200 800 0 0.001
1 200 900 0 0.001
1 200 1000 0 0.001
1 300 0 0 0.001
1 300 100 0 0.001
1 300 200 0 0.001
1 300 300 0 0.001
1 300 400 0 0.001
1 300 500 0 0.001
1 300 600 0 0.001
1 300 700 0 0.001
1 300 800 0 0.001
1 300 900 0 0.001
1 300 1000 0 0.001
1 400 0 0 0.001
1 400 100 0 0.001
1 400 200 0 0.001
1 400 300 0 0.001
1 400 400 0 0.001
1 400 500 0 0.001
1 400 600 0 0.001
1 400 700 0 0.001
1 400 800 0 0.001
1 400 900 0 0.001
1 400 1000 0 0.001
1 500 0 0 0.001
1 500 100 0 0.001
1 500 200 0 0.001
1 500 300 0 0.001
1 500 400 0 0.001
1 500 500 0 0.001
1 500 600 0 0.001
1 500 700 0 0.001
1 500 800 0 0.001
1 500 900 0 0.001
1 500 1000 0 0.001
1 600 0 0 0.001
1 600 100 0 0.001
1 600 200 0 0.001
1 600 300 0 0.001
1 600 400 0 0.001
1 600 500 0 0.001
1 600 600 0 0.001
1 600 700 0 0.001
1 600 800 0 0.001
1 600 900 0 0.001
1 600 1000 0 0.001
1 700 0 0 0.001
1 700 100 0 0.001
1 700 200 0 0.001
1 700 300 0 0.001
1 700 400 0 0.001
1 700 500 0 0.001
1 700 600 0 0.001
1 700 700 0 0.001
1 700 800 0 0.001
1 700 900 0 0.001
1 700 1000 0 0.001
1 800 0 0 0.001
1 800 100 0 0.001
1 800 200 0 0.001
1 800 300 0 0.001
1 800 400 0 0.001
1 800 500 0 0.001
1 800 600 0 0.001
1 800 700 0 0.001
1 800 800 0 0.001
1 800 900 0 0.001
1 800 1000 0 0.001
1 900 0 0 0.001
1 900 100 0 0.001
1 900 200 0 0.001
1 900 300 0 0.001
1 900 400 0 0.001
1 900 500 0 0.001
1 900 600 0 0.001
1 900 700 0 0.001
1 900 800 0 0.001
1 900 900 0 0.001
1 900 1000 0 0.001
1 1000 0 0 0.001
1 1000 100 0 0.001
1 1000 200 0 0.001
1 1000 300 0 0.001
1 1000 400 0 0.001
1 1000 500 0 0.001
1 1000 600 0 0.001
1 1000 700 0 0.001
1 1000 800 0 0.001
1 1000 900 0 0.001
1 1000 1000 0 0.001
-214.286 0 0 100 0.001
2243.68 0 100 100 0.001
-17878.8 0 200 100 0.001
14556.9 0 300 100 0.001
-31250.6 0 400 100 0.001
-723.309 0 500 100 0.001
-9.18589 0 600 100 0.001
370.521 0 700 100 0.001
-24.4027 0 800 100 0.001
-1.24739 0 900 100 0.001
-0.145796 0 1000 100 0.001
2059.6 100 0 100 0.001
-2035.22 100 100 100 0.001
49799.8 100 200 100 0.001
-13891.3 100 300 100 0.001
48959.8 100 400 100 0.001
4513.81 100 500 100 0.001
243.768 100 600 100 0.001
-2811.58 100 700 100 0.001
220.464 100 800 100 0.001
5.3225 100 900 100 0.001
-7.52644 100 1000 100 0.001
-4670.08 200 0 100 0.001
9442.32 200 100 100 0.001
-722638 200 200 100 0.001
-20916.3 200 300 100 0.001
-87168.1 200 400 100 0.001
-15018.1 200 500 100 0.001
-5.25825 200 600 100 0.001
2757.38 200 700 100 0.001
-3896.42 200 800 100 0.001
-834.522 200 900 100 0.001
-203.567 200 1000 100 0.001
10268.3 300 0 100 0.001
8402.74 300 100 100 0.001
-35483.5 300 200 100 0.001
267057 300 300 100 0.001
546476 300 400 100 0.001
-28819.1 300 500 100 0.001
10379.4 300 600 100 0.001
-1940.58 300 700 100 0.001
18213.6 300 800 100 0.001
-7117.76 300 900 100 0.001
479.602 300 1000 100 0.001
-20811.2 400 0 100 0.001
41840.9 400 100 100 0.001
-416365 400 200 100 0.001
-992688 400 300 100 0.001
-42176.1 400 400 100 0.001
35036.6 400 500 100 0.001
-1567.91 400 600 100 0.001
-27834.4 400 700 100 0.001
-15988.2 400 800 100 0.001
11254.7 400 900 100 0.001
-5463.86 400 1000 100 0.001
-1350.93 500 0 100 0.001
7817.65 500 100 100 0.001
-8636.91 500 200 100 0.001
10467.2 500 300 100 0.001
-130598 500 400 100 0.001
-85466.3 500 500 100 0.001
38617.4 500 600 100 0.001
-6129.96 500 700 100 0.001
8293.42 500 800 100 0.001
-57913.3 500 900 100 0.001
13114.9 500 1000 100 0.001
476.582 600 0 100 0.001
-412.392 600 100 100 0.001
-1329.1 600 200 100 0.001
34615.1 600 300 100 0.001
26804.4 600 400 100 0.001
-5319.91 600 500 100 0.001
-17082.9 600 600 100 0.001
-9100.35 600 700 100 0.001
-7412.89 600 800 100 0.001
86149.6 600 900 100 0.001
-12001.5 600 1000 100 0.001
-310.001 700 0 100 0.001
2536.19 700 100 100 0.001
5131.91 700 200 100 0.001
-110174 700 300 100 0.001
-1829.44 700 400 100 0.001
69926.5 700 500 100 0.001
16176.1 700 600 100 0.001
2336.74 700 700 100 0.001
-3845.85 700 800 100 0.001
-198213 700 900 100 0.001
10417.6 700 1000 100 0.001
30.8906 800 0 100 0.001
330.94 800 100 100 0.001
-3169.64 800 200 100 0.001
11973.2 800 300 100 0.001
3579.27 800 400 100 0.001
24578.3 800 500 100 0.001
-7521.8 800 600 100 0.001
-121877 800 700 100 0.001
-32306.3 800 800 100 0.001
267894 800 900 100 0.001
-23762.8 800 1000 100 0.001
-210.944 900 0 100 0.001
70.1312 900 100 100 0.001
384.61 900 200 100 0.001
464.409 900 300 100 0.001
-717.495 900 400 100 0.001
-21139.6 900 500 100 0.001
-224258 900 600 100 0.001
309503 900 700 100 0.001
-157582 900 800 100 0.001
-70763.1 900 900 100 0.001
267613 900 1000 100 0.001
245.813 1000 0 100 0.001
-487.318 1000 100 100 0.001
446.246 1000 200 100 0.001
-1251.82 1000 300 100 0.001
7494.47 1000 400 100 0.001
-29722.8 1000 500 100 0.001
23237.2 1000 600 100 0.001
-12827.3 1000 700 100 0.001
34222.4 1000 800 100 0.001
-1828.53 1000 900 100 0.001
-11394.7 1000 1000 100 0.001
22.4517 0 0 200 0.001
14.3767 0 100 200 0.001
-129.233 0 200 200 0.001
870.227 0 300 200 0.001
-2539.68 0 400 200 0.001
269.877 0 500 200 0.001
-30.5728 0 600 200 0.001
21.5328 0 700 200 0.001
-39.5362 0 800 200 0.001
0.099416 0 900 200 0.001
-0.501311 0 1000 200 0.001
-113.897 100 0 200 0.001
77.876 100 100 200 0.001
-10.658 100 200 200 0.001
-665.493 100 300 200 0.001
4638.51 100 400 200 0.001
-1120.45 100 500 200 0.001
0.287484 100 600 200 0.001
-252.083 100 700 200 0.001
244.852 100 800 200 0.001
56.2398 100 900 200 0.001
3.1686 100 1000 200 0.001
540.398 200 0 200 0.001
-882.526 200 100 200 0.001
1052.63 200 200 200 0.001
45.0145 200 300 200 0.001
-1122.84 200 400 200 0.001
-1571.42 200 500 200 0.001
1133.9 200 600 200 0.001
348.709 200 700 200 0.001
-4907.56 200 800 200 0.001
63.2097 200 900 200 0.001
-32.8473 200 1000 200 0.001
-1034.59 300 0 200 0.001
1779.39 300 100 200 0.001
-124.466 300 200 200 0.001
-7463.95 300 300 200 0.001
-12235.3 300 400 200 0.001
7709.23 300 500 200 0.001
-2621.17 300 600 200 0.001
404.875 300 700 200 0.001
-34.3183 300 800 200 0.001
32.6566 300 900 200 0.001
103.215 300 1000 200 0.001
-486.304 400 0 200 0.001
838.956 400 100 200 0.001
1609.32 400 200 200 0.001
-83810.3 400 300 200 0.001
3724.8 400 400 200 0.001
-8047.74 400 500 200 0.001
2323.54 400 600 200 0.001
-63.2104 400 700 200 0.001
140.132 400 800 200 0.001
-261.517 400 900 200 0.001
-159.306 400 1000 200 0.001
70.1868 500 0 200 0.001
-318.563 500 100 200 0.001
-2328.35 500 200 200 0.001
27997.8 500 300 200 0.001
84246.8 500 400 200 0.001
1131.8 500 500 200 0.001
-6941.74 500 600 200 0.001
191.11 500 700 200 0.001
-69.3453 500 800 200 0.001
881.388 500 900 200 0.001
-848.522 500 1000 200 0.001
62.9206 600 0 200 0.001
625.731 600 100 200 0.001
680.086 600 200 200 0.001
-12853.6 600 300 200 0.001
-12682.3 600 400 200 0.001
-362.299 600 500 200 0.001
7263.5 600 600 200 0.001
-2266.37 600 700 200 0.001
-59.1674 600 800 200 0.001
-8125.92 600 900 200 0.001
1483.6 600 1000 200 0.001
-189.055 700 0 200 0.001
1215.94 700 100 200 0.001
4450.45 700 200 200 0.001
5128.76 700 300 200 0.001
2303.86 700 400 200 0.001
43260 700 500 200 0.001
-45437.4 700 600 200 0.001
-18471.9 700 700 200 0.001
4413.8 700 800 200 0.001
6545.42 700 900 200 0.001
-1533.97 700 1000 200 0.001
-71.5747 800 0 200 0.001
727.596 800 100 200 0.001
-1450.44 800 200 200 0.001
3063.37 800 300 200 0.001
-51363.9 800 400 200 0.001
29929.2 800 500 200 0.001
335967 800 600 200 0.001
-33170.5 800 700 200 0.001
4754.48 800 800 200 0.001
-37903.2 800 900 200 0.001
1292.26 800 1000 200 0.001
23.5191 900 0 200 0.001
-128.94 900 100 200 0.001
146.18 900 200 200 0.001
-2160.68 900 300 200 0.001
10363.8 900 400 200 0.001
-46863.1 900 500 200 0.001
-10653.5 900 600 200 0.001
8995.81 900 700 200 0.001
802.526 900 800 200 0.001
4855.68 900 900 200 0.001
-14208.2 900 1000 200 0.001
-50.7439 1000 0 200 0.001
86.0386 1000 100 200 0.001
-99.8299 1000 200 200 0.001
-0.503435 1000 300 200 0.001
-401.434 1000 400 200 0.001
9084.33 1000 500 200 0.001
-3027.33 1000 600 200 0.001
3907.14 1000 700 200 0.001
-11417.8 1000 800 200 0.001
1019.91 1000 900 200 0.001
5036.3 1000 1000 200 0.001
5.07342 0 0 300 0.001
-25.0585 0 100 300 0.001
8.47288 0 200 300 0.001
-63.1221 0 300 300 0.001
249.909 0 400 300 0.001
-57.2004 0 500 300 0.001
-12.2002 0 600 300 0.001
-12.8268 0 700 300 0.001
14.3311 0 800 300 0.001
2.63428 0 900 300 0.001
-1.53216 0 1000 300 0.001
-5.44691 100 0 300 0.001
121.653 100 100 300 0.001
-0.606981 100 200 300 0.001
42.2645 100 300 300 0.001
-298.822 100 400 300 0.001
-31.3127 100 500 300 0.001
133.584 100 600 300 0.001
17.5523 100 700 300 0.001
-43.2337 100 800 300 0.001
4.16161 100 900 300 0.001
-2.94464 100 1000 300 0.001
-24.5946 200 0 300 0.001
26.4954 200 100 300 0.001
-479.295 200 200 300 0.001
77.7186 200 300 300 0.001
732.557 200 400 300 0.001
559.869 200 500 300 0.001
-1460.61 200 600 300 0.001
106.093 200 700 300 0.001
452.211 200 800 300 0.001
-64.6123 200 900 300 0.001
28.2386 200 1000 300 0.001
137.063 300 0 300 0.001
-379.852 300 100 300 0.001
427.268 300 200 300 0.001
-5955.65 300 300 300 0.001
2037.74 300 400 300 0.001
-2187.27 300 500 300 0.001
18460.9 300 600 300 0.001
-1298.61 300 700 300 0.001
33.9204 300 800 300 0.001
4.78053 300 900 300 0.001
-29.6841 300 1000 300 0.001
-3.70669 400 0 300 0.001
25.9047 400 100 300 0.001
-514.455 400 200 300 0.001
75347.1 400 300 300 0.001
-2475.86 400 400 300 0.001
5766.42 400 500 300 0.001
-1707.63 400 600 300 0.001
719.937 400 700 300 0.001
-263.314 400 800 300 0.001
15.035 400 900 300 0.001
37.7324 400 1000 300 0.001
11.0874 500 0 300 0.001
-73.7054 500 100 300 0.001
1210.45 500 200 300 0.001
-8635.44 500 300 300 0.001
-17790.4 500 400 300 0.001
700.695 500 500 300 0.001
4160.3 500 600 300 0.001
-659.988 500 700 300 0.001
62.8385 500 800 300 0.001
-140.733 500 900 300 0.001
50.3511 500 1000 300 0.001
-16.7258 600 0 300 0.001
67.7599 600 100 300 0.001
-1203.8 600 200 300 0.001
1234.98 600 300 300 0.001
5351.27 600 400 300 0.001
1791.57 600 500 300 0.001
-29992.8 600 600 300 0.001
-734.54 600 700 300 0.001
-295.52 600 800 300 0.001
692.963 600 900 300 0.001
-418.76 600 1000 300 0.001
-2.05046 700 0 300 0.001
-74.1963 700 100 300 0.001
-395.744 700 200 300 0.001
1578.92 700 300 300 0.001
506.025 700 400 300 0.001
-10512.4 700 500 300 0.001
5120.14 700 600 300 0.001
1635.57 700 700 300 0.001
317.107 700 800 300 0.001
-4009.63 700 900 300 0.001
721.806 700 1000 300 0.001
-4.90464 800 0 300 0.001
-8.77104 800 100 300 0.001
464.441 800 200 300 0.001
-23205.9 800 300 300 0.001
-2816.53 800 400 300 0.001
66346.6 800 500 300 0.001
-36533.3 800 600 300 0.001
3686.68 800 700 300 0.001
-2009.64 800 800 300 0.001
6272.8 800 900 300 0.001
-3097.75 800 1000 300 0.001
-9.63146 900 0 300 0.001
34.3212 900 100 300 0.001
-111.383 900 200 300 0.001
-253.744 900 300 300 0.001
-97.749 900 400 300 0.001
3965.01 900 500 300 0.001
4138.08 900 600 300 0.001
-4245.81 900 700 300 0.001
412.993 900 800 300 0.001
-3138.98 900 900 300 0.001
1894.46 900 1000 300 0.001
14.4662 1000 0 300 0.001
-12.535 1000 100 300 0.001
20.2083 1000 200 300 0.001
5.13823 1000 300 300 0.001
62.4716 1000 400 300 0.001
-1665.83 1000 500 300 0.001
69.6991 1000 600 300 0.001
-406.555 1000 700 300 0.001
4621.02 1000 800 300 0.001
-329.278 1000 900 300 0.001
-973.98 1000 1000 300 0.001
-13.7271 0 0 400 0.001
29.8589 0 100 400 0.001
-5.02049 0 200 400 0.001
28.792 0 300 400 0.001
-17.3034 0 400 400 0.001
39.1536 0 500 400 0.001
-25.0091 0 600 400 0.001
-4.32725 0 700 400 0.001
1.13361 0 800 400 0.001
-3.47844 0 900 400 0.001
1.13234 0 1000 400 0.001
9.69077 100 0 400 0.001
-46.6921 100 100 400 0.001
35.672 100 200 400 0.001
-1.45971 100 300 400 0.001
1.52786 100 400 400 0.001
16.3216 100 500 400 0.001
289.571 100 600 400 0.001
17.3738 100 700 400 0.001
-1.88907 100 800 400 0.001
-1.55111 100 900 400 0.001
-2.39701 100 1000 400 0.001
9.94941 200 0 400 0.001
-0.648103 200 100 400 0.001
4.33178 200 200 400 0.001
21.8158 200 300 400 0.001
-389.49 200 400 400 0.001
-39.6716 200 500 400 0.001
117.845 200 600 400 0.001
-12.6004 200 700 400 0.001
-34.7132 200 800 400 0.001
73.6824 200 900 400 0.001
-3.3856 200 1000 400 0.001
-22.0973 300 0 400 0.001
122.366 300 100 400 0.001
34.3002 300 200 400 0.001
75.3695 300 300 400 0.001
3913.09 300 400 400 0.001
8.04331 300 500 400 0.001
-785.058 300 600 400 0.001
259.757 300 700 400 0.001
-107.926 300 800 400 0.001
24.7475 300 900 400 0.001
3.08958 300 1000 400 0.001
101.375 400 0 400 0.001
-204.399 400 100 400 0.001
275.562 400 200 400 0.001
-4407.72 400 300 400 0.001
-44.783 400 400 400 0.001
-710.186 400 500 400 0.001
341.065 400 600 400 0.001
-414.863 400 700 400 0.001
-66.4716 400 800 400 0.001
-8.56128 400 900 400 0.001
-4.36409 400 1000 400 0.001
11.1208 500 0 400 0.001
-286.64 500 100 400 0.001
366.812 500 200 400 0.001
3174.49 500 300 400 0.001
3305.79 500 400 400 0.001
-1082.09 500 500 400 0.001
-1123.68 500 600 400 0.001
800.555 500 700 400 0.001
-150.299 500 800 400 0.001
42.7474 500 900 400 0.001
-14.5491 500 1000 400 0.001
40.9615 600 0 400 0.001
-136.603 600 100 400 0.001
460.63 600 200 400 0.001
-878.721 600 300 400 0.001
-1094.01 600 400 400 0.001
102.441 600 500 400 0.001
1759.49 600 600 400 0.001
-433.522 600 700 400 0.001
159.719 600 800 400 0.001
-125.613 600 900 400 0.001
49.7866 600 1000 400 0.001
-24.2714 700 0 400 0.001
76.4861 700 100 400 0.001
-631.132 700 200 400 0.001
1784.3 700 300 400 0.001
220.365 700 400 400 0.001
855.835 700 500 400 0.001
-2435.07 700 600 400 0.001
-114.465 700 700 400 0.001
229.556 700 800 400 0.001
-2215.48 700 900 400 0.001
-46.1621 700 1000 400 0.001
68.4321 800 0 400 0.001
-399.754 800 100 400 0.001
1722.48 800 200 400 0.001
-4679.41 800 300 400 0.001
370.52 800 400 400 0.001
-500.052 800 500 400 0.001
2854.03 800 600 400 0.001
-1732.72 800 700 400 0.001
-1253 800 800 400 0.001
9791.78 800 900 400 0.001
-156.382 800 1000 400 0.001
2.75766 900 0 400 0.001
-33.6267 900 100 400 0.001
188.749 900 200 400 0.001
1291.29 900 300 400 0.001
13.4626 900 400 400 0.001
-692.297 900 500 400 0.001
-325.219 900 600 400 0.001
-553.518 900 700 400 0.001
898.954 900 800 400 0.001
-358.992 900 900 400 0.001
-300.848 900 1000 400 0.001
-2.99181 1000 0 400 0.001
12.6902 1000 100 400 0.001
-57.1982 1000 200 400 0.001
10.9558 1000 300 400 0.001
-61.1307 1000 400 400 0.001
284.27 1000 500 400 0.001
-57.5882 1000 600 400 0.001
325.424 1000 700 400 0.001
-536.471 1000 800 400 0.001
293.342 1000 900 400 0.001
126.807 1000 1000 400 0.001
27.3006 0 0 500 0.001
-62.5594 0 100 500 0.001
69.7974 0 200 500 0.001
-14.2597 0 300 500 0.001
7.69673 0 400 500 0.001
-4.30379 0 500 500 0.001
-1.29323 0 600 500 0.001
1.20418 0 700 500 0.001
-0.851963 0 800 500 0.001
1.81525 0 900 500 0.001
-1.01285 0 1000 500 0.001
-13.1945 100 0 500 0.001
53.9052 100 100 500 0.001
-7.23681 100 200 500 0.001
31.5758 100 300 500 0.001
11.5323 100 400 500 0.001
-6.73063 100 500 500 0.001
12.6462 100 600 500 0.001
-6.75153 100 700 500 0.001
1.6772 100 800 500 0.001
-1.87173 100 900 500 0.001
0.680185 100 1000 500 0.001
10.1823 200 0 500 0.001
-42.0912 200 100 500 0.001
178.143 200 200 500 0.001
27.8411 200 300 500 0.001
-202.209 200 400 500 0.001
19.7282 200 500 500 0.001
-19.9528 200 600 500 0.001
5.63236 200 700 500 0.001
0.61137 200 800 500 0.001
-0.322265 200 900 500 0.001
-0.809577 200 1000 500 0.001
0.286823 300 0 500 0.001
-281.937 300 100 500 0.001
-261.712 300 200 500 0.001
351.064 300 300 500 0.001
1347.12 300 400 500 0.001
-145.911 300 500 500 0.001
252.027 300 600 500 0.001
-90.2699 300 700 500 0.001
18.1034 300 800 500 0.001
-3.09194 300 900 500 0.001
-0.490253 300 1000 500 0.001
44.6347 400 0 500 0.001
-454.13 400 100 500 0.001
1038.05 400 200 500 0.001
-4176.49 400 300 500 0.001
4839.14 400 400 500 0.001
-564.731 400 500 500 0.001
-32.1836 400 600 500 0.001
550.415 400 700 500 0.001
-79.6773 400 800 500 0.001
5.47076 400 900 500 0.001
0.3441 400 1000 500 0.001
-2.4207 500 0 500 0.001
42.0164 500 100 500 0.001
-1023.18 500 200 500 0.001
1017.31 500 300 500 0.001
-6821.7 500 400 500 0.001
1291.16 500 500 500 0.001
-149.221 500 600 500 0.001
-14.5312 500 700 500 0.001
43.1949 500 800 500 0.001
-32.8001 500 900 500 0.001
-0.70131 500 1000 500 0.001
1.5788 600 0 500 0.001
-17.0696 600 100 500 0.001
52.068 600 200 500 0.001
-320.24 600 300 500 0.001
3629.13 600 400 500 0.001
-2666.25 600 500 500 0.001
-165.422 600 600 500 0.001
105.249 600 700 500 0.001
-45.412 600 800 500 0.001
421.977 600 900 500 0.001
-21.1073 600 1000 500 0.001
1.43207 700 0 500 0.001
-17.4677 700 100 500 0.001
113.825 700 200 500 0.001
911.725 700 300 500 0.001
-1943.46 700 400 500 0.001
63.7955 700 500 500 0.001
2261.57 700 600 500 0.001
111.681 700 700 500 0.001
434.203 700 800 500 0.001
-4516.51 700 900 500 0.001
232.059 700 1000 500 0.001
-5.01924 800 0 500 0.001
-8.7197 800 100 500 0.001
395.795 800 200 500 0.001
-8764.91 800 300 500 0.001
455.956 800 400 500 0.001
95.4768 800 500 500 0.001
-856.853 800 600 500 0.001
1535.72 800 700 500 0.001
-1615.1 800 800 500 0.001
13959.2 800 900 500 0.001
-1205.6 800 1000 500 0.001
-1.29652 900 0 500 0.001
30.082 900 100 500 0.001
-294.619 900 200 500 0.001
188.801 900 300 500 0.001
-39.2626 900 400 500 0.001
154.952 900 500 500 0.001
9.28558 900 600 500 0.001
-0.62325 900 700 500 0.001
-90.1774 900 800 500 0.001
-33.5154 900 900 500 0.001
351.938 900 1000 500 0.001
0.0263707 1000 0 500 0.001
-8.63389 1000 100 500 0.001
28.726 1000 200 500 0.001
-54.7131 1000 300 500 0.001
33.891 1000 400 500 0.001
-45.1145 1000 500 500 0.001
9.99756 1000 600 500 0.001
-21.1542 1000 700 500 0.001
76.6253 1000 800 500 0.001
-67.4663 1000 900 500 0.001
-65.7887 1000 1000 500 0.001
-54.1839 0 0 600 0.001
332.746 0 100 600 0.001
-96.5403 0 200 600 0.001
74.9617 0 300 600 0.001
-36.5773 0 400 600 0.001
19.6329 0 500 600 0.001
0.092329 0 600 600 0.001
-0.829203 0 700 600 0.001
2.13211 0 800 600 0.001
-2.15829 0 900 600 0.001
-0.00313484 0 1000 600 0.001
56.9377 100 0 600 0.001
-299.052 100 100 600 0.001
150.109 100 200 600 0.001
-262.316 100 300 600 0.001
29.7033 100 400 600 0.001
-34.921 100 500 600 0.001
-9.04055 100 600 600 0.001
-2.47526 100 700 600 0.001
0.171005 100 800 600 0.001
0.468689 100 900 600 0.001
-1.14878 100 1000 600 0.001
-51.1598 200 0 600 0.001
297.676 200 100 600 0.001
-192.95 200 200 600 0.001
131.13 200 300 600 0.001
-21.5678 200 400 600 0.001
-83.1362 200 500 600 0.001
-1.5997 200 600 600 0.001
10.3347 200 700 600 0.001
-1.18378 200 800 600 0.001
0.0531172 200 900 600 0.001
-0.0480417 200 1000 600 0.001
81.2166 300 0 600 0.001
-295.417 300 100 600 0.001
1381.28 300 200 600 0.001
935.19 300 300 600 0.001
362.821 300 400 600 0.001
490.193 300 500 600 0.001
-8.95638 300 600 600 0.001
49.7344 300 700 600 0.001
-4.21962 300 800 600 0.001
-1.86421 300 900 600 0.001
0.373071 300 1000 600 0.001
-98.4167 400 0 600 0.001
445.069 400 100 600 0.001
-5086.25 400 200 600 0.001
37836 400 300 600 0.001
23250.9 400 400 600 0.001
-618.679 400 500 600 0.001
-13.4587 400 600 600 0.001
-226.257 400 700 600 0.001
-0.952444 400 800 600 0.001
5.52483 400 900 600 0.001
-4.06577 400 1000 600 0.001
-28.7104 500 0 600 0.001
73.5729 500 100 600 0.001
825.288 500 200 600 0.001
-3117.22 500 300 600 0.001
42107.1 500 400 600 0.001
-14655.4 500 500 600 0.001
939.921 500 600 600 0.001
-1210.11 500 700 600 0.001
53.0679 500 800 600 0.001
-104.965 500 900 600 0.001
14.2724 500 1000 600 0.001
-26.566 600 0 600 0.001
601.731 600 100 600 0.001
41.8537 600 200 600 0.001
578.713 600 300 600 0.001
-6279.86 600 400 600 0.001
3825.35 600 500 600 0.001
-619.628 600 600 600 0.001
66.2801 600 700 600 0.001
-129.364 600 800 600 0.001
61.5162 600 900 600 0.001
-28.1762 600 1000 600 0.001
20.494 700 0 600 0.001
-13.5378 700 100 600 0.001
25.5366 700 200 600 0.001
-15.057 700 300 600 0.001
851.779 700 400 600 0.001
-1029.29 700 500 600 0.001
75.5753 700 600 600 0.001
9.79934 700 700 600 0.001
-399.025 700 800 600 0.001
-1134.38 700 900 600 0.001
115.427 700 1000 600 0.001
-1.62999 800 0 600 0.001
41.2956 800 100 600 0.001
37.1949 800 200 600 0.001
89.1839 800 300 600 0.001
608.417 800 400 600 0.001
-251.908 800 500 600 0.001
4.7449 800 600 600 0.001
54.526 800 700 600 0.001
-816.58 800 800 600 0.001
-1627.92 800 900 600 0.001
1412.61 800 1000 600 0.001
-19.763 900 0 600 0.001
33.9829 900 100 600 0.001
-130.369 900 200 600 0.001
303.361 900 300 600 0.001
-662.451 900 400 600 0.001
-33.3642 900 500 600 0.001
-217.508 900 600 600 0.001
2.71305 900 700 600 0.001
81.1778 900 800 600 0.001
325.801 900 900 600 0.001
-157.243 900 1000 600 0.001
2.39331 1000 0 600 0.001
-3.67132 1000 100 600 0.001
6.15466 1000 200 600 0.001
-8.67874 1000 300 600 0.001
1.55679 1000 400 600 0.001
38.6547 1000 500 600 0.001
-99.3714 1000 600 600 0.001
143.533 1000 700 600 0.001
-8.59615 1000 800 600 0.001
-43.7128 1000 900 600 0.001
16.9988 1000 1000 600 0.001
171.58 0 0 700 0.001
-1405.13 0 100 700 0.001
1199.59 0 200 700 0.001
-216.733 0 300 700 0.001
115.849 0 400 700 0.001
-73.2415 0 500 700 0.001
5.52812 0 600 700 0.001
6.7337 0 700 700 0.001
-7.62609 0 800 700 0.001
0.909753 0 900 700 0.001
-0.555507 0 1000 700 0.001
-82.3652 100 0 700 0.001
652.298 100 100 700 0.001
-579.308 100 200 700 0.001
2221.62 100 300 700 0.001
-542.078 100 400 700 0.001
467.672 100 500 700 0.001
18.7858 100 600 700 0.001
17.192 100 700 700 0.001
-24.9938 100 800 700 0.001
-3.1834 100 900 700 0.001
0.37881 100 1000 700 0.001
153.042 200 0 700 0.001
-1468.02 200 100 700 0.001
1666.8 200 200 700 0.001
-1471.63 200 300 700 0.001
1475.75 200 400 700 0.001
-81.9543 200 500 700 0.001
49.6293 200 600 700 0.001
-56.7384 200 700 700 0.001
0.284709 200 800 700 0.001
-1.10189 200 900 700 0.001
-0.652008 200 1000 700 0.001
-47.3579 300 0 700 0.001
346.605 300 100 700 0.001
-2225.71 300 200 700 0.001
9108.52 300 300 700 0.001
1785.3 300 400 700 0.001
-339.124 300 500 700 0.001
-157.087 300 600 700 0.001
10.9035 300 700 700 0.001
-12.4334 300 800 700 0.001
8.23627 300 900 700 0.001
-0.130697 300 1000 700 0.001
-66.5457 400 0 700 0.001
-207.197 400 100 700 0.001
3203.49 400 200 700 0.001
-31911.8 400 300 700 0.001
-41875.7 400 400 700 0.001
4636.99 400 500 700 0.001
586.266 400 600 700 0.001
-142.513 400 700 700 0.001
14.7423 400 800 700 0.001
-13.6624 400 900 700 0.001
1.19608 400 1000 700 0.001
375.054 500 0 700 0.001
-2951.58 500 100 700 0.001
281.344 500 200 700 0.001
3870.9 500 300 700 0.001
-1256.94 500 400 700 0.001
143.309 500 500 700 0.001
-163.105 500 600 700 0.001
72.384 500 700 700 0.001
-83.9426 500 800 700 0.001
110.372 500 900 700 0.001
-13.5151 500 1000 700 0.001
-58.009 600 0 700 0.001
25.9865 600 100 700 0.001
427.924 600 200 700 0.001
-336.979 600 300 700 0.001
371.19 600 400 700 0.001
-1202.24 600 500 700 0.001
147.372 600 600 700 0.001
-186.394 600 700 700 0.001
2.56474 600 800 700 0.001
-77.6046 600 900 700 0.001
15.9578 600 1000 700 0.001
16.8233 700 0 700 0.001
-30.3834 700 100 700 0.001
288.079 700 200 700 0.001
-1043.01 700 300 700 0.001
1933.22 700 400 700 0.001
-179.384 700 500 700 0.001
-31.1481 700 600 700 0.001
36.3806 700 700 700 0.001
264.23 700 800 700 0.001
768.593 700 900 700 0.001
-211.199 700 1000 700 0.001
-28.3551 800 0 700 0.001
102.6 800 100 700 0.001
-3036.26 800 200 700 0.001
2713.3 800 300 700 0.001
-11275.7 800 400 700 0.001
1746.58 800 500 700 0.001
-321.166 800 600 700 0.001
-3.94358 800 700 700 0.001
28.5694 800 800 700 0.001
52.2019 800 900 700 0.001
-58.6378 800 1000 700 0.001
29.6148 900 0 700 0.001
-108.783 900 100 700 0.001
665.441 900 200 700 0.001
-2875.04 900 300 700 0.001
3246.95 900 400 700 0.001
-284.125 900 500 700 0.001
574.176 900 600 700 0.001
-111.758 900 700 700 0.001
-137.055 900 800 700 0.001
-82.4257 900 900 700 0.001
35.1624 900 1000 700 0.001
-3.08787 1000 0 700 0.001
26.0873 1000 100 700 0.001
-70.3272 1000 200 700 0.001
154.863 1000 300 700 0.001
-85.6903 1000 400 700 0.001
-103.96 1000 500 700 0.001
1188.87 1000 600 700 0.001
-294.578 1000 700 700 0.001
63.0748 1000 800 700 0.001
-12.3614 1000 900 700 0.001
-3.53683 1000 1000 700 0.001
-804.185 0 0 800 0.001
2147.86 0 100 800 0.001
-4643.55 0 200 800 0.001
228.278 0 300 800 0.001
-243.078 0 400 800 0.001
177.954 0 500 800 0.001
-88.5935 0 600 800 0.001
-47.2387 0 700 800 0.001
90.0316 0 800 800 0.001
-4.79508 0 900 800 0.001
0.745465 0 1000 800 0.001
828.821 100 0 800 0.001
-6175.08 100 100 800 0.001
1467.08 100 200 800 0.001
-6202.15 100 300 800 0.001
956.02 100 400 800 0.001
-1515.4 100 500 800 0.001
280.974 100 600 800 0.001
-11.8387 100 700 800 0.001
-123.253 100 800 800 0.001
5.60632 100 900 800 0.001
-4.67646 100 1000 800 0.001
-206.463 200 0 800 0.001
591.255 200 100 800 0.001
-5187.46 200 200 800 0.001
1852.48 200 300 800 0.001
-7229.96 200 400 800 0.001
1810.04 200 500 800 0.001
-464.611 200 600 800 0.001
489.939 200 700 800 0.001
4.833 200 800 800 0.001
-0.192435 200 900 800 0.001
0.443053 200 1000 800 0.001
330.211 300 0 800 0.001
-4592.84 300 100 800 0.001
-145.2 300 200 800 0.001
-1441.51 300 300 800 0.001
1217.03 300 400 800 0.001
-333.308 300 500 800 0.001
206.23 300 600 800 0.001
-135.774 300 700 800 0.001
28.0338 300 800 800 0.001
-8.99586 300 900 800 0.001
0.125821 300 1000 800 0.001
618.051 400 0 800 0.001
-825.822 400 100 800 0.001
9247.05 400 200 800 0.001
-966.583 400 300 800 0.001
20769.4 400 400 800 0.001
627.114 400 500 800 0.001
-182.407 400 600 800 0.001
159.666 400 700 800 0.001
9.89031 400 800 800 0.001
4.5889 400 900 800 0.001
-4.33114 400 1000 800 0.001
-1377.45 500 0 800 0.001
2216.06 500 100 800 0.001
-10457.1 500 200 800 0.001
-1160.62 500 300 800 0.001
-3298.84 500 400 800 0.001
1605.25 500 500 800 0.001
-505.148 500 600 800 0.001
-38.3996 500 700 800 0.001
55.8366 500 800 800 0.001
-6.84415 500 900 800 0.001
0.963999 500 1000 800 0.001
234.345 600 0 800 0.001
-436.792 600 100 800 0.001
-2047.19 600 200 800 0.001
5732.1 600 300 800 0.001
3739.42 600 400 800 0.001
-1696.15 600 500 800 0.001
953.989 600 600 800 0.001
85.7285 600 700 800 0.001
6.11678 600 800 800 0.001
11.866 600 900 800 0.001
0.516651 600 1000 800 0.001
-54.4463 700 0 800 0.001
407.852 700 100 800 0.001
-1638.46 700 200 800 0.001
4934.35 700 300 800 0.001
-5536.49 700 400 800 0.001
3847.33 700 500 800 0.001
-211.596 700 600 800 0.001
-2.40995 700 700 800 0.001
-611.059 700 800 800 0.001
-20.3763 700 900 800 0.001
13.3926 700 1000 800 0.001
172.289 800 0 800 0.001
-301.745 800 100 800 0.001
2723.17 800 200 800 0.001
-8265.28 800 300 800 0.001
13631.2 800 400 800 0.001
-16749.1 800 500 800 0.001
3383.54 800 600 800 0.001
110.582 800 700 800 0.001
-117.591 800 800 800 0.001
575.879 800 900 800 0.001
24.5323 800 1000 800 0.001
-22.495 900 0 800 0.001
88.1078 900 100 800 0.001
-381.327 900 200 800 0.001
12543.8 900 300 800 0.001
-21113.1 900 400 800 0.001
9055.58 900 500 800 0.001
-7466.66 900 600 800 0.001
1465.86 900 700 800 0.001
509.517 900 800 800 0.001
-306.1 900 900 800 0.001
55.2539 900 1000 800 0.001
1.49047 1000 0 800 0.001
-10.2057 1000 100 800 0.001
94.5307 1000 200 800 0.001
-318.385 1000 300 800 0.001
325.084 1000 400 800 0.001
816.838 1000 500 800 0.001
-2858.39 1000 600 800 0.001
2714.24 1000 700 800 0.001
-485.566 1000 800 800 0.001
264.109 1000 900 800 0.001
-98.851 1000 1000 800 0.001
2136.59 0 0 900 0.001
-2897.28 0 100 900 0.001
14511.8 0 200 900 0.001
-458.167 0 300 900 0.001
428.614 0 400 900 0.001
-669.895 0 500 900 0.001
138.742 0 600 900 0.001
163.898 0 700 900 0.001
-248.865 0 800 900 0.001
12.4344 0 900 900 0.001
-13.5136 0 1000 900 0.001
-2546.61 100 0 900 0.001
31287 100 100 900 0.001
-52520.9 100 200 900 0.001
3491.15 100 300 900 0.001
-2383.15 100 400 900 0.001
2412.7 100 500 900 0.001
-738.022 100 600 900 0.001
-145.527 100 700 900 0.001
2026.38 100 800 900 0.001
-116.229 100 900 900 0.001
114.908 100 1000 900 0.001
301.217 200 0 900 0.001
-757.702 200 100 900 0.001
3106.82 200 200 900 0.001
-7919.85 200 300 900 0.001
5017.5 200 400 900 0.001
-7710.32 200 500 900 0.001
1539.75 200 600 900 0.001
-485.066 200 700 900 0.001
134.361 200 800 900 0.001
2.7919 200 900 900 0.001
-5.34921 200 1000 900 0.001
-355.315 300 0 900 0.001
623.131 300 100 900 0.001
1359.82 300 200 900 0.001
5734.09 300 300 900 0.001
-33730.7 300 400 900 0.001
3167.15 300 500 900 0.001
-612.742 300 600 900 0.001
1346.23 300 700 900 0.001
-207.581 300 800 900 0.001
52.1729 300 900 900 0.001
-3.7301 300 1000 900 0.001
-449.924 400 0 900 0.001
1517.52 400 100 900 0.001
-14356.5 400 200 900 0.001
-8200.46 400 300 900 0.001
-404.636 400 400 900 0.001
-390.386 400 500 900 0.001
461.183 400 600 900 0.001
-1020.78 400 700 900 0.001
145.344 400 800 900 0.001
-25.8631 400 900 900 0.001
28.6319 400 1000 900 0.001
5406.3 500 0 900 0.001
-10916.4 500 100 900 0.001
107841 500 200 900 0.001
9679.29 500 300 900 0.001
3046.44 500 400 900 0.001
-1432.27 500 500 900 0.001
1109.17 500 600 900 0.001
183.927 500 700 900 0.001
-54.7989 500 800 900 0.001
22.2117 500 900 900 0.001
-13.7443 500 1000 900 0.001
-836.154 600 0 900 0.001
8807.19 600 100 900 0.001
8966.79 600 200 900 0.001
-63202.8 600 300 900 0.001
-16503.9 600 400 900 0.001
5000.65 600 500 900 0.001
-7743.79 600 600 900 0.001
-33.0326 600 700 900 0.001
32.3195 600 800 900 0.001
-11.7554 600 900 900 0.001
2.57167 600 1000 900 0.001
50.367 700 0 900 0.001
-379.447 700 100 900 0.001
2561.66 700 200 900 0.001
-5980.21 700 300 900 0.001
6148.36 700 400 900 0.001
-9637.4 700 500 900 0.001
2417.06 700 600 900 0.001
331.019 700 700 900 0.001
-77.4154 700 800 900 0.001
98.7692 700 900 900 0.001
-3.58169 700 1000 900 0.001
-398.737 800 0 900 0.001
2077.91 800 100 900 0.001
-2627.65 800 200 900 0.001
21259.6 800 300 900 0.001
-22086.8 800 400 900 0.001
11430.2 800 500 900 0.001
-19800.4 800 600 900 0.001
-2081.39 800 700 900 0.001
1027.13 800 800 900 0.001
-554.747 800 900 900 0.001
70.8611 800 1000 900 0.001
-10.3343 900 0 900 0.001
95.5003 900 100 900 0.001
-467.923 900 200 900 0.001
1841.82 900 300 900 0.001
146649 900 400 900 0.001
-53076.3 900 500 900 0.001
230895 900 600 900 0.001
11857.4 900 700 900 0.001
-4966.72 900 800 900 0.001
2105.25 900 900 900 0.001
-504.514 900 1000 900 0.001
-14.418 1000 0 900 0.001
81.0969 1000 100 900 0.001
-323.912 1000 200 900 0.001
1653.41 1000 300 900 0.001
-1266.94 1000 400 900 0.001
-5591.28 1000 500 900 0.001
22668.3 1000 600 900 0.001
-7806.2 1000 700 900 0.001
2725.74 1000 800 900 0.001
-2284.55 1000 900 900 0.001
722.798 1000 1000 900 0.001
0.5 0 0 1000 0.001
0.5 0 100 1000 0.001
0.5 0 200 1000 0.001
0.5 0 300 1000 0.001
0.5 0 400 1000 0.001
0.5 0 500 1000 0.001
0.5 0 600 1000 0.001
0.5 0 700 1000 0.001
0.5 0 800 1000 0.001
0.5 0 900 1000 0.001
0.5 0 1000 1000 0.001
0.5 100 0 1000 0.001
0.5 100 100 1000 0.001
0.5 100 200 1000 0.001
0.5 100 300 1000 0.001
0.5 100 400 1000 0.001
0.5 100 500 1000 0.001
0.5 100 600 1000 0.001
0.5 100 700 1000 0.001
0.5 100 800 1000 0.001
0.5 100 900 1000 0.001
0.5 100 1000 1000 0.001
0.5 200 0 1000 0.001
0.5 200 100 1000 0.001
0.5 200 200 1000 0.001
0.5 200 300 1000 0.001
0.5 200 400 1000 0.001
0.5 200 500 1000 0.001
0.5 200 600 1000 0.001
0.5 200 700 1000 0.001
0.5 200 800 1000 0.001
0.5 200 900 1000 0.001
0.5 200 1000 1000 0.001
0.5 300 0 1000 0.001
0.5 300 100 1000 0.001
0.5 300 200 1000 0.001
0.5 300 300 1000 0.001
0.5 300 400 1000 0.001
0.5 300 500 1000 0.001
0.5 300 600 1000 0.001
0.5 300 700 1000 0.001
0.5 300 800 1000 0.001
0.5 300 900 1000 0.001
0.5 300 1000 1000 0.001
0.5 400 0 1000 0.001
0.5 400 100 1000 0.001
0.5 400 200 1000 0.001
0.5 400 300 1000 0.001
0.5 400 400 1000 0.001
0.5 400 500 1000 0.001
0.5 400 600 1000 0.001
0.5 400 700 1000 0.001
0.5 400 800 1000 0.001
0.5 400 900 1000 0.001
0.5 400 1000 1000 0.001
0.5 500 0 1000 0.001
0.5 500 100 1000 0.001
0.5 500 200 1000 0.001
0.5 500 300 1000 0.001
0.5 500 400 1000 0.001
0.5 500 500 1000 0.001
0.5 500 600 1000 0.001
0.5 500 700 1000 0.001
0.5 500 800 1000 0.001
0.5 500 900 1000 0.001
0.5 500 1000 1000 0.001
0.5 600 0 1000 0.001
0.5 600 100 1000 0.001
0.5 600 200 1000 0.001
0.5 600 300 1000 0.001
0.5 600 400 1000 0.001
0.5 600 500 1000 0.001
0.5 600 600 1000 0.001
0.5 600 700 1000 0.001
0.5 600 800 1000 0.001
0.5 600 900 1000 0.001
0.5 600 1000 1000 0.001
0.5 700 0 1000 0.001
0.5 700 100 1000 0.001
0.5 700 200 1000 0.001
0.5 700 300 1000 0.001
0.5 700 400 1000 0.001
0.5 700 500 1000 0.001
0.5 700 600 1000 0.001
0.5 700 700 1000 0.001
0.5 700 800 1000 0.001
0.5 700 900 1000 0.001
0.5 700 1000 1000 0.001
0.5 800 0 1000 0.001
0.5 800 100 1000 0.001
0.5 800 200 1000 0.001
0.5 800 300 1000 0.001
0.5 800 400 1000 0.001
0.5 800 500 1000 0.001
0.5 800 600 1000 0.001
0.5 800 700 1000 0.001
0.5 800 800 1000 0.001
0.5 800 900 1000 0.001
0.5 800 1000 1000 0.001
0.5 900 0 1000 0.001
0.5 900 100 1000 0.001
0.5 900 200 1000 0.001
0.5 900 300 1000 0.001
0.5 900 400 1000 0.001
0.5 900 500 1000 0.001
0.5 900 600 1000 0.001
0.5 900 700 1000 0.001
0.5 900 800 1000 0.001
0.5 900 900 1000 0.001
0.5 900 1000 1000 0.001
0.5 1000 0 1000 0.001
0.5 1000 100 1000 0.001
0.5 1000 200 1000 0.001
0.5 1000 300 1000 0.001
0.5 1000 400 1000 0.001
0.5 1000 500 1000 0.001
0.5 1000 600 1000 0.001
0.5 1000 700 1000 0.001
0.5 1000 800 1000 0.001
0.5 1000 900 1000 0.001
0.5 1000 1000 1000 0.001
