0 1
100 -0.714853
200 -0.476019
300 -0.52262
400 -0.487604
500 -0.492919
600 -0.516736
700 -0.487807
800 -0.483766
900 -0.622831
1000 0.5
0 1
100 0.518924
200 0.418983
300 0.446466
400 0.361132
500 0.421313
600 0.529451
700 0.413298
800 0.450416
900 0.570806
1000 0.5
0 1
100 -12635.3
200 1527.74
300 425.956
400 63.474
500 -3.66173
600 653.326
700 -512.66
800 -104.405
900 2645.15
1000 0.5
0 1
100 -12635.3
200 1527.74
300 425.956
400 63.474
500 -3.66173
600 653.326
700 -512.66
800 -104.405
900 2645.15
1000 0.5
0 1
100 -12635.3
200 1527.74
300 425.956
400 63.474
500 -3.66173
600 653.326
700 -512.66
800 -104.405
900 2645.15
1000 0.5
0 1
100 -12635.3
200 1527.74
300 425.956
400 63.474
500 -3.66173
600 653.326
700 -512.66
800 -104.405
900 2645.15
1000 0.5
0 1
100 -12635.3
200 1527.74
300 425.956
400 63.474
500 -3.66173
600 653.326
700 -512.66
800 -104.405
900 2645.15
1000 0.5
0 1
100 -12635.3
200 1527.74
300 425.956
400 63.474
500 -3.66173
600 653.326
700 -512.66
800 -104.405
900 2645.15
1000 0.5
0 1
100 -12635.3
200 1527.74
300 425.956
400 63.474
500 -3.66173
600 653.326
700 -512.66
800 -104.405
900 2645.15
1000 0.5
0 1
100 -12635.3
200 1527.74
300 425.956
400 63.474
500 -3.66173
600 653.326
700 -512.66
800 -104.405
900 2645.15
1000 0.5
0 1
100 -12635.3
200 1527.74
300 425.956
400 63.474
500 -3.66173
600 653.326
700 -512.66
800 -104.405
900 2645.15
1000 0.5
0 1
100 -12635.3
200 1527.74
300 425.956
400 63.474
500 -3.66173
600 653.326
700 -512.66
800 -104.405
900 2645.15
1000 0.5
0 1
100 -12635.3
200 1527.74
300 425.956
400 63.474
500 -3.66173
600 653.326
700 -512.66
800 -104.405
900 2645.15
1000 0.5
0 1
100 -12635.3
200 1527.74
300 425.956
400 63.474
500 -3.66173
600 653.326
700 -512.66
800 -104.405
900 2645.15
1000 0.5
0 1
100 -12635.3
200 1527.74
300 425.956
400 63.474
500 -3.66173
600 653.326
700 -512.66
800 -104.405
900 2645.15
1000 0.5
0 1
100 -12635.3
200 1527.74
300 425.956
400 63.474
500 -3.66173
600 653.326
700 -512.66
800 -104.405
900 2645.15
1000 0.5
0 1
100 -12635.3
200 1527.74
300 425.956
400 63.474
500 -3.66173
600 653.326
700 -512.66
800 -104.405
900 2645.15
1000 0.5
0 1
100 -12635.3
200 1527.74
300 425.956
400 63.474
500 -3.66173
600 653.326
700 -512.66
800 -104.405
900 2645.15
1000 0.5
0 1
100 -12635.3
200 1527.74
300 425.956
400 63.474
500 -3.66173
600 653.326
700 -512.66
800 -104.405
900 2645.15
1000 0.5
0 1
100 -12635.3
200 1527.74
300 425.956
400 63.474
500 -3.66173
600 653.326
700 -512.66
800 -104.405
900 2645.15
1000 0.5
0 1
100 -12635.3
200 1527.74
300 425.956
400 63.474
500 -3.66173
600 653.326
700 -512.66
800 -104.405
900 2645.15
1000 0.5
0 1
100 -12635.3
200 1527.74
300 425.956
400 63.474
500 -3.66173
600 653.326
700 -512.66
800 -104.405
900 2645.15
1000 0.5
0 1
100 -12635.3
200 1527.74
300 425.956
400 63.474
500 -3.66173
600 653.326
700 -512.66
800 -104.405
900 2645.15
1000 0.5
0 1
100 -12635.3
200 1527.74
300 425.956
400 63.474
500 -3.66173
600 653.326
700 -512.66
800 -104.405
900 2645.15
1000 0.5
0 1
100 -12635.3
200 1527.74
300 425.956
400 63.474
500 -3.66173
600 653.326
700 -512.66
800 -104.405
900 2645.15
1000 0.5
0 1
100 -12635.3
200 1527.74
300 425.956
400 63.474
500 -3.66173
600 653.326
700 -512.66
800 -104.405
900 2645.15
1000 0.5
0 1
100 -12635.3
200 1527.74
300 425.956
400 63.474
500 -3.66173
600 653.326
700 -512.66
800 -104.405
900 2645.15
1000 0.5
0 1
100 -12635.3
200 1527.74
300 425.956
400 63.474
500 -3.66173
600 653.326
700 -512.66
800 -104.405
900 2645.15
1000 0.5
0 1
100 -12635.3
200 1527.74
300 425.956
400 63.474
500 -3.66173
600 653.326
700 -512.66
800 -104.405
900 2645.15
1000 0.5
0 1
100 -12635.3
200 1527.74
300 425.956
400 63.474
500 -3.66173
600 653.326
700 -512.66
800 -104.405
900 2645.15
1000 0.5
0 1
100 -12635.3
200 1527.74
300 425.956
400 63.474
500 -3.66173
600 653.326
700 -512.66
800 -104.405
900 2645.15
1000 0.5
0 1
100 -12635.3
200 1527.74
300 425.956
400 63.474
500 -3.66173
600 653.326
700 -512.66
800 -104.405
900 2645.15
1000 0.5
0 1
100 -12635.3
200 1527.74
300 425.956
400 63.474
500 -3.66173
600 653.326
700 -512.66
800 -104.405
900 2645.15
1000 0.5
0 1
100 -12635.3
200 1527.74
300 425.956
400 63.474
500 -3.66173
600 653.326
700 -512.66
800 -104.405
900 2645.15
1000 0.5
0 1
100 -12635.3
200 1527.74
300 425.956
400 63.474
500 -3.66173
600 653.326
700 -512.66
800 -104.405
900 2645.15
1000 0.5
0 1
100 -12635.3
200 1527.74
300 425.956
400 63.474
500 -3.66173
600 653.326
700 -512.66
800 -104.405
900 2645.15
1000 0.5
0 1
100 -12635.3
200 1527.74
300 425.956
400 63.474
500 -3.66173
600 653.326
700 -512.66
800 -104.405
900 2645.15
1000 0.5
0 1
100 -12635.3
200 1527.74
300 425.956
400 63.474
500 -3.66173
600 653.326
700 -512.66
800 -104.405
900 2645.15
1000 0.5
0 1
100 -12635.3
200 1527.74
300 425.956
400 63.474
500 -3.66173
600 653.326
700 -512.66
800 -104.405
900 2645.15
1000 0.5
0 1
100 -12635.3
200 1527.74
300 425.956
400 63.474
500 -3.66173
600 653.326
700 -512.66
800 -104.405
900 2645.15
1000 0.5
0 1
100 -12635.3
200 1527.74
300 425.956
400 63.474
500 -3.66173
600 653.326
700 -512.66
800 -104.405
900 2645.15
1000 0.5
0 1
100 -12635.3
200 1527.74
300 425.956
400 63.474
500 -3.66173
600 653.326
700 -512.66
800 -104.405
900 2645.15
1000 0.5
0 1
100 -12635.3
200 1527.74
300 425.956
400 63.474
500 -3.66173
600 653.326
700 -512.66
800 -104.405
900 2645.15
1000 0.5
0 1
100 -12635.3
200 1527.74
300 425.956
400 63.474
500 -3.66173
600 653.326
700 -512.66
800 -104.405
900 2645.15
1000 0.5
0 1
100 -12635.3
200 1527.74
300 425.956
400 63.474
500 -3.66173
600 653.326
700 -512.66
800 -104.405
900 2645.15
1000 0.5
0 1
100 -12635.3
200 1527.74
300 425.956
400 63.474
500 -3.66173
600 653.326
700 -512.66
800 -104.405
900 2645.15
1000 0.5
0 1
100 -12635.3
200 1527.74
300 425.956
400 63.474
500 -3.66173
600 653.326
700 -512.66
800 -104.405
900 2645.15
1000 0.5
0 1
100 -12635.3
200 1527.74
300 425.956
400 63.474
500 -3.66173
600 653.326
700 -512.66
800 -104.405
900 2645.15
1000 0.5
0 1
100 -12635.3
200 1527.74
300 425.956
400 63.474
500 -3.66173
600 653.326
700 -512.66
800 -104.405
900 2645.15
1000 0.5
0 1
100 -12635.3
200 1527.74
300 425.956
400 63.474
500 -3.66173
600 653.326
700 -512.66
800 -104.405
900 2645.15
1000 0.5
0 1
100 -12635.3
200 1527.74
300 425.956
400 63.474
500 -3.66173
600 653.326
700 -512.66
800 -104.405
900 2645.15
1000 0.5
0 1
100 -12635.3
200 1527.74
300 425.956
400 63.474
500 -3.66173
600 653.326
700 -512.66
800 -104.405
900 2645.15
1000 0.5
0 1
100 -12635.3
200 1527.74
300 425.956
400 63.474
500 -3.66173
600 653.326
700 -512.66
800 -104.405
900 2645.15
1000 0.5
0 1
100 -12635.3
200 1527.74
300 425.956
400 63.474
500 -3.66173
600 653.326
700 -512.66
800 -104.405
900 2645.15
1000 0.5
0 1
100 -12635.3
200 1527.74
300 425.956
400 63.474
500 -3.66173
600 653.326
700 -512.66
800 -104.405
900 2645.15
1000 0.5
0 1
100 -12635.3
200 1527.74
300 425.956
400 63.474
500 -3.66173
600 653.326
700 -512.66
800 -104.405
900 2645.15
1000 0.5
0 1
100 -12635.3
200 1527.74
300 425.956
400 63.474
500 -3.66173
600 653.326
700 -512.66
800 -104.405
900 2645.15
1000 0.5
0 1
100 -12635.3
200 1527.74
300 425.956
400 63.474
500 -3.66173
600 653.326
700 -512.66
800 -104.405
900 2645.15
1000 0.5
0 1
100 -12635.3
200 1527.74
300 425.956
400 63.474
500 -3.66173
600 653.326
700 -512.66
800 -104.405
900 2645.15
1000 0.5
0 1
100 -12635.3
200 1527.74
300 425.956
400 63.474
500 -3.66173
600 653.326
700 -512.66
800 -104.405
900 2645.15
1000 0.5
0 1
100 -12635.3
200 1527.74
300 425.956
400 63.474
500 -3.66173
600 653.326
700 -512.66
800 -104.405
900 2645.15
1000 0.5
0 1
100 -12635.3
200 1527.74
300 425.956
400 63.474
500 -3.66173
600 653.326
700 -512.66
800 -104.405
900 2645.15
1000 0.5
0 1
100 -12635.3
200 1527.74
300 425.956
400 63.474
500 -3.66173
600 653.326
700 -512.66
800 -104.405
900 2645.15
1000 0.5
0 1
100 -12635.3
200 1527.74
300 425.956
400 63.474
500 -3.66173
600 653.326
700 -512.66
800 -104.405
900 2645.15
1000 0.5
0 1
100 -12635.3
200 1527.74
300 425.956
400 63.474
500 -3.66173
600 653.326
700 -512.66
800 -104.405
900 2645.15
1000 0.5
0 1
100 -12635.3
200 1527.74
300 425.956
400 63.474
500 -3.66173
600 653.326
700 -512.66
800 -104.405
900 2645.15
1000 0.5
0 1
100 -12635.3
200 1527.74
300 425.956
400 63.474
500 -3.66173
600 653.326
700 -512.66
800 -104.405
900 2645.15
1000 0.5
0 1
100 -12635.3
200 1527.74
300 425.956
400 63.474
500 -3.66173
600 653.326
700 -512.66
800 -104.405
900 2645.15
1000 0.5
0 1
100 -12635.3
200 1527.74
300 425.956
400 63.474
500 -3.66173
600 653.326
700 -512.66
800 -104.405
900 2645.15
1000 0.5
0 1
100 -12635.3
200 1527.74
300 425.956
400 63.474
500 -3.66173
600 653.326
700 -512.66
800 -104.405
900 2645.15
1000 0.5
0 1
100 -12635.3
200 1527.74
300 425.956
400 63.474
500 -3.66173
600 653.326
700 -512.66
800 -104.405
900 2645.15
1000 0.5
0 1
100 -12635.3
200 1527.74
300 425.956
400 63.474
500 -3.66173
600 653.326
700 -512.66
800 -104.405
900 2645.15
1000 0.5
0 1
100 -12635.3
200 1527.74
300 425.956
400 63.474
500 -3.66173
600 653.326
700 -512.66
800 -104.405
900 2645.15
1000 0.5
0 1
100 -12635.3
200 1527.74
300 425.956
400 63.474
500 -3.66173
600 653.326
700 -512.66
800 -104.405
900 2645.15
1000 0.5
0 1
100 -12635.3
200 1527.74
300 425.956
400 63.474
500 -3.66173
600 653.326
700 -512.66
800 -104.405
900 2645.15
1000 0.5
0 1
100 -12635.3
200 1527.74
300 425.956
400 63.474
500 -3.66173
600 653.326
700 -512.66
800 -104.405
900 2645.15
1000 0.5
0 1
100 -12635.3
200 1527.74
300 425.956
400 63.474
500 -3.66173
600 653.326
700 -512.66
800 -104.405
900 2645.15
1000 0.5
0 1
100 -12635.3
200 1527.74
300 425.956
400 63.474
500 -3.66173
600 653.326
700 -512.66
800 -104.405
900 2645.15
1000 0.5
0 1
100 -12635.3
200 1527.74
300 425.956
400 63.474
500 -3.66173
600 653.326
700 -512.66
800 -104.405
900 2645.15
1000 0.5
0 1
100 -12635.3
200 1527.74
300 425.956
400 63.474
500 -3.66173
600 653.326
700 -512.66
800 -104.405
900 2645.15
1000 0.5
0 1
100 -12635.3
200 1527.74
300 425.956
400 63.474
500 -3.66173
600 653.326
700 -512.66
800 -104.405
900 2645.15
1000 0.5
0 1
100 -12635.3
200 1527.74
300 425.956
400 63.474
500 -3.66173
600 653.326
700 -512.66
800 -104.405
900 2645.15
1000 0.5
0 1
100 -12635.3
200 1527.74
300 425.956
400 63.474
500 -3.66173
600 653.326
700 -512.66
800 -104.405
900 2645.15
1000 0.5
0 1
100 -12635.3
200 1527.74
300 425.956
400 63.474
500 -3.66173
600 653.326
700 -512.66
800 -104.405
900 2645.15
1000 0.5
0 1
100 -12635.3
200 1527.74
300 425.956
400 63.474
500 -3.66173
600 653.326
700 -512.66
800 -104.405
900 2645.15
1000 0.5
0 1
100 -12635.3
200 1527.74
300 425.956
400 63.474
500 -3.66173
600 653.326
700 -512.66
800 -104.405
900 2645.15
1000 0.5
0 1
100 -12635.3
200 1527.74
300 425.956
400 63.474
500 -3.66173
600 653.326
700 -512.66
800 -104.405
900 2645.15
1000 0.5
0 1
100 -12635.3
200 1527.74
300 425.956
400 63.474
500 -3.66173
600 653.326
700 -512.66
800 -104.405
900 2645.15
1000 0.5
0 1
100 -12635.3
200 1527.74
300 425.956
400 63.474
500 -3.66173
600 653.326
700 -512.66
800 -104.405
900 2645.15
1000 0.5
0 1
100 -12635.3
200 1527.74
300 425.956
400 63.474
500 -3.66173
600 653.326
700 -512.66
800 -104.405
900 2645.15
1000 0.5
0 1
100 -12635.3
200 1527.74
300 425.956
400 63.474
500 -3.66173
600 653.326
700 -512.66
800 -104.405
900 2645.15
1000 0.5
0 1
100 -12635.3
200 1527.74
300 425.956
400 63.474
500 -3.66173
600 653.326
700 -512.66
800 -104.405
900 2645.15
1000 0.5
0 1
100 -12635.3
200 1527.74
300 425.956
400 63.474
500 -3.66173
600 653.326
700 -512.66
800 -104.405
900 2645.15
1000 0.5
0 1
100 -12635.3
200 1527.74
300 425.956
400 63.474
500 -3.66173
600 653.326
700 -512.66
800 -104.405
900 2645.15
1000 0.5
0 1
100 -12635.3
200 1527.74
300 425.956
400 63.474
500 -3.66173
600 653.326
700 -512.66
800 -104.405
900 2645.15
1000 0.5
0 1
100 -12635.3
200 1527.74
300 425.956
400 63.474
500 -3.66173
600 653.326
700 -512.66
800 -104.405
900 2645.15
1000 0.5
0 1
100 -12635.3
200 1527.74
300 425.956
400 63.474
500 -3.66173
600 653.326
700 -512.66
800 -104.405
900 2645.15
1000 0.5
0 1
100 -12635.3
200 1527.74
300 425.956
400 63.474
500 -3.66173
600 653.326
700 -512.66
800 -104.405
900 2645.15
1000 0.5
0 1
100 -12635.3
200 1527.74
300 425.956
400 63.474
500 -3.66173
600 653.326
700 -512.66
800 -104.405
900 2645.15
1000 0.5
