 53.312129 
 42.108831 
 73.355780 
 39.889081 
 46.171664 
 42.712729 
 43.297077 
 59.681571 
 64.242260 
 56.453176 
 59.001079 
 44.628010 
 42.386379 
 27.380072 
 37.970514 
 67.132280 
 47.970095 
 47.184413 
 63.628223 
 37.257705 
 44.472743 
 61.918129 
 46.943005 
 48.085283 
 45.841960 
 53.478391 
 55.125094 
 58.801530 
 38.807894 
 43.017821 
 46.565276 
 45.975357 
 38.343397 
 57.031841 
 54.339727 
 63.494639 
 50.150573 
 63.063001 
 41.123786 
 55.109328 
 49.318459 
 60.906058 
 37.947178 
 48.506361 
 32.736469 
 58.839728 
 53.749995 
 54.886820 
 32.677113 
 57.494599 
 56.614211 
 55.092068 
 73.260631 
 46.647057 
 44.885956 
 62.027627 
 36.796876 
 51.516354 
 35.022805 
 45.029757 
 51.210726 
 46.526027 
 65.515936 
 64.209815 
 35.687928 
 42.907805 
 60.461286 
 49.837679 
 65.422618 
 33.439339 
 47.583758 
 40.061657 
 43.728080 
 53.884398 
 45.491683 
 41.432636 
 44.995703 
 45.129045 
 46.956674 
 42.014932 
 55.096067 
 45.471654 
 44.966365 
 55.946502 
 52.957425 
 46.931607 
 43.867733 
 30.002758 
 53.984705 
 44.416590 
 43.878249 
 64.326574 
 64.721035 
 50.823340 
 45.422299 
 39.142565 
 70.666863 
 41.359926 
 50.527485 
 37.947666 
 53.820932 
 48.345664 
 59.687725 
 49.609156 
 47.475119 
 61.849277 
 50.595093 
 41.113993 
 35.469935 
 54.091561 
 35.993070 
 46.551523 
 54.917564 
 46.272074 
 66.765969 
 34.769777 
 52.194341 
 39.191996 
 36.726899 
 43.264266 
 67.049871 
 72.458653 
 46.997128 
 50.333634 
 46.138008 
 38.537974 
 60.757751 
 48.685126 
 57.461765 
 45.697591 
 43.161118 
 44.444795 
 46.128341 
 71.415567 
 63.375593 
 46.588562 
 46.466305 
 30.505998 
 57.240619 
 43.883559 
 55.458803 
 56.636915 
 48.284722 
 43.505393 
 100.107368 
 39.695815 
 63.571702 
 56.190779 
 36.658526 
 42.976816 
 49.754601 
 47.772089 
 42.240940 
 34.014823 
 39.895867 
 38.248101 
 50.273256 
 52.578160 
 47.375643 
 59.935211 
 53.367374 
 52.624037 
 50.855907 
 40.757119 
 66.444474 
 42.299693 
 59.666773 
 37.083658 
 45.118725 
 50.929001 
 57.366669 
 78.607838 
 40.278333 
 45.464395 
 52.305985 
 44.061344 
 59.658803 
 48.087432 
 58.311458 
 43.419753 
 44.358714 
 42.134871 
 47.427975 
 60.083996 
 59.890628 
 44.546554 
 37.966855 
 47.182811 
 69.327949 
 73.496083 
 57.616360 
 58.131454 
 48.013527 
 51.501991 
 48.571204 
 69.954049 
 43.628650 
 48.724420 
 55.551750 
 35.287124 
 46.169777 
 40.070606 
 51.511601 
 33.134510 
 55.580536 
 40.674336 
 44.442860 
 47.510687 
 56.247598 
 54.250576 
 43.109721 
 53.509173 
 48.714624 
 55.367452 
 51.816961 
 61.954516 
 31.623388 
 58.267299 
 40.707294 
 69.604476 
 43.880256 
 57.260659 
 50.407830 
 41.393398 
 45.440564 
 45.225959 
 41.363940 
 34.657240 
 34.160884 
 49.883600 
 40.344683 
 42.274641 
 43.727709 
 44.426400 
 52.845810 
 54.489651 
 49.250204 
 49.893099 
 48.963145 
 37.827688 
 51.222044 
 57.347444 
 43.818239 
 56.362510 
 59.990638 
 48.837285 
 34.060839 
 55.700538 
 46.066049 
 70.735137 
 53.251222 
 44.239180 
 60.954365 
 55.921783 
 50.921207 
 43.608940 
 53.138074 
 43.847642 
 45.197499 
 42.849616 
 53.945622 
 63.539271 
 34.428635 
 48.195879 
 44.509994 
 40.598309 
 36.839570 
 40.620005 
 43.265957 
 55.156132 
 50.080174 
 34.776733 
 33.813715 
 32.947950 
 48.588756 
 43.678464 
 43.367667 
 61.759618 
 37.689714 
 65.091883 
 55.537098 
 48.563586 
 73.964522 
 50.405218 
 75.758689 
 43.427687 
 44.834745 
 49.644991 
 57.560607 
 40.354468 
 65.359191 
 50.003105 
 59.187786 
 68.633296 
 62.840104 
 54.150010 
 42.521821 
 58.097323 
 42.541212 
 56.255898 
 50.527206 
 38.586621 
 49.535914 
 59.241181 
 70.839069 
 51.149913 
 47.717070 
 39.975898 
 38.334774 
 41.398759 
 55.883087 
 43.767632 
 49.301820 
 55.605425 
 52.954176 
 47.774692 
 45.079242 
 46.832395 
 58.447249 
 50.742888 
 30.792714 
 42.421395 
 38.247739 
 69.423089 
 34.623544 
 57.938277 
 51.612605 
 39.876217 
 58.801073 
 58.799346 
 42.190043 
 50.565930 
 40.188092 
 57.150485 
 48.564896 
 44.278276 
 43.929694 
 63.095284 
 67.863232 
 42.454031 
 85.073103 
 70.995200 
 47.210171 
 54.641990 
 39.907172 
 52.700609 
 43.336473 
 62.936070 
 56.403626 
 66.687511 
 65.437888 
 49.401206 
 43.171245 
 48.646794 
 42.802404 
 62.683482 
 77.619850 
 46.572958 
 62.926935 
 55.710457 
 37.593775 
 53.673322 
 43.881197 
 52.499474 
 46.515041 
 64.295131 
 58.299568 
 46.589848 
 41.779723 
 37.132096 
 41.762609 
 35.886487 
 37.123486 
 44.557409 
 56.652548 
 35.715734 
 60.538459 
 61.747965 
 67.394703 
 57.033451 
 58.502571 
 52.594098 
 63.052855 
 56.432871 
 45.635881 
 66.004374 
 59.853003 
 40.395686 
 92.030883 
 44.061022 
 50.505342 
 51.073923 
 46.994931 
 49.315790 
 50.462720 
 43.042606 
 52.359539 
 38.142459 
 69.068590 
 55.941639 
 46.509504 
 62.762671 
 34.065795 
 38.438457 
 72.306641 
 51.174395 
 46.920387 
 42.452106 
 51.812955 
 44.553660 
 35.037719 
 66.589943 
 44.708245 
 58.388873 
 42.572797 
 42.781655 
 47.655576 
 58.982673 
 48.044664 
 44.951637 
 59.099537 
 47.580167 
 45.410144 
 40.804511 
 50.142371 
 55.819736 
 69.326769 
 56.194772 
 51.532192 
 51.209861 
 47.214633 
 44.337125 
 67.852664 
 49.201290 
 45.629785 
 28.362819 
 45.246896 
 31.682512 
 64.588351 
 51.331003 
 38.964297 
 42.614663 
 48.871772 
 36.029475 
 56.245670 
 50.633119 
 59.526015 
 36.549388 
 45.719002 
 40.164249 
 55.021402 
 42.919197 
 66.814770 
 40.400942 
 32.974743 
 66.168131 
 40.354367 
 56.507438 
 53.373854 
 54.471604 
 53.136712 
 31.920408 
 54.882689 
 54.544273 
 49.713981 
 49.736626 
 54.710505 
 59.232886 
 46.747576 
 45.755355 
 50.156132 
 48.427186 
 59.112503 
 38.411968 
 61.719768 
 58.986398 
 59.430881 
 69.811082 
 55.029894 
 70.273778 
 36.907294 
 35.437465 
 50.826863 
 47.775325 
 40.108311 
 42.264765 
 72.634894 
 36.228461 
 59.775871 
 46.652085 
 61.502121 
 53.539115 
 61.280362 
 43.265967 
 50.483182 
 42.671497 
 41.573394 
 39.968606 
 43.761359 
 49.179961 
 38.228456 
 41.866890 
 54.813057 
 54.114239 
 73.380297 
 55.376694 
 38.979775 
 46.707706 
 45.739767 
 60.847716 
 52.776137 
 48.387985 
 53.486838 
 54.199319 
 57.013604 
 34.275249 
 47.792971 
 55.764213 
 40.623316 
 29.058097 
 51.712183 
 39.345088 
 65.273069 
 47.725834 
 50.250210 
 39.097709 
 39.459748 
 53.768015 
 40.421112 
 38.414259 
 54.117650 
 50.883067 
 57.049999 
 50.828475 
 64.676852 
 46.895117 
 40.772771 
 49.390427 
 62.880493 
 60.845583 
 40.264854 
 38.000832 
 46.835685 
 43.682905 
 41.386324 
 39.116710 
 39.273588 
 51.028627 
 50.054059 
 39.897182 
 37.067382 
 43.782813 
 50.126687 
 49.907685 
 59.813402 
 78.206994 
 51.909983 
 47.252709 
 46.259174 
 35.215675 
 55.918446 
 51.209811 
 51.412207 
 47.351768 
 44.730969 
 53.486652 
 56.998631 
 47.447285 
 38.118615 
 57.486644 
 49.157772 
 51.016678 
 41.686707 
 48.012123 
 48.014688 
 39.743453 
 63.166645 
 49.881890 
 50.601786 
 41.769203 
 55.519688 
 44.782231 
 64.200393 
 50.366372 
 73.169875 
 37.398067 
 44.090560 
 44.778170 
 47.049933 
 37.492803 
 42.153502 
 36.391548 
 57.359832 
 43.675801 
 51.985186 
 40.844539 
 45.837225 
 41.165923 
 50.303573 
 56.685908 
 41.574503 
 47.318448 
 51.760527 
 46.783713 
 50.716733 
 43.088306 
 48.930114 
 31.153582 
 53.316931 
 46.012128 
 33.789945 
 67.503444 
 50.897679 
 71.288194 
 41.919563 
 55.730984 
 59.288275 
 55.393207 
 38.681173 
 56.697827 
 46.996875 
 49.731183 
 63.464693 
 54.543371 
 60.382352 
 60.238735 
 55.282018 
 55.847289 
 55.894656 
 37.097383 
 34.396109 
 63.339467 
 68.890070 
 63.175225 
 53.985289 
 65.578130 
 44.309892 
 45.345603 
 70.913726 
 40.903440 
 62.859353 
 59.875477 
 36.372351 
 52.077839 
 46.971411 
 57.487679 
 58.071348 
 59.230241 
 61.796384 
 56.574510 
 49.584020 
 50.109655 
 46.127323 
 32.007591 
 36.682843 
 48.854277 
 34.502770 
 36.656088 
 37.743152 
 61.777039 
 51.731784 
 67.781284 
 36.727181 
 54.151727 
 51.789052 
 67.082263 
 41.989737 
 75.558479 
 51.114395 
 62.813345 
 71.244840 
 57.946389 
 69.678045 
 49.196198 
 59.536911 
 41.939447 
 41.748766 
 61.460630 
 51.562531 
 44.042234 
 63.853892 
 54.840813 
 44.681512 
 48.217836 
 34.943327 
 33.775836 
 33.350993 
 38.817326 
 36.795158 
 45.961456 
 46.373156 
 42.068237 
 44.558338 
 42.357925 
 27.867325 
 44.361028 
 28.386192 
 55.893050 
 46.327762 
 49.526763 
 39.700971 
 50.067769 
 46.049165 
 50.303456 
 45.517814 
 43.515226 
 34.066335 
 59.326508 
 54.920621 
 50.664232 
 45.221959 
 40.231678 
 49.551970 
 48.673692 
 47.494055 
 39.968923 
 37.923230 
 53.139367 
 49.547305 
 49.670698 
 60.942197 
 66.723835 
 72.986941 
 56.438899 
 47.005029 
 42.683765 
 57.683003 
 42.282951 
 61.782325 
 54.250735 
 42.072991 
 50.336639 
 45.216325 
 70.894076 
 32.910010 
 38.175109 
 49.070098 
 54.174562 
 46.118793 
 54.622888 
 54.075557 
 72.340229 
 54.695429 
 44.163782 
 49.895394 
 56.295461 
 55.607195 
 52.968327 
 58.302249 
 41.642600 
 31.343979 
 50.614994 
 44.417256 
 44.596298 
 79.820119 
 40.940716 
 57.274719 
 54.439890 
 49.882130 
 34.490113 
 56.182090 
 50.756140 
 49.336964 
 49.313053 
 34.092901 
 63.915691 
 45.125647 
 36.664313 
 51.808390 
 35.900258 
 40.960927 
 40.948959 
 51.598674 
 45.187414 
 36.204616 
 43.474356 
 42.511057 
 46.100247 
 45.275558 
 69.496718 
 45.854080 
 65.142366 
 54.955801 
 48.349079 
 54.404995 
 44.103699 
 47.839270 
 57.553173 
 38.456847 
 53.457360 
 40.996674 
 52.528249 
 44.104728 
 32.728516 
 44.396815 
 63.325499 
 58.529033 
 46.362744 
 56.267524 
 75.209712 
 35.365372 
 81.887195 
 52.406606 
 37.478055 
 44.384350 
 40.335056 
 67.386442 
 54.100646 
 48.135665 
 49.644207 
 46.549734 
 32.875732 
 53.312481 
 72.874790 
 57.551192 
 60.868610 
 45.808745 
 65.104278 
 68.606917 
 39.718671 
 72.620014 
 53.310661 
 45.723855 
 60.917500 
 39.564647 
 42.643703 
 51.532337 
 48.923072 
 61.603439 
 51.301109 
 45.489927 
 36.456709 
 40.368724 
 55.055282 
 53.222778 
 61.488761 
 40.803151 
 52.748481 
 25.587005 
 48.727605 
 46.979201 
 54.634066 
 59.416440 
 37.728470 
 73.164320 
 47.813358 
 64.402637 
 59.241844 
 36.398487 
 36.885682 
 60.746579 
 55.366480 
 55.698239 
 55.600434 
 45.142036 
 59.908541 
 49.449175 
 66.894480 
 68.372747 
 38.930593 
 58.767614 
 43.494479 
 46.391313 
 43.118418 
 37.905125 
 48.846513 
 33.466551 
 44.582638 
 54.506885 
 59.267189 
 41.481380 
 45.449232 
 43.595805 
 45.492432 
 69.821521 
 65.135740 
 51.952234 
 62.524578 
 59.141751 
 59.603442 
 60.286354 
 38.875302 
 48.606469 
 43.580565 
 72.150871 
 41.093320 
 53.664296 
 72.104463 
 42.438026 
 44.802150 
 34.476656 
 60.390380 
 41.095166 
 47.040304 
 40.595735 
 54.920747 
 40.325987 
 38.058835 
 41.122091 
 57.141659 
 55.016853 
 55.133488 
 57.209680 
 35.165569 
 65.288554 
 42.608288 
 45.492862 
 39.349671 
 60.543571 
 71.407542 
 38.951122 
 38.890619 
 41.290547 
 51.682923 
 60.594508 
 50.624337 
 47.584773 
 58.790255 
 43.133353 
 67.470432 
 43.130025 
 62.859767 
 58.227361 
 60.348067 
 40.228116 
 61.618357 
 53.895882 
 59.295354 
 45.911268 
 62.071885 
 51.971318 
 39.447379 
 54.372710 
 38.834624 
 39.710301 
 59.416683 
 41.198788 
 43.218059 
 46.191477 
 42.046129 
 42.530201 
 63.759220 
 43.662332 
 59.693420 
 58.678689 
 72.847110 
 45.442979 
 55.281562 
 46.705785 
 48.247998 
 53.265528 
 80.153657 
 49.292719 
 47.969020 
 42.620347 
 40.431013 
 58.068557 
 58.396860 
 37.807546 
 39.263276 
 43.589871 
 53.609172 
 69.489554 
 42.529545 
 51.169287 
 56.011780 
 35.007695 
 49.283501 
 47.687470 
 46.488617 
 39.868009 
 77.773509 
 52.711283 
 59.476050 
 37.039164 
 49.471822 
 43.545452 
 47.164873 
 63.845359 
 60.954974 
 46.574272 
 44.151985 
 36.263062 
 60.516176 
 34.441064 
 48.002859 
 59.602530 
 61.595860 
 72.258874 
 65.258380 
 51.738446 
 65.376535 
 41.263812 
 47.903862 
 38.944510 
 39.638692 
 46.771089 
 40.496678 
 36.218088 
 70.591279 
 46.430527 
 38.409260 
 30.523024 
 56.923749 
 52.290640 
 63.667026 
 64.274725 
 49.889755 
 63.124458 
 56.811880 
 48.252643 
 55.072962 
 45.157880 
 52.483523 
 44.130039 
 53.952054 
 42.495915 
 41.514676 
 61.412031 
 54.291655 
 30.699415 
 54.382870 
 37.473496 
 45.130121 
 57.841499 
 57.311535 
 39.554619 
 56.655429 
 47.149174 
 45.519862 
 33.887263 
 33.711278 
 48.587277 
 65.688616 
 52.476965 
 61.438911 
 52.169670 
 59.322749 
 53.908506 
 51.287199 
 50.551862 
 54.695137 
 47.212393 
 43.236736 
 61.554744 
 62.638475 
 52.739672 
 54.778091 
 42.866414 
 50.743563 
 49.997809 
 74.005284 
 43.240517 
 41.424974 
 46.216182 
 58.888071 
 44.479718 
 69.665181 
 45.982837 
 47.573774 
 43.628603 
 42.514386 
 54.399621 
 47.153729 
 50.894888 
 40.575382 
 37.990393 
 38.443760 
 40.451296 
 34.572489 
 38.407285 
 47.793332 
 53.753224 
 76.314900 
 38.883237 
 63.857038 
 53.778958 
 58.621250 
 63.583479 
 72.596387 
 51.011310 
 43.497950 
 53.770595 
 56.226661 
 53.988703 
 42.170866 
 52.314634 
 56.016967 
 49.135073 
 40.318731 
 63.872040 
 41.368702 
 58.901420 
 58.969340 
 49.654681 
 48.137807 
 47.110352 
 53.049638 
 61.781672 
 44.838045 
 57.252642 
 32.323724 
 35.643418 
 35.973356 
 52.950190 
 47.314526 
 46.402179 
 56.783450 
 34.285075 
 43.554085 
 29.940716 
 51.576559 
 59.147015 
 51.359697 
 45.787566 
 58.843232 
 44.263878 
 43.149350 
 52.184278 
 44.369809 
 44.254229 
 71.379510 
 42.649524 
 50.469571 
 51.421104 
 43.990622 
 43.386542 
 54.419567 
 62.082570 
 46.846822 
 49.092371 
 50.014264 
 73.009990 
 65.694074 
 66.905585 
 43.270708 
 45.934518 
 55.741185 
 58.253568 
 48.595302 
 44.192969 
 58.948985 
 60.600985 
 34.999351 
 41.105993 
 35.904838 
 39.462144 
 55.853921 
 56.727830 
 52.730161 
 51.798284 
 61.257756 
 43.342937 
 54.057283 
 44.169885 
 55.114597 
 34.441651 
 53.376097 
 40.685541 
 47.674937 
 52.360362 
 42.001061 
 40.319782 
 53.682112 
 61.977160 
 49.020039 
 69.652679 
 62.207577 
 49.917079 
 59.640296 
 59.840355 
 47.886616 
 60.887551 
 51.594092 
 47.206272 
 53.698873 
 68.742025 
 52.788904 
 45.222088 
 54.242144 
 45.586406 
 56.581872 
 58.659240 
 60.398688 
 36.629225 
 56.484698 
 50.020585 
 53.719473 
 49.146024 
 40.146977 
 42.991875 
 35.896612 
 42.016597 
 46.851064 
 34.259976 
 55.741794 
 50.175124 
 50.964817 
 49.116439 
 54.725405 
 49.653171 
 41.991177 
 32.787262 
 58.803219 
 42.001409 
 43.210318 
 49.600415 
 51.893690 
 41.819305 
 41.988301 
 42.560858 
 48.236115 
 58.481592 
 45.264625 
 44.534557 
 42.863307 
 40.951187 
 56.684748 
 64.876902 
 45.715969 
 38.582453 
 45.940717 
 57.765149 
 56.725832 
 46.210451 
 47.859577 
 39.726030 
 45.674104 
 46.677947 
 58.350471 
 54.689430 
 57.565438 
 46.364892 
 39.736355 
 53.466476 
 38.297233 
 51.729477 
 54.641576 
 88.308367 
 45.581121 
 47.494768 
 56.249384 
 60.521963 
 57.930255 
 37.345381 
 53.483147 
 44.720053 
 52.987224 
 41.360924 
 75.451152 
 54.914153 
 49.703387 
 69.847944 
 46.362950 
 45.434928 
 42.245102 
 43.176612 
 70.597566 
 52.467003 
 57.180937 
 72.172455 
 46.635288 
 55.670303 
 40.613505 
 40.996900 
 48.790893 
 59.603464 
 53.966875 
 43.461545 
 40.327863 
 45.966646 
 36.822499 
 44.194103 
 26.693886 
 50.757236 
 60.301870 
 41.169951 
 53.615346 
 66.063945 
 54.231370 
 55.519266 
 37.291140 
 42.301526 
 57.675884 
 58.574131 
 87.216728 
 34.001963 
 53.758530 
 40.904897 
 43.696026 
 44.722045 
 46.920979 
 41.442216 
 50.517485 
 59.964573 
 47.527769 
 42.767767 
 58.986101 
 52.696066 
 45.386481 
 35.494731 
 53.786062 
 68.453397 
 50.339635 
 47.155846 
 38.114200 
 44.656057 
 53.648923 
 34.285249 
 61.734437 
 53.735501 
 44.114884 
 34.370271 
 56.407868 
 57.471020 
 45.384092 
 53.543317 
 57.338548 
 58.813218 
 69.844969 
 48.172845 
 43.447599 
 49.750516 
 60.423824 
 58.698331 
 43.731400 
 46.972325 
 53.503028 
 42.136455 
 71.209010 
 50.325656 
