3630 
0 1
0 11
0 121
1 2
1 12
1 122
2 3
2 13
2 123
3 4
3 14
3 124
4 5
4 15
4 125
5 6
5 16
5 126
6 7
6 17
6 127
7 8
7 18
7 128
8 9
8 19
8 129
9 10
9 20
9 130
10 21
10 131
11 12
11 22
11 132
12 13
12 23
12 133
13 14
13 24
13 134
14 15
14 25
14 135
15 16
15 26
15 136
16 17
16 27
16 137
17 18
17 28
17 138
18 19
18 29
18 139
19 20
19 30
19 140
20 21
20 31
20 141
21 32
21 142
22 23
22 33
22 143
23 24
23 34
23 144
24 25
24 35
24 145
25 26
25 36
25 146
26 27
26 37
26 147
27 28
27 38
27 148
28 29
28 39
28 149
29 30
29 40
29 150
30 31
30 41
30 151
31 32
31 42
31 152
32 43
32 153
33 34
33 44
33 154
34 35
34 45
34 155
35 36
35 46
35 156
36 37
36 47
36 157
37 38
37 48
37 158
38 39
38 49
38 159
39 40
39 50
39 160
40 41
40 51
40 161
41 42
41 52
41 162
42 43
42 53
42 163
43 54
43 164
44 45
44 55
44 165
45 46
45 56
45 166
46 47
46 57
46 167
47 48
47 58
47 168
48 49
48 59
48 169
49 50
49 60
49 170
50 51
50 61
50 171
51 52
51 62
51 172
52 53
52 63
52 173
53 54
53 64
53 174
54 65
54 175
55 56
55 66
55 176
56 57
56 67
56 177
57 58
57 68
57 178
58 59
58 69
58 179
59 60
59 70
59 180
60 61
60 71
60 181
61 62
61 72
61 182
62 63
62 73
62 183
63 64
63 74
63 184
64 65
64 75
64 185
65 76
65 186
66 67
66 77
66 187
67 68
67 78
67 188
68 69
68 79
68 189
69 70
69 80
69 190
70 71
70 81
70 191
71 72
71 82
71 192
72 73
72 83
72 193
73 74
73 84
73 194
74 75
74 85
74 195
75 76
75 86
75 196
76 87
76 197
77 78
77 88
77 198
78 79
78 89
78 199
79 80
79 90
79 200
80 81
80 91
80 201
81 82
81 92
81 202
82 83
82 93
82 203
83 84
83 94
83 204
84 85
84 95
84 205
85 86
85 96
85 206
86 87
86 97
86 207
87 98
87 208
88 89
88 99
88 209
89 90
89 100
89 210
90 91
90 101
90 211
91 92
91 102
91 212
92 93
92 103
92 213
93 94
93 104
93 214
94 95
94 105
94 215
95 96
95 106
95 216
96 97
96 107
96 217
97 98
97 108
97 218
98 109
98 219
99 100
99 110
99 220
100 101
100 111
100 221
101 102
101 112
101 222
102 103
102 113
102 223
103 104
103 114
103 224
104 105
104 115
104 225
105 106
105 116
105 226
106 107
106 117
106 227
107 108
107 118
107 228
108 109
108 119
108 229
109 120
109 230
110 111
110 231
111 112
111 232
112 113
112 233
113 114
113 234
114 115
114 235
115 116
115 236
116 117
116 237
117 118
117 238
118 119
118 239
119 120
119 240
120 241
121 122
121 132
121 242
122 123
122 133
122 243
123 124
123 134
123 244
124 125
124 135
124 245
125 126
125 136
125 246
126 127
126 137
126 247
127 128
127 138
127 248
128 129
128 139
128 249
129 130
129 140
129 250
130 131
130 141
130 251
131 142
131 252
132 133
132 143
132 253
133 134
133 144
133 254
134 135
134 145
134 255
135 136
135 146
135 256
136 137
136 147
136 257
137 138
137 148
137 258
138 139
138 149
138 259
139 140
139 150
139 260
140 141
140 151
140 261
141 142
141 152
141 262
142 153
142 263
143 144
143 154
143 264
144 145
144 155
144 265
145 146
145 156
145 266
146 147
146 157
146 267
147 148
147 158
147 268
148 149
148 159
148 269
149 150
149 160
149 270
150 151
150 161
150 271
151 152
151 162
151 272
152 153
152 163
152 273
153 164
153 274
154 155
154 165
154 275
155 156
155 166
155 276
156 157
156 167
156 277
157 158
157 168
157 278
158 159
158 169
158 279
159 160
159 170
159 280
160 161
160 171
160 281
161 162
161 172
161 282
162 163
162 173
162 283
163 164
163 174
163 284
164 175
164 285
165 166
165 176
165 286
166 167
166 177
166 287
167 168
167 178
167 288
168 169
168 179
168 289
169 170
169 180
169 290
170 171
170 181
170 291
171 172
171 182
171 292
172 173
172 183
172 293
173 174
173 184
173 294
174 175
174 185
174 295
175 186
175 296
176 177
176 187
176 297
177 178
177 188
177 298
178 179
178 189
178 299
179 180
179 190
179 300
180 181
180 191
180 301
181 182
181 192
181 302
182 183
182 193
182 303
183 184
183 194
183 304
184 185
184 195
184 305
185 186
185 196
185 306
186 197
186 307
187 188
187 198
187 308
188 189
188 199
188 309
189 190
189 200
189 310
190 191
190 201
190 311
191 192
191 202
191 312
192 193
192 203
192 313
193 194
193 204
193 314
194 195
194 205
194 315
195 196
195 206
195 316
196 197
196 207
196 317
197 208
197 318
198 199
198 209
198 319
199 200
199 210
199 320
200 201
200 211
200 321
201 202
201 212
201 322
202 203
202 213
202 323
203 204
203 214
203 324
204 205
204 215
204 325
205 206
205 216
205 326
206 207
206 217
206 327
207 208
207 218
207 328
208 219
208 329
209 210
209 220
209 330
210 211
210 221
210 331
211 212
211 222
211 332
212 213
212 223
212 333
213 214
213 224
213 334
214 215
214 225
214 335
215 216
215 226
215 336
216 217
216 227
216 337
217 218
217 228
217 338
218 219
218 229
218 339
219 230
219 340
220 221
220 231
220 341
221 222
221 232
221 342
222 223
222 233
222 343
223 224
223 234
223 344
224 225
224 235
224 345
225 226
225 236
225 346
226 227
226 237
226 347
227 228
227 238
227 348
228 229
228 239
228 349
229 230
229 240
229 350
230 241
230 351
231 232
231 352
232 233
232 353
233 234
233 354
234 235
234 355
235 236
235 356
236 237
236 357
237 238
237 358
238 239
238 359
239 240
239 360
240 241
240 361
241 362
242 243
242 253
242 363
243 244
243 254
243 364
244 245
244 255
244 365
245 246
245 256
245 366
246 247
246 257
246 367
247 248
247 258
247 368
248 249
248 259
248 369
249 250
249 260
249 370
250 251
250 261
250 371
251 252
251 262
251 372
252 263
252 373
253 254
253 264
253 374
254 255
254 265
254 375
255 256
255 266
255 376
256 257
256 267
256 377
257 258
257 268
257 378
258 259
258 269
258 379
259 260
259 270
259 380
260 261
260 271
260 381
261 262
261 272
261 382
262 263
262 273
262 383
263 274
263 384
264 265
264 275
264 385
265 266
265 276
265 386
266 267
266 277
266 387
267 268
267 278
267 388
268 269
268 279
268 389
269 270
269 280
269 390
270 271
270 281
270 391
271 272
271 282
271 392
272 273
272 283
272 393
273 274
273 284
273 394
274 285
274 395
275 276
275 286
275 396
276 277
276 287
276 397
277 278
277 288
277 398
278 279
278 289
278 399
279 280
279 290
279 400
280 281
280 291
280 401
281 282
281 292
281 402
282 283
282 293
282 403
283 284
283 294
283 404
284 285
284 295
284 405
285 296
285 406
286 287
286 297
286 407
287 288
287 298
287 408
288 289
288 299
288 409
289 290
289 300
289 410
290 291
290 301
290 411
291 292
291 302
291 412
292 293
292 303
292 413
293 294
293 304
293 414
294 295
294 305
294 415
295 296
295 306
295 416
296 307
296 417
297 298
297 308
297 418
298 299
298 309
298 419
299 300
299 310
299 420
300 301
300 311
300 421
301 302
301 312
301 422
302 303
302 313
302 423
303 304
303 314
303 424
304 305
304 315
304 425
305 306
305 316
305 426
306 307
306 317
306 427
307 318
307 428
308 309
308 319
308 429
309 310
309 320
309 430
310 311
310 321
310 431
311 312
311 322
311 432
312 313
312 323
312 433
313 314
313 324
313 434
314 315
314 325
314 435
315 316
315 326
315 436
316 317
316 327
316 437
317 318
317 328
317 438
318 329
318 439
319 320
319 330
319 440
320 321
320 331
320 441
321 322
321 332
321 442
322 323
322 333
322 443
323 324
323 334
323 444
324 325
324 335
324 445
325 326
325 336
325 446
326 327
326 337
326 447
327 328
327 338
327 448
328 329
328 339
328 449
329 340
329 450
330 331
330 341
330 451
331 332
331 342
331 452
332 333
332 343
332 453
333 334
333 344
333 454
334 335
334 345
334 455
335 336
335 346
335 456
336 337
336 347
336 457
337 338
337 348
337 458
338 339
338 349
338 459
339 340
339 350
339 460
340 351
340 461
341 342
341 352
341 462
342 343
342 353
342 463
343 344
343 354
343 464
344 345
344 355
344 465
345 346
345 356
345 466
346 347
346 357
346 467
347 348
347 358
347 468
348 349
348 359
348 469
349 350
349 360
349 470
350 351
350 361
350 471
351 362
351 472
352 353
352 473
353 354
353 474
354 355
354 475
355 356
355 476
356 357
356 477
357 358
357 478
358 359
358 479
359 360
359 480
360 361
360 481
361 362
361 482
362 483
363 364
363 374
363 484
364 365
364 375
364 485
365 366
365 376
365 486
366 367
366 377
366 487
367 368
367 378
367 488
368 369
368 379
368 489
369 370
369 380
369 490
370 371
370 381
370 491
371 372
371 382
371 492
372 373
372 383
372 493
373 384
373 494
374 375
374 385
374 495
375 376
375 386
375 496
376 377
376 387
376 497
377 378
377 388
377 498
378 379
378 389
378 499
379 380
379 390
379 500
380 381
380 391
380 501
381 382
381 392
381 502
382 383
382 393
382 503
383 384
383 394
383 504
384 395
384 505
385 386
385 396
385 506
386 387
386 397
386 507
387 388
387 398
387 508
388 389
388 399
388 509
389 390
389 400
389 510
390 391
390 401
390 511
391 392
391 402
391 512
392 393
392 403
392 513
393 394
393 404
393 514
394 395
394 405
394 515
395 406
395 516
396 397
396 407
396 517
397 398
397 408
397 518
398 399
398 409
398 519
399 400
399 410
399 520
400 401
400 411
400 521
401 402
401 412
401 522
402 403
402 413
402 523
403 404
403 414
403 524
404 405
404 415
404 525
405 406
405 416
405 526
406 417
406 527
407 408
407 418
407 528
408 409
408 419
408 529
409 410
409 420
409 530
410 411
410 421
410 531
411 412
411 422
411 532
412 413
412 423
412 533
413 414
413 424
413 534
414 415
414 425
414 535
415 416
415 426
415 536
416 417
416 427
416 537
417 428
417 538
418 419
418 429
418 539
419 420
419 430
419 540
420 421
420 431
420 541
421 422
421 432
421 542
422 423
422 433
422 543
423 424
423 434
423 544
424 425
424 435
424 545
425 426
425 436
425 546
426 427
426 437
426 547
427 428
427 438
427 548
428 439
428 549
429 430
429 440
429 550
430 431
430 441
430 551
431 432
431 442
431 552
432 433
432 443
432 553
433 434
433 444
433 554
434 435
434 445
434 555
435 436
435 446
435 556
436 437
436 447
436 557
437 438
437 448
437 558
438 439
438 449
438 559
439 450
439 560
440 441
440 451
440 561
441 442
441 452
441 562
442 443
442 453
442 563
443 444
443 454
443 564
444 445
444 455
444 565
445 446
445 456
445 566
446 447
446 457
446 567
447 448
447 458
447 568
448 449
448 459
448 569
449 450
449 460
449 570
450 461
450 571
451 452
451 462
451 572
452 453
452 463
452 573
453 454
453 464
453 574
454 455
454 465
454 575
455 456
455 466
455 576
456 457
456 467
456 577
457 458
457 468
457 578
458 459
458 469
458 579
459 460
459 470
459 580
460 461
460 471
460 581
461 472
461 582
462 463
462 473
462 583
463 464
463 474
463 584
464 465
464 475
464 585
465 466
465 476
465 586
466 467
466 477
466 587
467 468
467 478
467 588
468 469
468 479
468 589
469 470
469 480
469 590
470 471
470 481
470 591
471 472
471 482
471 592
472 483
472 593
473 474
473 594
474 475
474 595
475 476
475 596
476 477
476 597
477 478
477 598
478 479
478 599
479 480
479 600
480 481
480 601
481 482
481 602
482 483
482 603
483 604
484 485
484 495
484 605
485 486
485 496
485 606
486 487
486 497
486 607
487 488
487 498
487 608
488 489
488 499
488 609
489 490
489 500
489 610
490 491
490 501
490 611
491 492
491 502
491 612
492 493
492 503
492 613
493 494
493 504
493 614
494 505
494 615
495 496
495 506
495 616
496 497
496 507
496 617
497 498
497 508
497 618
498 499
498 509
498 619
499 500
499 510
499 620
500 501
500 511
500 621
501 502
501 512
501 622
502 503
502 513
502 623
503 504
503 514
503 624
504 505
504 515
504 625
505 516
505 626
506 507
506 517
506 627
507 508
507 518
507 628
508 509
508 519
508 629
509 510
509 520
509 630
510 511
510 521
510 631
511 512
511 522
511 632
512 513
512 523
512 633
513 514
513 524
513 634
514 515
514 525
514 635
515 516
515 526
515 636
516 527
516 637
517 518
517 528
517 638
518 519
518 529
518 639
519 520
519 530
519 640
520 521
520 531
520 641
521 522
521 532
521 642
522 523
522 533
522 643
523 524
523 534
523 644
524 525
524 535
524 645
525 526
525 536
525 646
526 527
526 537
526 647
527 538
527 648
528 529
528 539
528 649
529 530
529 540
529 650
530 531
530 541
530 651
531 532
531 542
531 652
532 533
532 543
532 653
533 534
533 544
533 654
534 535
534 545
534 655
535 536
535 546
535 656
536 537
536 547
536 657
537 538
537 548
537 658
538 549
538 659
539 540
539 550
539 660
540 541
540 551
540 661
541 542
541 552
541 662
542 543
542 553
542 663
543 544
543 554
543 664
544 545
544 555
544 665
545 546
545 556
545 666
546 547
546 557
546 667
547 548
547 558
547 668
548 549
548 559
548 669
549 560
549 670
550 551
550 561
550 671
551 552
551 562
551 672
552 553
552 563
552 673
553 554
553 564
553 674
554 555
554 565
554 675
555 556
555 566
555 676
556 557
556 567
556 677
557 558
557 568
557 678
558 559
558 569
558 679
559 560
559 570
559 680
560 571
560 681
561 562
561 572
561 682
562 563
562 573
562 683
563 564
563 574
563 684
564 565
564 575
564 685
565 566
565 576
565 686
566 567
566 577
566 687
567 568
567 578
567 688
568 569
568 579
568 689
569 570
569 580
569 690
570 571
570 581
570 691
571 582
571 692
572 573
572 583
572 693
573 574
573 584
573 694
574 575
574 585
574 695
575 576
575 586
575 696
576 577
576 587
576 697
577 578
577 588
577 698
578 579
578 589
578 699
579 580
579 590
579 700
580 581
580 591
580 701
581 582
581 592
581 702
582 593
582 703
583 584
583 594
583 704
584 585
584 595
584 705
585 586
585 596
585 706
586 587
586 597
586 707
587 588
587 598
587 708
588 589
588 599
588 709
589 590
589 600
589 710
590 591
590 601
590 711
591 592
591 602
591 712
592 593
592 603
592 713
593 604
593 714
594 595
594 715
595 596
595 716
596 597
596 717
597 598
597 718
598 599
598 719
599 600
599 720
600 601
600 721
601 602
601 722
602 603
602 723
603 604
603 724
604 725
605 606
605 616
605 726
606 607
606 617
606 727
607 608
607 618
607 728
608 609
608 619
608 729
609 610
609 620
609 730
610 611
610 621
610 731
611 612
611 622
611 732
612 613
612 623
612 733
613 614
613 624
613 734
614 615
614 625
614 735
615 626
615 736
616 617
616 627
616 737
617 618
617 628
617 738
618 619
618 629
618 739
619 620
619 630
619 740
620 621
620 631
620 741
621 622
621 632
621 742
622 623
622 633
622 743
623 624
623 634
623 744
624 625
624 635
624 745
625 626
625 636
625 746
626 637
626 747
627 628
627 638
627 748
628 629
628 639
628 749
629 630
629 640
629 750
630 631
630 641
630 751
631 632
631 642
631 752
632 633
632 643
632 753
633 634
633 644
633 754
634 635
634 645
634 755
635 636
635 646
635 756
636 637
636 647
636 757
637 648
637 758
638 639
638 649
638 759
639 640
639 650
639 760
640 641
640 651
640 761
641 642
641 652
641 762
642 643
642 653
642 763
643 644
643 654
643 764
644 645
644 655
644 765
645 646
645 656
645 766
646 647
646 657
646 767
647 648
647 658
647 768
648 659
648 769
649 650
649 660
649 770
650 651
650 661
650 771
651 652
651 662
651 772
652 653
652 663
652 773
653 654
653 664
653 774
654 655
654 665
654 775
655 656
655 666
655 776
656 657
656 667
656 777
657 658
657 668
657 778
658 659
658 669
658 779
659 670
659 780
660 661
660 671
660 781
661 662
661 672
661 782
662 663
662 673
662 783
663 664
663 674
663 784
664 665
664 675
664 785
665 666
665 676
665 786
666 667
666 677
666 787
667 668
667 678
667 788
668 669
668 679
668 789
669 670
669 680
669 790
670 681
670 791
671 672
671 682
671 792
672 673
672 683
672 793
673 674
673 684
673 794
674 675
674 685
674 795
675 676
675 686
675 796
676 677
676 687
676 797
677 678
677 688
677 798
678 679
678 689
678 799
679 680
679 690
679 800
680 681
680 691
680 801
681 692
681 802
682 683
682 693
682 803
683 684
683 694
683 804
684 685
684 695
684 805
685 686
685 696
685 806
686 687
686 697
686 807
687 688
687 698
687 808
688 689
688 699
688 809
689 690
689 700
689 810
690 691
690 701
690 811
691 692
691 702
691 812
692 703
692 813
693 694
693 704
693 814
694 695
694 705
694 815
695 696
695 706
695 816
696 697
696 707
696 817
697 698
697 708
697 818
698 699
698 709
698 819
699 700
699 710
699 820
700 701
700 711
700 821
701 702
701 712
701 822
702 703
702 713
702 823
703 714
703 824
704 705
704 715
704 825
705 706
705 716
705 826
706 707
706 717
706 827
707 708
707 718
707 828
708 709
708 719
708 829
709 710
709 720
709 830
710 711
710 721
710 831
711 712
711 722
711 832
712 713
712 723
712 833
713 714
713 724
713 834
714 725
714 835
715 716
715 836
716 717
716 837
717 718
717 838
718 719
718 839
719 720
719 840
720 721
720 841
721 722
721 842
722 723
722 843
723 724
723 844
724 725
724 845
725 846
726 727
726 737
726 847
727 728
727 738
727 848
728 729
728 739
728 849
729 730
729 740
729 850
730 731
730 741
730 851
731 732
731 742
731 852
732 733
732 743
732 853
733 734
733 744
733 854
734 735
734 745
734 855
735 736
735 746
735 856
736 747
736 857
737 738
737 748
737 858
738 739
738 749
738 859
739 740
739 750
739 860
740 741
740 751
740 861
741 742
741 752
741 862
742 743
742 753
742 863
743 744
743 754
743 864
744 745
744 755
744 865
745 746
745 756
745 866
746 747
746 757
746 867
747 758
747 868
748 749
748 759
748 869
749 750
749 760
749 870
750 751
750 761
750 871
751 752
751 762
751 872
752 753
752 763
752 873
753 754
753 764
753 874
754 755
754 765
754 875
755 756
755 766
755 876
756 757
756 767
756 877
757 758
757 768
757 878
758 769
758 879
759 760
759 770
759 880
760 761
760 771
760 881
761 762
761 772
761 882
762 763
762 773
762 883
763 764
763 774
763 884
764 765
764 775
764 885
765 766
765 776
765 886
766 767
766 777
766 887
767 768
767 778
767 888
768 769
768 779
768 889
769 780
769 890
770 771
770 781
770 891
771 772
771 782
771 892
772 773
772 783
772 893
773 774
773 784
773 894
774 775
774 785
774 895
775 776
775 786
775 896
776 777
776 787
776 897
777 778
777 788
777 898
778 779
778 789
778 899
779 780
779 790
779 900
780 791
780 901
781 782
781 792
781 902
782 783
782 793
782 903
783 784
783 794
783 904
784 785
784 795
784 905
785 786
785 796
785 906
786 787
786 797
786 907
787 788
787 798
787 908
788 789
788 799
788 909
789 790
789 800
789 910
790 791
790 801
790 911
791 802
791 912
792 793
792 803
792 913
793 794
793 804
793 914
794 795
794 805
794 915
795 796
795 806
795 916
796 797
796 807
796 917
797 798
797 808
797 918
798 799
798 809
798 919
799 800
799 810
799 920
800 801
800 811
800 921
801 802
801 812
801 922
802 813
802 923
803 804
803 814
803 924
804 805
804 815
804 925
805 806
805 816
805 926
806 807
806 817
806 927
807 808
807 818
807 928
808 809
808 819
808 929
809 810
809 820
809 930
810 811
810 821
810 931
811 812
811 822
811 932
812 813
812 823
812 933
813 824
813 934
814 815
814 825
814 935
815 816
815 826
815 936
816 817
816 827
816 937
817 818
817 828
817 938
818 819
818 829
818 939
819 820
819 830
819 940
820 821
820 831
820 941
821 822
821 832
821 942
822 823
822 833
822 943
823 824
823 834
823 944
824 835
824 945
825 826
825 836
825 946
826 827
826 837
826 947
827 828
827 838
827 948
828 829
828 839
828 949
829 830
829 840
829 950
830 831
830 841
830 951
831 832
831 842
831 952
832 833
832 843
832 953
833 834
833 844
833 954
834 835
834 845
834 955
835 846
835 956
836 837
836 957
837 838
837 958
838 839
838 959
839 840
839 960
840 841
840 961
841 842
841 962
842 843
842 963
843 844
843 964
844 845
844 965
845 846
845 966
846 967
847 848
847 858
847 968
848 849
848 859
848 969
849 850
849 860
849 970
850 851
850 861
850 971
851 852
851 862
851 972
852 853
852 863
852 973
853 854
853 864
853 974
854 855
854 865
854 975
855 856
855 866
855 976
856 857
856 867
856 977
857 868
857 978
858 859
858 869
858 979
859 860
859 870
859 980
860 861
860 871
860 981
861 862
861 872
861 982
862 863
862 873
862 983
863 864
863 874
863 984
864 865
864 875
864 985
865 866
865 876
865 986
866 867
866 877
866 987
867 868
867 878
867 988
868 879
868 989
869 870
869 880
869 990
870 871
870 881
870 991
871 872
871 882
871 992
872 873
872 883
872 993
873 874
873 884
873 994
874 875
874 885
874 995
875 876
875 886
875 996
876 877
876 887
876 997
877 878
877 888
877 998
878 879
878 889
878 999
879 890
879 1000
880 881
880 891
880 1001
881 882
881 892
881 1002
882 883
882 893
882 1003
883 884
883 894
883 1004
884 885
884 895
884 1005
885 886
885 896
885 1006
886 887
886 897
886 1007
887 888
887 898
887 1008
888 889
888 899
888 1009
889 890
889 900
889 1010
890 901
890 1011
891 892
891 902
891 1012
892 893
892 903
892 1013
893 894
893 904
893 1014
894 895
894 905
894 1015
895 896
895 906
895 1016
896 897
896 907
896 1017
897 898
897 908
897 1018
898 899
898 909
898 1019
899 900
899 910
899 1020
900 901
900 911
900 1021
901 912
901 1022
902 903
902 913
902 1023
903 904
903 914
903 1024
904 905
904 915
904 1025
905 906
905 916
905 1026
906 907
906 917
906 1027
907 908
907 918
907 1028
908 909
908 919
908 1029
909 910
909 920
909 1030
910 911
910 921
910 1031
911 912
911 922
911 1032
912 923
912 1033
913 914
913 924
913 1034
914 915
914 925
914 1035
915 916
915 926
915 1036
916 917
916 927
916 1037
917 918
917 928
917 1038
918 919
918 929
918 1039
919 920
919 930
919 1040
920 921
920 931
920 1041
921 922
921 932
921 1042
922 923
922 933
922 1043
923 934
923 1044
924 925
924 935
924 1045
925 926
925 936
925 1046
926 927
926 937
926 1047
927 928
927 938
927 1048
928 929
928 939
928 1049
929 930
929 940
929 1050
930 931
930 941
930 1051
931 932
931 942
931 1052
932 933
932 943
932 1053
933 934
933 944
933 1054
934 945
934 1055
935 936
935 946
935 1056
936 937
936 947
936 1057
937 938
937 948
937 1058
938 939
938 949
938 1059
939 940
939 950
939 1060
940 941
940 951
940 1061
941 942
941 952
941 1062
942 943
942 953
942 1063
943 944
943 954
943 1064
944 945
944 955
944 1065
945 956
945 1066
946 947
946 957
946 1067
947 948
947 958
947 1068
948 949
948 959
948 1069
949 950
949 960
949 1070
950 951
950 961
950 1071
951 952
951 962
951 1072
952 953
952 963
952 1073
953 954
953 964
953 1074
954 955
954 965
954 1075
955 956
955 966
955 1076
956 967
956 1077
957 958
957 1078
958 959
958 1079
959 960
959 1080
960 961
960 1081
961 962
961 1082
962 963
962 1083
963 964
963 1084
964 965
964 1085
965 966
965 1086
966 967
966 1087
967 1088
968 969
968 979
968 1089
969 970
969 980
969 1090
970 971
970 981
970 1091
971 972
971 982
971 1092
972 973
972 983
972 1093
973 974
973 984
973 1094
974 975
974 985
974 1095
975 976
975 986
975 1096
976 977
976 987
976 1097
977 978
977 988
977 1098
978 989
978 1099
979 980
979 990
979 1100
980 981
980 991
980 1101
981 982
981 992
981 1102
982 983
982 993
982 1103
983 984
983 994
983 1104
984 985
984 995
984 1105
985 986
985 996
985 1106
986 987
986 997
986 1107
987 988
987 998
987 1108
988 989
988 999
988 1109
989 1000
989 1110
990 991
990 1001
990 1111
991 992
991 1002
991 1112
992 993
992 1003
992 1113
993 994
993 1004
993 1114
994 995
994 1005
994 1115
995 996
995 1006
995 1116
996 997
996 1007
996 1117
997 998
997 1008
997 1118
998 999
998 1009
998 1119
999 1000
999 1010
999 1120
1000 1011
1000 1121
1001 1002
1001 1012
1001 1122
1002 1003
1002 1013
1002 1123
1003 1004
1003 1014
1003 1124
1004 1005
1004 1015
1004 1125
1005 1006
1005 1016
1005 1126
1006 1007
1006 1017
1006 1127
1007 1008
1007 1018
1007 1128
1008 1009
1008 1019
1008 1129
1009 1010
1009 1020
1009 1130
1010 1011
1010 1021
1010 1131
1011 1022
1011 1132
1012 1013
1012 1023
1012 1133
1013 1014
1013 1024
1013 1134
1014 1015
1014 1025
1014 1135
1015 1016
1015 1026
1015 1136
1016 1017
1016 1027
1016 1137
1017 1018
1017 1028
1017 1138
1018 1019
1018 1029
1018 1139
1019 1020
1019 1030
1019 1140
1020 1021
1020 1031
1020 1141
1021 1022
1021 1032
1021 1142
1022 1033
1022 1143
1023 1024
1023 1034
1023 1144
1024 1025
1024 1035
1024 1145
1025 1026
1025 1036
1025 1146
1026 1027
1026 1037
1026 1147
1027 1028
1027 1038
1027 1148
1028 1029
1028 1039
1028 1149
1029 1030
1029 1040
1029 1150
1030 1031
1030 1041
1030 1151
1031 1032
1031 1042
1031 1152
1032 1033
1032 1043
1032 1153
1033 1044
1033 1154
1034 1035
1034 1045
1034 1155
1035 1036
1035 1046
1035 1156
1036 1037
1036 1047
1036 1157
1037 1038
1037 1048
1037 1158
1038 1039
1038 1049
1038 1159
1039 1040
1039 1050
1039 1160
1040 1041
1040 1051
1040 1161
1041 1042
1041 1052
1041 1162
1042 1043
1042 1053
1042 1163
1043 1044
1043 1054
1043 1164
1044 1055
1044 1165
1045 1046
1045 1056
1045 1166
1046 1047
1046 1057
1046 1167
1047 1048
1047 1058
1047 1168
1048 1049
1048 1059
1048 1169
1049 1050
1049 1060
1049 1170
1050 1051
1050 1061
1050 1171
1051 1052
1051 1062
1051 1172
1052 1053
1052 1063
1052 1173
1053 1054
1053 1064
1053 1174
1054 1055
1054 1065
1054 1175
1055 1066
1055 1176
1056 1057
1056 1067
1056 1177
1057 1058
1057 1068
1057 1178
1058 1059
1058 1069
1058 1179
1059 1060
1059 1070
1059 1180
1060 1061
1060 1071
1060 1181
1061 1062
1061 1072
1061 1182
1062 1063
1062 1073
1062 1183
1063 1064
1063 1074
1063 1184
1064 1065
1064 1075
1064 1185
1065 1066
1065 1076
1065 1186
1066 1077
1066 1187
1067 1068
1067 1078
1067 1188
1068 1069
1068 1079
1068 1189
1069 1070
1069 1080
1069 1190
1070 1071
1070 1081
1070 1191
1071 1072
1071 1082
1071 1192
1072 1073
1072 1083
1072 1193
1073 1074
1073 1084
1073 1194
1074 1075
1074 1085
1074 1195
1075 1076
1075 1086
1075 1196
1076 1077
1076 1087
1076 1197
1077 1088
1077 1198
1078 1079
1078 1199
1079 1080
1079 1200
1080 1081
1080 1201
1081 1082
1081 1202
1082 1083
1082 1203
1083 1084
1083 1204
1084 1085
1084 1205
1085 1086
1085 1206
1086 1087
1086 1207
1087 1088
1087 1208
1088 1209
1089 1090
1089 1100
1089 1210
1090 1091
1090 1101
1090 1211
1091 1092
1091 1102
1091 1212
1092 1093
1092 1103
1092 1213
1093 1094
1093 1104
1093 1214
1094 1095
1094 1105
1094 1215
1095 1096
1095 1106
1095 1216
1096 1097
1096 1107
1096 1217
1097 1098
1097 1108
1097 1218
1098 1099
1098 1109
1098 1219
1099 1110
1099 1220
1100 1101
1100 1111
1100 1221
1101 1102
1101 1112
1101 1222
1102 1103
1102 1113
1102 1223
1103 1104
1103 1114
1103 1224
1104 1105
1104 1115
1104 1225
1105 1106
1105 1116
1105 1226
1106 1107
1106 1117
1106 1227
1107 1108
1107 1118
1107 1228
1108 1109
1108 1119
1108 1229
1109 1110
1109 1120
1109 1230
1110 1121
1110 1231
1111 1112
1111 1122
1111 1232
1112 1113
1112 1123
1112 1233
1113 1114
1113 1124
1113 1234
1114 1115
1114 1125
1114 1235
1115 1116
1115 1126
1115 1236
1116 1117
1116 1127
1116 1237
1117 1118
1117 1128
1117 1238
1118 1119
1118 1129
1118 1239
1119 1120
1119 1130
1119 1240
1120 1121
1120 1131
1120 1241
1121 1132
1121 1242
1122 1123
1122 1133
1122 1243
1123 1124
1123 1134
1123 1244
1124 1125
1124 1135
1124 1245
1125 1126
1125 1136
1125 1246
1126 1127
1126 1137
1126 1247
1127 1128
1127 1138
1127 1248
1128 1129
1128 1139
1128 1249
1129 1130
1129 1140
1129 1250
1130 1131
1130 1141
1130 1251
1131 1132
1131 1142
1131 1252
1132 1143
1132 1253
1133 1134
1133 1144
1133 1254
1134 1135
1134 1145
1134 1255
1135 1136
1135 1146
1135 1256
1136 1137
1136 1147
1136 1257
1137 1138
1137 1148
1137 1258
1138 1139
1138 1149
1138 1259
1139 1140
1139 1150
1139 1260
1140 1141
1140 1151
1140 1261
1141 1142
1141 1152
1141 1262
1142 1143
1142 1153
1142 1263
1143 1154
1143 1264
1144 1145
1144 1155
1144 1265
1145 1146
1145 1156
1145 1266
1146 1147
1146 1157
1146 1267
1147 1148
1147 1158
1147 1268
1148 1149
1148 1159
1148 1269
1149 1150
1149 1160
1149 1270
1150 1151
1150 1161
1150 1271
1151 1152
1151 1162
1151 1272
1152 1153
1152 1163
1152 1273
1153 1154
1153 1164
1153 1274
1154 1165
1154 1275
1155 1156
1155 1166
1155 1276
1156 1157
1156 1167
1156 1277
1157 1158
1157 1168
1157 1278
1158 1159
1158 1169
1158 1279
1159 1160
1159 1170
1159 1280
1160 1161
1160 1171
1160 1281
1161 1162
1161 1172
1161 1282
1162 1163
1162 1173
1162 1283
1163 1164
1163 1174
1163 1284
1164 1165
1164 1175
1164 1285
1165 1176
1165 1286
1166 1167
1166 1177
1166 1287
1167 1168
1167 1178
1167 1288
1168 1169
1168 1179
1168 1289
1169 1170
1169 1180
1169 1290
1170 1171
1170 1181
1170 1291
1171 1172
1171 1182
1171 1292
1172 1173
1172 1183
1172 1293
1173 1174
1173 1184
1173 1294
1174 1175
1174 1185
1174 1295
1175 1176
1175 1186
1175 1296
1176 1187
1176 1297
1177 1178
1177 1188
1177 1298
1178 1179
1178 1189
1178 1299
1179 1180
1179 1190
1179 1300
1180 1181
1180 1191
1180 1301
1181 1182
1181 1192
1181 1302
1182 1183
1182 1193
1182 1303
1183 1184
1183 1194
1183 1304
1184 1185
1184 1195
1184 1305
1185 1186
1185 1196
1185 1306
1186 1187
1186 1197
1186 1307
1187 1198
1187 1308
1188 1189
1188 1199
1188 1309
1189 1190
1189 1200
1189 1310
1190 1191
1190 1201
1190 1311
1191 1192
1191 1202
1191 1312
1192 1193
1192 1203
1192 1313
1193 1194
1193 1204
1193 1314
1194 1195
1194 1205
1194 1315
1195 1196
1195 1206
1195 1316
1196 1197
1196 1207
1196 1317
1197 1198
1197 1208
1197 1318
1198 1209
1198 1319
1199 1200
1199 1320
1200 1201
1200 1321
1201 1202
1201 1322
1202 1203
1202 1323
1203 1204
1203 1324
1204 1205
1204 1325
1205 1206
1205 1326
1206 1207
1206 1327
1207 1208
1207 1328
1208 1209
1208 1329
1209 1330
1210 1211
1210 1221
1211 1212
1211 1222
1212 1213
1212 1223
1213 1214
1213 1224
1214 1215
1214 1225
1215 1216
1215 1226
1216 1217
1216 1227
1217 1218
1217 1228
1218 1219
1218 1229
1219 1220
1219 1230
1220 1231
1221 1222
1221 1232
1222 1223
1222 1233
1223 1224
1223 1234
1224 1225
1224 1235
1225 1226
1225 1236
1226 1227
1226 1237
1227 1228
1227 1238
1228 1229
1228 1239
1229 1230
1229 1240
1230 1231
1230 1241
1231 1242
1232 1233
1232 1243
1233 1234
1233 1244
1234 1235
1234 1245
1235 1236
1235 1246
1236 1237
1236 1247
1237 1238
1237 1248
1238 1239
1238 1249
1239 1240
1239 1250
1240 1241
1240 1251
1241 1242
1241 1252
1242 1253
1243 1244
1243 1254
1244 1245
1244 1255
1245 1246
1245 1256
1246 1247
1246 1257
1247 1248
1247 1258
1248 1249
1248 1259
1249 1250
1249 1260
1250 1251
1250 1261
1251 1252
1251 1262
1252 1253
1252 1263
1253 1264
1254 1255
1254 1265
1255 1256
1255 1266
1256 1257
1256 1267
1257 1258
1257 1268
1258 1259
1258 1269
1259 1260
1259 1270
1260 1261
1260 1271
1261 1262
1261 1272
1262 1263
1262 1273
1263 1264
1263 1274
1264 1275
1265 1266
1265 1276
1266 1267
1266 1277
1267 1268
1267 1278
1268 1269
1268 1279
1269 1270
1269 1280
1270 1271
1270 1281
1271 1272
1271 1282
1272 1273
1272 1283
1273 1274
1273 1284
1274 1275
1274 1285
1275 1286
1276 1277
1276 1287
1277 1278
1277 1288
1278 1279
1278 1289
1279 1280
1279 1290
1280 1281
1280 1291
1281 1282
1281 1292
1282 1283
1282 1293
1283 1284
1283 1294
1284 1285
1284 1295
1285 1286
1285 1296
1286 1297
1287 1288
1287 1298
1288 1289
1288 1299
1289 1290
1289 1300
1290 1291
1290 1301
1291 1292
1291 1302
1292 1293
1292 1303
1293 1294
1293 1304
1294 1295
1294 1305
1295 1296
1295 1306
1296 1297
1296 1307
1297 1308
1298 1299
1298 1309
1299 1300
1299 1310
1300 1301
1300 1311
1301 1302
1301 1312
1302 1303
1302 1313
1303 1304
1303 1314
1304 1305
1304 1315
1305 1306
1305 1316
1306 1307
1306 1317
1307 1308
1307 1318
1308 1319
1309 1310
1309 1320
1310 1311
1310 1321
1311 1312
1311 1322
1312 1313
1312 1323
1313 1314
1313 1324
1314 1315
1314 1325
1315 1316
1315 1326
1316 1317
1316 1327
1317 1318
1317 1328
1318 1319
1318 1329
1319 1330
1320 1321
1321 1322
1322 1323
1323 1324
1324 1325
1325 1326
1326 1327
1327 1328
1328 1329
1329 1330
